date,txf_dealer_long_oi,txf_dealer_short_oi,txf_dealer_net_oi,txf_foreigner_long_oi,txf_foreigner_short_oi,txf_foreigner_net_oi,txf_trust_long_oi,txf_trust_short_oi,txf_trust_net_oi,txf_long_oi,txf_short_oi,txf_net_oi,mxf_dealer_long_oi,mxf_dealer_short_oi,mxf_dealer_net_oi,mxf_foreigner_long_oi,mxf_foreigner_short_oi,mxf_foreigner_net_oi,mxf_trust_long_oi,mxf_trust_short_oi,mxf_trust_net_oi,mxf_long_oi,mxf_short_oi,mxf_net_oi,open,high,low,close,volume
2008-04-21,6850,2769,4081,29147,35186,-6039,374,3328,-2954,36371,41283,-4912,1659,3147,-1488,0,138,-138,0,15,-15,1659,3300,-1641,9168.0,9174.0,9044.0,9082.0,49855
2008-04-22,6660,3331,3329,28689,35871,-7182,261,3253,-2992,35610,42455,-6845,1829,3387,-1558,0,368,-368,0,12,-12,1829,3767,-1938,9056.0,9076.0,8977.0,9030.0,49137
2008-04-23,6968,3286,3682,28352,39027,-10675,280,3454,-3174,35600,45767,-10167,1806,3473,-1667,0,64,-64,0,15,-15,1806,3552,-1746,9055.0,9093.0,8945.0,8984.0,68333
2008-04-24,6060,3021,3039,29542,38203,-8661,288,3345,-3057,35890,44569,-8679,2414,3510,-1096,306,0,306,0,15,-15,2720,3525,-805,8966.0,9045.0,8955.0,8978.0,50961
2008-04-25,6784,3760,3024,29788,38016,-8228,236,3543,-3307,36808,45319,-8511,2889,3808,-919,1,177,-176,0,9,-9,2890,3994,-1104,9052.0,9068.0,8950.0,8988.0,54703
2008-04-28,9091,4275,4816,30473,36881,-6408,240,3559,-3319,39804,44715,-4911,4756,3698,1058,360,7,353,0,12,-12,5116,3717,1399,8998.0,9092.0,8973.0,9090.0,54693
2008-04-29,7462,4715,2747,29985,39049,-9064,272,3864,-3592,37719,47628,-9909,3857,4516,-659,1,200,-199,0,12,-12,3858,4728,-870,9090.0,9100.0,8872.0,8920.0,62994
2008-04-30,7121,4678,2443,30623,39417,-8794,280,4184,-3904,38024,48279,-10255,4526,4636,-110,299,0,299,0,9,-9,4825,4645,180,8910.0,8986.0,8895.0,8937.0,48508
2008-05-02,7994,4086,3908,31780,39355,-7575,361,4166,-3805,40135,47607,-7472,2460,2736,-276,298,179,119,0,9,-9,2758,2924,-166,9021.0,9040.0,8936.0,9009.0,45415
2008-05-05,4883,5344,-461,31216,40588,-9372,581,4191,-3610,36680,50123,-13443,1895,2860,-965,0,270,-270,0,9,-9,1895,3139,-1244,9020.0,9025.0,8822.0,8847.0,56697
2008-05-06,5373,5232,141,30213,41304,-11091,631,4961,-4330,36217,51497,-15280,2187,2754,-567,183,232,-49,0,7,-7,2370,2993,-623,8860.0,8888.0,8780.0,8870.0,53812
2008-05-07,5832,4538,1294,30474,40169,-9695,754,4847,-4093,37060,49554,-12494,2393,2311,82,436,0,436,0,12,-12,2829,2323,506,8903.0,8976.0,8881.0,8918.0,54074
2008-05-08,5066,4421,645,27884,39258,-11374,881,5317,-4436,33831,48996,-15165,2000,2394,-394,266,131,135,0,12,-12,2266,2537,-271,8855.0,8903.0,8800.0,8894.0,52607
2008-05-09,2237,5103,-2866,27369,38235,-10866,910,5458,-4548,30516,48796,-18280,1449,2913,-1464,0,248,-248,0,9,-9,1449,3170,-1721,8850.0,8877.0,8766.0,8773.0,57824
2008-05-12,3707,4321,-614,27499,37143,-9644,891,5720,-4829,32097,47184,-15087,1905,2557,-652,401,88,313,0,9,-9,2306,2654,-348,8776.0,8868.0,8756.0,8864.0,46950
2008-05-13,6610,4319,2291,28163,36042,-7879,926,4460,-3534,35699,44821,-9122,3437,2414,1023,649,0,649,0,9,-9,4086,2423,1663,8862.0,9044.0,8851.0,9030.0,62520
2008-05-14,7297,4461,2836,28138,36250,-8112,1026,4002,-2976,36461,44713,-8252,3025,2540,485,566,200,366,0,9,-9,3591,2749,842,9030.0,9088.0,9002.0,9058.0,53252
2008-05-15,9402,4509,4893,31287,38837,-7550,977,3848,-2871,41666,47194,-5528,3495,2522,973,499,0,499,0,9,-9,3994,2531,1463,9088.0,9209.0,9088.0,9182.0,53937
2008-05-16,8968,4579,4389,31883,40543,-8660,1268,3567,-2299,42119,48689,-6570,4058,2935,1123,552,3,549,0,9,-9,4610,2947,1663,9220.0,9286.0,9191.0,9248.0,55311
2008-05-19,10532,5071,5461,30367,42904,-12537,1257,3800,-2543,42156,51775,-9619,2955,2876,79,25,3,22,0,9,-9,2980,2888,92,9269.0,9379.0,9243.0,9370.0,50694
2008-05-20,5114,5460,-346,34277,51290,-17013,1351,4550,-3199,40742,61300,-20558,4590,7329,-2739,0,351,-351,0,8,-8,4590,7688,-3098,9356.0,9388.0,9059.0,9074.0,82888
2008-05-21,4856,5851,-995,32623,49851,-17228,746,4536,-3790,38225,60238,-22013,4546,8508,-3962,12,148,-136,0,8,-8,4558,8664,-4106,9035.0,9089.0,8959.0,8998.0,31585
2008-05-22,3234,5414,-2180,23909,37654,-13745,714,4185,-3471,27857,47253,-19396,615,8487,-7872,158,149,9,0,7,-7,773,8643,-7870,8875.0,9019.0,8865.0,9018.0,56927
2008-05-23,2924,7548,-4624,22548,37485,-14937,793,4542,-3749,26265,49575,-23310,648,9418,-8770,0,506,-506,0,7,-7,648,9931,-9283,9000.0,9027.0,8778.0,8786.0,70602
2008-05-26,3068,8322,-5254,21473,37100,-15627,801,4541,-3740,25342,49963,-24621,920,9893,-8973,0,281,-281,0,12,-12,920,10186,-9266,8736.0,8790.0,8689.0,8699.0,55991
2008-05-27,4028,8679,-4651,21297,37208,-15911,897,4150,-3253,26222,50037,-23815,1038,9358,-8320,0,121,-121,0,7,-7,1038,9486,-8448,8701.0,8785.0,8700.0,8776.0,44115
2008-05-28,3454,9373,-5919,20450,33669,-13219,981,5501,-4520,24885,48543,-23658,1260,9561,-8301,0,695,-695,0,7,-7,1260,10263,-9003,8790.0,8795.0,8625.0,8646.0,65710
2008-05-29,3955,8739,-4784,20333,33014,-12681,970,5610,-4640,25258,47363,-22105,1656,10259,-8603,0,811,-811,0,9,-9,1656,11079,-9423,8729.0,8771.0,8650.0,8720.0,56724
2008-05-30,4168,10045,-5877,22148,32917,-10769,976,6461,-5485,27292,49423,-22131,1920,11294,-9374,0,1092,-1092,0,9,-9,1920,12395,-10475,8765.0,8780.0,8536.0,8648.0,75944
2008-06-02,4974,9762,-4788,22214,32785,-10571,983,6452,-5469,28171,48999,-20828,1840,11355,-9515,0,775,-775,0,9,-9,1840,12139,-10299,8635.0,8709.0,8603.0,8700.0,49486
2008-06-03,4358,11444,-7086,21913,32425,-10512,983,6406,-5423,27254,50275,-23021,1841,12354,-10513,0,1264,-1264,0,9,-9,1841,13627,-11786,8644.0,8657.0,8510.0,8540.0,55854
2008-06-04,4696,11666,-6970,23208,32763,-9555,957,6081,-5124,28861,50510,-21649,1848,11705,-9857,307,1003,-696,0,9,-9,2155,12717,-10562,8540.0,8619.0,8526.0,8592.0,44304
2008-06-05,5296,10470,-5174,22776,31508,-8732,927,5480,-4553,28999,47458,-18459,349,7948,-7599,219,1003,-784,0,9,-9,568,8960,-8392,8571.0,8765.0,8472.0,8725.0,78823
2008-06-06,5300,10119,-4819,23582,31478,-7896,983,6250,-5267,29865,47847,-17982,498,8170,-7672,0,1087,-1087,0,9,-9,498,9266,-8768,8788.0,8798.0,8712.0,8756.0,49247
2008-06-09,3259,11559,-8300,23383,30797,-7414,1035,6342,-5307,27677,48698,-21021,442,9294,-8852,0,1023,-1023,0,17,-17,442,10334,-9892,8520.0,8555.0,8492.0,8529.0,44700
2008-06-10,2527,12483,-9956,22631,27330,-4699,977,6752,-5775,26135,46565,-20430,454,10734,-10280,0,1480,-1480,0,19,-19,454,12233,-11779,8529.0,8565.0,8321.0,8340.0,75224
2008-06-11,2195,13366,-11171,23861,26854,-2993,1040,6579,-5539,27096,46799,-19703,493,11348,-10855,0,1343,-1343,0,19,-19,493,12710,-12217,8365.0,8404.0,8291.0,8316.0,58833
2008-06-12,2654,14408,-11754,25212,27769,-2557,1044,6838,-5794,28910,49015,-20105,1909,11701,-9792,6,1644,-1638,0,19,-19,1915,13364,-11449,8199.0,8204.0,7999.0,8043.0,75487
2008-06-13,2316,14926,-12610,26693,25868,825,914,6474,-5560,29923,47268,-17345,2671,11501,-8830,0,1570,-1570,0,19,-19,2671,13090,-10419,8068.0,8140.0,8002.0,8043.0,62933
2008-06-16,2155,13199,-11044,29416,27113,2303,895,6269,-5374,32466,46581,-14115,2146,10810,-8664,2,1340,-1338,0,19,-19,2148,12169,-10021,8121.0,8191.0,8100.0,8133.0,53114
2008-06-17,2309,13238,-10929,36287,34386,1901,975,6804,-5829,39571,54428,-14857,786,9778,-8992,45,1503,-1458,0,19,-19,831,11300,-10469,8133.0,8177.0,8017.0,8147.0,70641
2008-06-18,2516,15087,-12571,37802,32578,5224,923,6421,-5498,41241,54086,-12845,903,9450,-8547,55,1525,-1470,0,19,-19,958,10994,-10036,8140.0,8259.0,8122.0,8219.0,36474
2008-06-19,1492,7918,-6426,20578,23867,-3289,664,7069,-6405,22734,38854,-16120,146,7101,-6955,7,982,-975,0,13,-13,153,8096,-7943,7980.0,7980.0,7886.0,7890.0,53348
2008-06-20,1564,8222,-6658,20991,23283,-2292,627,7214,-6587,23182,38719,-15537,283,7289,-7006,0,1247,-1247,0,13,-13,283,8549,-8266,7910.0,7937.0,7723.0,7778.0,70635
2008-06-23,2257,8950,-6693,20852,23797,-2945,498,6398,-5900,23607,39145,-15538,817,8249,-7432,0,788,-788,0,13,-13,817,9050,-8233,7660.0,7805.0,7630.0,7754.0,63155
2008-06-24,2594,9278,-6684,21937,24250,-2313,580,7181,-6601,25111,40709,-15598,1108,8884,-7776,0,1012,-1012,0,13,-13,1108,9909,-8801,7715.0,7782.0,7645.0,7693.0,64047
2008-06-25,3497,8585,-5088,22241,27695,-5454,703,6788,-6085,26441,43068,-16627,1471,9518,-8047,0,726,-726,0,13,-13,1471,10257,-8786,7671.0,7759.0,7605.0,7753.0,69319
2008-06-26,3249,8944,-5695,22571,26316,-3745,588,5997,-5409,26408,41257,-14849,1639,10145,-8506,0,1322,-1322,0,13,-13,1639,11480,-9841,7753.0,7798.0,7690.0,7693.0,60885
2008-06-27,3374,11149,-7775,25714,24521,1193,552,6269,-5717,29640,41939,-12299,1615,10082,-8467,145,1356,-1211,0,13,-13,1760,11451,-9691,7381.0,7460.0,7341.0,7416.0,67637
2008-06-30,3047,10829,-7782,25665,26348,-683,702,6524,-5822,29414,43701,-14287,1682,10406,-8724,229,1444,-1215,0,13,-13,1911,11863,-9952,7470.0,7490.0,7382.0,7416.0,51421
2008-07-01,2369,11773,-9404,26524,29541,-3017,937,6435,-5498,29830,47749,-17919,210,8176,-7966,0,1532,-1532,0,13,-13,210,9721,-9511,7410.0,7477.0,7291.0,7291.0,62874
2008-07-02,2401,11148,-8747,25326,30390,-5064,1028,6497,-5469,28755,48035,-19280,207,8741,-8534,262,1508,-1246,0,13,-13,469,10262,-9793,7308.0,7394.0,7245.0,7245.0,74253
2008-07-03,3099,11489,-8390,25746,30209,-4463,897,6226,-5329,29742,47924,-18182,1495,8668,-7173,236,1424,-1188,0,13,-13,1731,10105,-8374,7140.0,7377.0,7055.0,7299.0,88271
2008-07-04,2484,11983,-9499,25633,28131,-2498,903,6192,-5289,29020,46306,-17286,265,8488,-8223,0,1828,-1828,0,13,-13,265,10329,-10064,7282.0,7323.0,7099.0,7100.0,68358
2008-07-07,3715,11513,-7798,26703,27833,-1130,945,6577,-5632,31363,45923,-14560,374,7581,-7207,0,1377,-1377,0,13,-13,374,8971,-8597,7096.0,7279.0,7075.0,7258.0,62222
2008-07-08,2934,16208,-13274,28871,23451,5420,933,6510,-5577,32738,46169,-13431,755,8744,-7989,0,1806,-1806,0,13,-13,755,10563,-9808,7199.0,7200.0,6892.0,6988.0,86146
2008-07-09,2685,16092,-13407,29602,24209,5393,1015,6655,-5640,33302,46956,-13654,965,8391,-7426,0,1726,-1726,0,13,-13,965,10130,-9165,7095.0,7185.0,6950.0,7011.0,95748
2008-07-10,2092,17045,-14953,29888,23727,6161,1019,6555,-5536,32999,47327,-14328,466,8515,-8049,0,1495,-1495,0,13,-13,466,10023,-9557,6958.0,7116.0,6893.0,7010.0,94113
2008-07-11,3033,15983,-12950,30012,25703,4309,1710,5598,-3888,34755,47284,-12529,911,7872,-6961,243,1502,-1259,0,13,-13,1154,9387,-8233,6973.0,7206.0,6963.0,7181.0,97960
2008-07-14,2708,12600,-9892,30882,33803,-2921,2231,5529,-3298,35821,51932,-16111,643,9363,-8720,0,1878,-1878,0,13,-13,643,11254,-10611,7200.0,7238.0,7088.0,7152.0,76318
2008-07-15,2216,13158,-10942,41407,42187,-780,2892,5918,-3026,46515,61263,-14748,788,8216,-7428,0,1785,-1785,0,13,-13,788,10014,-9226,7050.0,7065.0,6744.0,6790.0,94598
2008-07-16,2385,17675,-15290,50870,48996,1874,2198,6250,-4052,55453,72921,-17468,499,7160,-6661,106,848,-742,0,3,-3,605,8011,-7406,6820.0,6866.0,6677.0,6678.0,60578
2008-07-17,3390,8083,-4693,26891,29629,-2738,2920,6149,-3229,33201,43861,-10660,1228,3185,-1957,248,651,-403,0,3,-3,1476,3839,-2363,6700.0,6848.0,6689.0,6797.0,74717
2008-07-18,2896,9725,-6829,27635,26067,1568,2951,6617,-3666,33482,42409,-8927,1271,3726,-2455,248,876,-628,0,53,-53,1519,4655,-3136,6860.0,6888.0,6599.0,6681.0,87374
2008-07-21,3668,8171,-4503,28841,28976,-135,2573,6191,-3618,35082,43338,-8256,1481,2134,-653,514,804,-290,0,3,-3,1995,2941,-946,6845.0,7020.0,6840.0,7007.0,71813
2008-07-22,3940,8539,-4599,27886,29201,-1315,2482,5977,-3495,34308,43717,-9409,1299,2559,-1260,514,1165,-651,0,113,-113,1813,3837,-2024,6943.0,7010.0,6886.0,6967.0,75341
2008-07-23,5061,7015,-1954,25885,30244,-4359,2618,5396,-2778,33564,42655,-9091,2033,1851,182,514,973,-459,0,3,-3,2547,2827,-280,7100.0,7250.0,7075.0,7186.0,80107
2008-07-24,6468,6735,-267,25187,27438,-2251,2919,5221,-2302,34574,39394,-4820,1950,1626,324,514,862,-348,0,131,-131,2464,2619,-155,7262.0,7306.0,7208.0,7304.0,64281
2008-07-25,5401,7546,-2145,24609,28512,-3903,2792,5613,-2821,32802,41671,-8869,1418,1792,-374,514,1126,-612,0,3,-3,1932,2921,-989,7188.0,7190.0,7082.0,7170.0,62134
2008-07-29,3398,8635,-5237,25392,26966,-1574,2608,6125,-3517,31398,41726,-10328,1343,3410,-2067,514,1194,-680,0,180,-180,1857,4784,-2927,6950.0,6980.0,6866.0,6916.0,57777
2008-07-30,2931,7191,-4260,25834,26675,-841,2311,5927,-3616,31076,39793,-8717,1709,3939,-2230,514,1210,-696,0,3,-3,2223,5152,-2929,7070.0,7085.0,6966.0,7022.0,66831
2008-07-31,2476,8464,-5988,29245,27260,1985,2192,6409,-4217,33913,42133,-8220,2011,5521,-3510,209,977,-768,0,3,-3,2220,6501,-4281,7098.0,7147.0,6890.0,6998.0,84825
2008-08-01,2496,8617,-6121,28425,28542,-117,2197,6250,-4053,33118,43409,-10291,1677,5527,-3850,0,845,-845,0,118,-118,1677,6490,-4813,6901.0,6969.0,6851.0,6914.0,66509
2008-08-04,2751,8399,-5648,27654,27647,7,2364,6712,-4348,32769,42758,-9989,1649,4596,-2947,0,412,-412,0,3,-3,1649,5011,-3362,6852.0,6964.0,6850.0,6934.0,53143
2008-08-05,2189,9279,-7090,27810,30404,-2594,2430,7007,-4577,32429,46690,-14261,1034,4320,-3286,0,1084,-1084,0,203,-203,1034,5607,-4573,6973.0,6993.0,6756.0,6778.0,81580
2008-08-06,3082,8669,-5587,27601,29416,-1815,2413,6705,-4292,33096,44790,-11694,1569,2596,-1027,0,823,-823,0,3,-3,1569,3422,-1853,6970.0,7030.0,6910.0,7017.0,63636
2008-08-07,3007,8757,-5750,28060,29799,-1739,2815,6332,-3517,33882,44888,-11006,1352,2636,-1284,89,764,-675,0,151,-151,1441,3551,-2110,7002.0,7055.0,6960.0,7006.0,64802
2008-08-08,4080,8257,-4177,26316,29471,-3155,2809,5312,-2503,33205,43040,-9835,2847,2526,321,318,975,-657,0,3,-3,3165,3504,-339,6941.0,7234.0,6936.0,7189.0,87708
2008-08-11,3908,8369,-4461,25901,27390,-1489,3017,5129,-2112,32826,40888,-8062,2940,2513,427,318,1228,-910,1,3,-2,3259,3744,-485,7268.0,7339.0,7250.0,7289.0,59555
2008-08-12,4260,8507,-4247,25133,27284,-2151,2898,4971,-2073,32291,40762,-8471,2854,2877,-23,402,1173,-771,2,3,-1,3258,4053,-795,7288.0,7333.0,7255.0,7270.0,56265
2008-08-13,4644,8551,-3907,23739,29058,-5319,2753,4720,-1967,31136,42329,-11193,2064,3170,-1106,269,1439,-1170,2,3,-1,2335,4612,-2277,7258.0,7308.0,7190.0,7299.0,73849
2008-08-14,4934,7878,-2944,24002,29856,-5854,2835,4834,-1999,31771,42568,-10797,2637,3015,-378,0,1290,-1290,2,63,-61,2639,4368,-1729,7280.0,7364.0,7230.0,7363.0,64327
2008-08-15,2455,8444,-5989,23587,29195,-5608,2713,4868,-2155,28755,42507,-13752,2415,4146,-1731,0,1703,-1703,2,3,-1,2417,5852,-3435,7362.0,7382.0,7155.0,7216.0,73474
2008-08-18,1536,9114,-7578,22372,27453,-5081,2827,5911,-3084,26735,42478,-15743,1804,5826,-4022,0,1406,-1406,2,53,-51,1806,7285,-5479,7180.0,7222.0,6956.0,6980.0,78395
2008-08-19,2280,10724,-8444,29128,29814,-686,2850,6553,-3703,34258,47091,-12833,3566,6198,-2632,128,1185,-1057,2,3,-1,3696,7386,-3690,6856.0,6978.0,6813.0,6936.0,75511
2008-08-20,2105,9988,-7883,30668,30085,583,2777,6962,-4185,35550,47035,-11485,1228,4732,-3504,80,1228,-1148,2,145,-143,1310,6105,-4795,6904.0,7052.0,6873.0,7041.0,45006
2008-08-21,1541,9163,-7622,22151,20058,2093,2920,7020,-4100,26612,36241,-9629,353,4453,-4100,11,182,-171,2,3,-1,366,4638,-4272,6938.0,6958.0,6855.0,6878.0,62073
2008-08-22,1387,9230,-7843,22641,20659,1982,3039,9040,-6001,27067,38929,-11862,1083,4793,-3710,195,641,-446,2,93,-91,1280,5527,-4247,6845.0,6975.0,6766.0,6865.0,85588
2008-08-25,1810,8561,-6751,22839,20838,2001,2834,8628,-5794,27483,38027,-10544,1567,4534,-2967,524,421,103,2,3,-1,2093,4958,-2865,6956.0,7037.0,6896.0,6988.0,58898
2008-08-26,1214,8343,-7129,23296,20828,2468,2797,8789,-5992,27307,37960,-10653,1344,4663,-3319,504,249,255,2,3,-1,1850,4915,-3065,6909.0,6962.0,6885.0,6946.0,47895
2008-08-27,1386,6813,-5427,21995,21225,770,2821,8583,-5762,26202,36621,-10419,963,3194,-2231,557,0,557,2,3,-1,1522,3197,-1675,6929.0,7120.0,6897.0,7082.0,65994
2008-08-28,1191,7042,-5851,21412,22261,-849,2816,8642,-5826,25419,37945,-12526,514,4184,-3670,611,0,611,2,3,-1,1127,4187,-3060,7080.0,7138.0,7034.0,7041.0,55653
2008-08-29,1774,6720,-4946,21201,21861,-660,2563,9005,-6442,25538,37586,-12048,547,4091,-3544,370,324,46,2,3,-1,919,4418,-3499,7100.0,7138.0,7011.0,7054.0,59255
2008-09-01,1540,9008,-7468,22389,23476,-1087,2647,9376,-6729,26576,41860,-15284,1214,5230,-4016,435,958,-523,2,3,-1,1651,6191,-4540,6980.0,6986.0,6740.0,6756.0,70445
2008-09-02,1505,9766,-8261,25181,22454,2727,2657,11741,-9084,29343,43961,-14618,1506,5872,-4366,453,560,-107,2,3,-1,1961,6435,-4474,6790.0,6797.0,6652.0,6698.0,75022
2008-09-03,1077,9869,-8792,25732,22875,2857,2493,11903,-9410,29302,44647,-15345,724,6549,-5825,449,982,-533,2,3,-1,1175,7534,-6359,6714.0,6756.0,6560.0,6588.0,80450
2008-09-04,1719,9009,-7290,23921,22777,1144,2483,12277,-9794,28123,44063,-15940,862,6490,-5628,457,1041,-584,1,3,-2,1320,7534,-6214,6561.0,6630.0,6345.0,6397.0,85061
2008-09-05,2277,10860,-8583,26464,23495,2969,2493,12132,-9639,31234,46487,-15253,1052,6183,-5131,437,347,90,0,3,-3,1489,6533,-5044,6235.0,6330.0,6203.0,6244.0,69240
2008-09-08,3659,7813,-4154,29462,25146,4316,2477,11782,-9305,35598,44741,-9143,2037,5294,-3257,485,495,-10,0,3,-3,2522,5792,-3270,6487.0,6677.0,6481.0,6677.0,59253
2008-09-09,2996,10189,-7193,29063,21706,7357,2592,11654,-9062,34651,43549,-8898,1172,6552,-5380,395,477,-82,0,3,-3,1567,7032,-5465,6594.0,6618.0,6390.0,6466.0,74031
2008-09-10,2544,8577,-6033,27803,25188,2615,2652,11534,-8882,32999,45299,-12300,1210,6693,-5483,318,355,-37,0,3,-3,1528,7051,-5523,6351.0,6516.0,6345.0,6453.0,85603
2008-09-11,3393,11212,-7819,28744,21531,7213,2657,10550,-7893,34794,43293,-8499,1470,7825,-6355,11,481,-470,0,3,-3,1481,8309,-6828,6437.0,6438.0,6203.0,6230.0,82819
2008-09-12,2978,10697,-7719,29485,21347,8138,2632,11413,-8781,35095,43457,-8362,2109,8071,-5962,11,375,-364,0,3,-3,2120,8449,-6329,6354.0,6369.0,6153.0,6288.0,86443
2008-09-15,2814,12297,-9483,30933,19424,11509,2866,10057,-7191,36613,41778,-5165,3047,7941,-4894,396,190,206,0,3,-3,3443,8134,-4691,6130.0,6190.0,5863.0,5967.0,81846
2008-09-16,3016,17081,-14065,41438,26144,15294,2688,7831,-5143,47142,51056,-3914,1737,9526,-7789,331,39,292,0,3,-3,2068,9568,-7500,5849.0,5858.0,5679.0,5685.0,90493
2008-09-17,3697,17763,-14066,43102,26370,16732,2667,9011,-6344,49466,53144,-3678,1131,10150,-9019,11,227,-216,0,3,-3,1142,10380,-9238,5916.0,5999.0,5719.0,5767.0,68589
2008-09-18,4551,8323,-3772,22715,19322,3393,2656,9816,-7160,29922,37461,-7539,1707,6735,-5028,11,119,-108,0,0,0,1718,6854,-5136,5551.0,5590.0,5416.0,5522.0,104745
2008-09-19,6571,6868,-297,25359,20296,5063,2376,10126,-7750,34306,37290,-2984,3263,4638,-1375,11,175,-164,0,3,-3,3274,4816,-1542,5806.0,5908.0,5785.0,5908.0,42344
2008-09-22,5917,8015,-2098,28608,19483,9125,2256,8209,-5953,36781,35707,1074,4034,4882,-848,11,175,-164,0,3,-3,4045,5060,-1015,6120.0,6122.0,5956.0,6089.0,79569
2008-09-23,5985,7817,-1832,26404,21325,5079,2327,7248,-4921,34716,36390,-1674,4498,5666,-1168,11,88,-77,0,3,-3,4509,5757,-1248,6030.0,6150.0,5995.0,6135.0,72431
2008-09-24,5913,9000,-3087,26722,20330,6392,2823,7073,-4250,35458,36403,-945,4851,6177,-1326,11,200,-189,0,3,-3,4862,6380,-1518,6117.0,6195.0,6075.0,6155.0,78510
2008-09-25,5630,9256,-3626,24499,19062,5437,3275,7082,-3807,33404,35400,-1996,5388,7203,-1815,11,429,-418,0,3,-3,5399,7635,-2236,6000.0,6159.0,5961.0,6058.0,77760
2008-09-26,5675,9306,-3631,25417,18308,7109,2305,9943,-7638,33397,37557,-4160,6131,8342,-2211,11,883,-872,0,3,-3,6142,9228,-3086,6050.0,6061.0,5819.0,5866.0,83525
2008-09-30,5725,9238,-3513,30895,18975,11920,2095,13160,-11065,38715,41373,-2658,5009,7854,-2845,11,883,-872,0,3,-3,5020,8740,-3720,5459.0,5587.0,5459.0,5549.0,51459
2008-10-01,7166,9833,-2667,34279,18692,15587,2137,14357,-12220,43582,42882,700,5259,8042,-2783,11,483,-472,0,3,-3,5270,8528,-3258,5599.0,5718.0,5598.0,5676.0,70474
2008-10-02,7484,10012,-2528,35729,18439,17290,2060,17199,-15139,45273,45650,-377,5513,8792,-3279,11,856,-845,0,3,-3,5524,9651,-4127,5721.0,5739.0,5555.0,5618.0,81005
2008-10-03,7988,8305,-317,33969,19425,14544,2265,17931,-15666,44222,45661,-1439,6866,10326,-3460,11,498,-487,0,3,-3,6877,10827,-3950,5550.0,5685.0,5490.0,5645.0,78624
2008-10-06,7223,9162,-1939,36464,19809,16655,2257,17724,-15467,45944,46695,-751,7329,10563,-3234,11,1031,-1020,0,3,-3,7340,11597,-4257,5488.0,5500.0,5382.0,5387.0,72911
2008-10-07,6849,8977,-2128,37080,20559,16521,2304,17591,-15287,46233,47127,-894,7485,10007,-2522,11,1002,-991,0,3,-3,7496,11012,-3516,5250.0,5485.0,5222.0,5445.0,91706
2008-10-08,6854,10154,-3300,38621,20625,17996,2303,18351,-16048,47778,49130,-1352,7097,10490,-3393,11,821,-810,0,3,-3,7108,11314,-4206,5249.0,5345.0,5065.0,5112.0,106404
2008-10-09,6099,8004,-1905,39844,21840,18004,2291,18215,-15924,48234,48059,175,6873,9892,-3019,11,1004,-993,0,3,-3,6884,10899,-4015,5186.0,5254.0,5058.0,5062.0,113227
2008-10-13,7867,8696,-829,43786,24542,19244,2409,19219,-16810,54062,52457,1605,10385,13172,-2787,11,901,-890,0,3,-3,10396,14076,-3680,4885.0,4978.0,4885.0,4945.0,65331
2008-10-14,13112,9195,3917,41912,26357,15555,2780,17827,-15047,57804,53379,4425,14774,13873,901,11,1043,-1032,0,6,-6,14785,14922,-137,5286.0,5287.0,5236.0,5287.0,47432
2008-10-15,6428,6419,9,41676,27178,14498,3010,17351,-14341,51114,50948,166,7626,7174,452,11,930,-919,0,3,-3,7637,8107,-470,5297.0,5297.0,5153.0,5245.0,60484
2008-10-16,3335,5194,-1859,29720,17059,12661,2854,15012,-12158,35909,37265,-1356,1123,6141,-5018,11,158,-147,0,3,-3,1134,6302,-5168,4978.0,4978.0,4978.0,4978.0,3373
2008-10-17,3778,6261,-2483,32513,16900,15613,2237,20657,-18420,38528,43818,-5290,2053,9485,-7432,11,322,-311,0,3,-3,2064,9810,-7746,4894.0,4968.0,4804.0,4804.0,72243
2008-10-20,4362,5768,-1406,38777,17827,20950,2328,23054,-20726,45467,46649,-1182,2910,9106,-6196,11,149,-138,0,3,-3,2921,9258,-6337,4804.0,4836.0,4636.0,4823.0,86475
2008-10-21,4480,6061,-1581,42869,18317,24552,2334,22678,-20344,49683,47056,2627,3188,8102,-4914,11,459,-448,0,3,-3,3199,8564,-5365,4930.0,4950.0,4735.0,4817.0,117280
2008-10-22,4302,6187,-1885,43427,18669,24758,2188,24159,-21971,49917,49015,902,3493,9278,-5785,11,469,-458,0,3,-3,3504,9750,-6246,4738.0,4855.0,4650.0,4656.0,114002
2008-10-23,3963,6596,-2633,45226,18083,27143,711,24976,-24265,49900,49655,245,3906,10603,-6697,11,558,-547,0,3,-3,3917,11164,-7247,4494.0,4528.0,4494.0,4494.0,28538
2008-10-24,3947,7486,-3539,46781,18456,28325,752,26984,-26232,51480,52926,-1446,5098,12193,-7095,11,638,-627,0,3,-3,5109,12834,-7725,4395.0,4439.0,4337.0,4337.0,31793
2008-10-27,3098,8799,-5701,50756,17779,32977,886,27283,-26397,54740,53861,879,5175,12029,-6854,11,632,-621,0,3,-3,5186,12664,-7478,4126.0,4226.0,4034.0,4034.0,89165
2008-10-28,3593,9753,-6160,51159,18639,32520,1141,21254,-20113,55893,49646,6247,4891,9742,-4851,11,555,-544,0,3,-3,4902,10300,-5398,3921.0,4316.0,3811.0,4316.0,162434
2008-10-29,2652,10620,-7968,51738,19078,32660,1254,20524,-19270,55644,50222,5422,4932,7842,-2910,11,902,-891,0,3,-3,4943,8747,-3804,4618.0,4618.0,4212.0,4288.0,170198
2008-10-30,2842,10196,-7354,48944,18660,30284,2446,13798,-11352,54232,42654,11578,5082,5368,-286,11,492,-481,0,3,-3,5093,5863,-770,4376.0,4594.0,4361.0,4594.0,71800
2008-10-31,3300,11451,-8151,48061,19168,28893,2752,11692,-8940,54113,42311,11802,5169,6059,-890,11,774,-763,0,3,-3,5180,6836,-1656,4594.0,4910.0,4530.0,4844.0,172208
2008-11-03,3064,10970,-7906,47106,18830,28276,3109,11123,-8014,53279,40923,12356,1076,3828,-2752,11,1765,-1754,0,3,-3,1087,5596,-4509,4910.0,4994.0,4784.0,4992.0,146465
2008-11-04,3825,11008,-7183,45771,19189,26582,3280,10897,-7617,52876,41094,11782,1219,4891,-3672,11,2015,-2004,0,3,-3,1230,6909,-5679,4965.0,5007.0,4836.0,4978.0,130831
2008-11-05,5230,11213,-5983,46883,19091,27792,2479,15539,-13060,54592,45843,8749,1077,4900,-3823,11,2066,-2055,0,0,0,1088,6966,-5878,5080.0,5100.0,4893.0,4900.0,134188
2008-11-06,5457,11810,-6353,51951,19997,31954,2244,22496,-20252,59652,54303,5349,986,5179,-4193,11,1903,-1892,0,0,0,997,7082,-6085,4680.0,4700.0,4557.0,4557.0,61117
2008-11-07,5510,11091,-5581,56450,19050,37400,1385,26195,-24810,63345,56336,7009,1761,4446,-2685,11,1782,-1771,0,0,0,1772,6228,-4456,4310.0,4662.0,4272.0,4633.0,168009
2008-11-10,5836,10874,-5038,59007,20020,38987,1196,26449,-25253,66039,57343,8696,1881,4842,-2961,11,1782,-1771,0,0,0,1892,6624,-4732,4658.0,4692.0,4551.0,4632.0,118580
2008-11-11,5642,11763,-6121,61065,19461,41604,1206,26544,-25338,67913,57768,10145,1922,4413,-2491,12,1746,-1734,0,0,0,1934,6159,-4225,4477.0,4645.0,4465.0,4474.0,121380
2008-11-12,5671,11539,-5868,61731,20119,41612,1289,28265,-26976,68691,59923,8768,1426,4114,-2688,11,1667,-1656,0,0,0,1437,5781,-4344,4488.0,4596.0,4420.0,4521.0,127683
2008-11-13,5615,12650,-7035,63482,19738,43744,1452,29092,-27640,70549,61480,9069,1792,4261,-2469,11,1923,-1912,0,0,0,1803,6184,-4381,4305.0,4331.0,4206.0,4285.0,95728
2008-11-14,6108,13689,-7581,65990,21447,44543,1420,30855,-29435,73518,65991,7527,2042,5310,-3268,10,2147,-2137,0,0,0,2052,7457,-5405,4499.0,4514.0,4345.0,4380.0,117202
2008-11-17,5944,13310,-7366,66755,21514,45241,1400,30995,-29595,74099,65819,8280,1390,4808,-3418,10,1933,-1923,0,0,0,1400,6741,-5341,4280.0,4432.0,4263.0,4357.0,107475
2008-11-18,5086,13299,-8213,66720,19719,47001,1373,32071,-30698,73179,65089,8090,1398,6015,-4617,10,2589,-2579,0,0,0,1408,8604,-7196,4351.0,4351.0,4207.0,4244.0,105169
2008-11-19,5583,13782,-8199,69351,19828,49523,1583,33252,-31669,76517,66862,9655,1046,6740,-5694,65,1094,-1029,0,0,0,1111,7834,-6723,4238.0,4289.0,4183.0,4261.0,66464
2008-11-20,5057,4890,167,52981,11569,41412,1149,34592,-33443,59187,51051,8136,1523,5055,-3532,10,479,-469,0,0,0,1533,5534,-4001,3953.0,4027.0,3866.0,3903.0,90822
2008-11-21,4239,4870,-631,53941,12080,41861,1143,33089,-31946,59323,50039,9284,1671,5449,-3778,10,304,-294,0,0,0,1681,5753,-4072,3880.0,4129.0,3815.0,4121.0,125186
2008-11-24,3961,5118,-1157,55071,11739,43332,1183,33058,-31875,60215,49915,10300,1514,4177,-2663,10,497,-487,0,0,0,1524,4674,-3150,4081.0,4108.0,3972.0,4045.0,100411
2008-11-25,4973,5341,-368,55287,12257,43030,1243,34218,-32975,61503,51816,9687,1567,3276,-1709,10,651,-641,0,0,0,1577,3927,-2350,4222.0,4285.0,4112.0,4199.0,123548
2008-11-26,4300,5358,-1058,57401,12225,45176,1308,34485,-33177,63009,52068,10941,1835,3012,-1177,10,425,-415,0,0,0,1845,3437,-1592,4237.0,4268.0,4176.0,4209.0,107767
2008-11-27,3370,6820,-3450,53940,13074,40866,1383,28815,-27432,58693,48709,9984,2387,2207,180,10,155,-145,0,0,0,2397,2362,35,4330.0,4488.0,4292.0,4430.0,105400
2008-11-28,3614,7905,-4291,54991,13787,41204,1483,26208,-24725,60088,47900,12188,3383,2247,1136,10,314,-304,0,0,0,3393,2561,832,4435.0,4465.0,4388.0,4460.0,84216
2008-12-01,2915,8903,-5988,49705,15236,34469,1489,12652,-11163,54109,36791,17318,2458,1403,1055,10,77,-67,0,92,-92,2468,1572,896,4420.0,4580.0,4389.0,4501.0,106527
2008-12-02,3786,7362,-3576,51258,14860,36398,1395,22696,-21301,56439,44918,11521,1796,1364,432,10,1063,-1053,0,92,-92,1806,2519,-713,4299.0,4324.0,4206.0,4240.0,89986
2008-12-03,4275,7992,-3717,53314,14115,39199,1236,25519,-24283,58825,47626,11199,1902,1146,756,10,1282,-1272,0,92,-92,1912,2520,-608,4268.0,4306.0,4186.0,4188.0,94480
2008-12-04,4870,7964,-3094,54655,14167,40488,1152,26247,-25095,60677,48378,12299,1893,1297,596,10,1202,-1192,1,92,-91,1904,2591,-687,4246.0,4284.0,4100.0,4139.0,101106
2008-12-05,4590,7842,-3252,55307,14067,41240,1154,26045,-24891,61051,47954,13097,2203,1286,917,10,1170,-1160,1,92,-91,2214,2548,-334,4170.0,4202.0,4103.0,4179.0,91707
2008-12-08,5262,6801,-1539,54533,14838,39695,1199,24617,-23418,60994,46256,14738,4103,1262,2841,10,544,-534,0,92,-92,4113,1898,2215,4245.0,4471.0,4231.0,4471.0,92419
2008-12-09,4780,7931,-3151,50193,16450,33743,1127,20172,-19045,56100,44553,11547,3540,1496,2044,10,1369,-1359,0,0,0,3550,2865,685,4495.0,4546.0,4432.0,4460.0,108417
2008-12-10,4268,8842,-4574,49305,18001,31304,1064,16676,-15612,54637,43519,11118,3103,1724,1379,10,828,-818,0,0,0,3113,2552,561,4486.0,4724.0,4471.0,4691.0,115226
2008-12-11,5002,8790,-3788,44009,17606,26403,869,14895,-14026,49880,41291,8589,2908,1723,1185,10,1803,-1793,0,0,0,2918,3526,-608,4651.0,4704.0,4625.0,4666.0,96047
2008-12-12,4534,9677,-5143,43606,17779,25827,742,11376,-10634,48882,38832,10050,3269,2216,1053,10,1550,-1540,1,0,1,3280,3766,-486,4570.0,4643.0,4343.0,4425.0,120190
2008-12-15,4591,10522,-5931,41587,19433,22154,829,9747,-8918,47007,39702,7305,3067,2085,982,10,1691,-1681,1,0,1,3078,3776,-698,4615.0,4718.0,4553.0,4610.0,111291
2008-12-16,5333,10584,-5251,41611,21957,19654,792,9367,-8575,47736,41908,5828,2791,2372,419,10,1426,-1416,0,0,0,2801,3798,-997,4549.0,4614.0,4521.0,4585.0,84148
2008-12-17,6356,9594,-3238,46721,28437,18284,1029,10129,-9100,54106,48160,5946,3646,1826,1820,10,2575,-2565,0,0,0,3656,4401,-745,4688.0,4734.0,4622.0,4666.0,56705
2008-12-18,3949,4690,-741,30351,18324,12027,1059,8690,-7631,35359,31704,3655,2247,1198,1049,10,1164,-1154,0,0,0,2257,2362,-105,4680.0,4705.0,4596.0,4699.0,87280
2008-12-19,3890,4757,-867,30796,17657,13139,1221,8658,-7437,35907,31072,4835,2188,1150,1038,10,764,-754,0,0,0,2198,1914,284,4662.0,4724.0,4582.0,4680.0,108938
2008-12-22,3967,4745,-778,29786,17488,12298,821,9986,-9165,34574,32219,2355,2131,2793,-662,10,1722,-1712,0,92,-92,2141,4607,-2466,4720.0,4755.0,4498.0,4529.0,100137
2008-12-23,4483,4717,-234,29278,17153,12125,1036,12177,-11141,34797,34047,750,2147,3681,-1534,10,1393,-1383,0,92,-92,2157,5166,-3009,4507.0,4524.0,4290.0,4349.0,104885
2008-12-24,4279,5329,-1050,30633,16794,13839,1232,11587,-10355,36144,33710,2434,2320,2740,-420,10,933,-923,0,92,-92,2330,3765,-1435,4310.0,4399.0,4241.0,4379.0,103168
2008-12-25,4134,5056,-922,30532,16864,13668,1252,11598,-10346,35918,33518,2400,2412,1945,467,10,995,-985,0,92,-92,2422,3032,-610,4380.0,4405.0,4330.0,4405.0,43403
2008-12-26,4273,4753,-480,30524,17082,13442,2020,12075,-10055,36817,33910,2907,2506,1974,532,10,1604,-1594,0,92,-92,2516,3670,-1154,4372.0,4445.0,4339.0,4378.0,68149
2008-12-29,4240,5317,-1077,30502,15994,14508,2016,11637,-9621,36758,32948,3810,2659,1913,746,10,1254,-1244,0,92,-92,2669,3259,-590,4366.0,4399.0,4316.0,4386.0,47088
2008-12-30,4438,4482,-44,29841,17706,12135,1345,11303,-9958,35624,33491,2133,2585,2012,573,10,916,-906,0,92,-92,2595,3020,-425,4429.0,4605.0,4422.0,4565.0,71724
2008-12-31,4754,3932,822,28292,15232,13060,923,16923,-16000,33969,36087,-2118,1727,2388,-661,10,1844,-1834,0,0,0,1737,4232,-2495,4605.0,4614.0,4485.0,4540.0,68222
2009-01-05,6826,3730,3096,28669,17234,11435,1034,15408,-14374,36529,36372,157,1609,1627,-18,10,1630,-1620,0,0,0,1619,3257,-1638,4722.0,4797.0,4634.0,4670.0,97901
2009-01-06,7342,4244,3098,29254,16960,12294,1337,14736,-13399,37933,35940,1993,1920,1315,605,10,1662,-1652,0,0,0,1930,2977,-1047,4699.0,4735.0,4638.0,4706.0,90329
2009-01-07,7713,4381,3332,30539,15718,14821,1369,14138,-12769,39621,34237,5384,2039,1053,986,10,1660,-1650,0,0,0,2049,2713,-664,4758.0,4802.0,4711.0,4752.0,90885
2009-01-08,6642,4421,2221,31710,16701,15009,1296,15385,-14089,39648,36507,3141,1995,1559,436,10,2256,-2246,0,0,0,2005,3815,-1810,4650.0,4650.0,4434.0,4452.0,95701
2009-01-09,6906,4964,1942,34605,16303,18302,1346,18695,-17349,42857,39962,2895,2543,1695,848,10,1860,-1850,0,0,0,2553,3555,-1002,4447.0,4495.0,4405.0,4421.0,90308
2009-01-10,6420,5768,652,36493,16483,20010,1427,18945,-17518,44340,41196,3144,2507,1915,592,10,1860,-1850,0,0,0,2517,3775,-1258,4362.0,4425.0,4344.0,4374.0,56215
2009-01-12,6850,6361,489,38841,17755,21086,1521,20142,-18621,47212,44258,2954,2649,2018,631,10,1550,-1540,0,0,0,2659,3568,-909,4386.0,4472.0,4350.0,4429.0,93281
2009-01-13,8207,6414,1793,39139,18306,20833,1681,19633,-17952,49027,44353,4674,2930,1904,1026,10,983,-973,0,0,0,2940,2887,53,4361.0,4524.0,4360.0,4518.0,93835
2009-01-14,7021,6208,813,39852,18610,21242,1695,19603,-17908,48568,44421,4147,3022,2143,879,11,1764,-1753,0,0,0,3033,3907,-874,4490.0,4552.0,4478.0,4510.0,82268
2009-01-15,6860,7043,-183,47082,20712,26370,1531,22022,-20491,55473,49777,5696,3153,3116,37,11,1286,-1275,2,0,2,3166,4402,-1236,4222.0,4300.0,4222.0,4239.0,75818
2009-01-16,6246,6818,-572,51101,19781,31320,1631,23686,-22055,58978,50285,8693,3469,2915,554,11,1325,-1314,2,0,2,3482,4240,-758,4277.0,4329.0,4250.0,4323.0,78421
2009-01-17,6432,6457,-25,52260,20187,32073,1618,23062,-21444,60310,49706,10604,3456,2958,498,11,1325,-1314,2,0,2,3469,4283,-814,4330.0,4358.0,4306.0,4349.0,38490
2009-01-19,6176,6430,-254,50119,18978,31141,1621,22182,-20561,57916,47590,10326,3541,3656,-115,11,1956,-1945,2,0,2,3554,5612,-2058,4378.0,4394.0,4325.0,4357.0,58908
2009-01-20,5077,7233,-2156,51415,19080,32335,1833,23411,-21578,58325,49724,8601,1915,4946,-3031,11,1430,-1419,2,0,2,1928,6376,-4448,4266.0,4269.0,4205.0,4240.0,52093
2009-01-21,4037,4112,-75,46123,11917,34206,1293,23341,-22048,51453,39370,12083,728,5287,-4559,259,77,182,0,0,0,987,5364,-4377,4114.0,4265.0,4113.0,4254.0,36615
2009-02-02,4997,4809,188,47859,12173,35686,1113,22762,-21649,53969,39744,14225,1059,5561,-4502,1040,2,1038,0,0,0,2099,5563,-3464,4199.0,4199.0,4106.0,4161.0,50727
2009-02-03,6315,4911,1404,48108,13205,34903,1182,22714,-21532,55605,40830,14775,1375,5416,-4041,1238,2,1236,0,0,0,2613,5418,-2805,4168.0,4328.0,4161.0,4275.0,77684
2009-02-04,6339,5399,940,48663,13041,35622,1699,22711,-21012,56701,41151,15550,1978,5321,-3343,988,90,898,0,0,0,2966,5411,-2445,4327.0,4375.0,4285.0,4351.0,68432
2009-02-05,5649,5779,-130,50101,12923,37178,1636,22872,-21236,57386,41574,15812,1793,5790,-3997,408,2,406,0,0,0,2201,5792,-3591,4315.0,4389.0,4269.0,4270.0,82511
2009-02-06,6933,6035,898,49983,13394,36589,1637,22643,-21006,58553,42072,16481,1779,5888,-4109,468,2,466,0,0,0,2247,5890,-3643,4362.0,4479.0,4356.0,4443.0,94693
2009-02-09,6800,6826,-26,51963,14594,37369,1753,22714,-20961,60516,44134,16382,1732,5913,-4181,67,529,-462,0,0,0,1799,6442,-4643,4500.0,4522.0,4425.0,4456.0,71256
2009-02-10,7398,7167,231,53182,13921,39261,1805,22490,-20685,62385,43578,18807,2453,5938,-3485,67,145,-78,0,0,0,2520,6083,-3563,4456.0,4499.0,4435.0,4497.0,60664
2009-02-11,7796,7416,380,54657,14804,39853,1438,21666,-20228,63891,43886,20005,2661,5947,-3286,1136,2,1134,0,0,0,3797,5949,-2152,4385.0,4578.0,4372.0,4558.0,91929
2009-02-12,6051,7455,-1404,58529,16750,41779,1350,22138,-20788,65930,46343,19587,2336,5747,-3411,11,109,-98,0,0,0,2347,5856,-3509,4520.0,4564.0,4398.0,4445.0,112991
2009-02-13,7125,7250,-125,62609,19507,43102,1449,22534,-21085,71183,49291,21892,2393,5183,-2790,1044,2,1042,0,0,0,3437,5185,-1748,4459.0,4590.0,4451.0,4571.0,109267
2009-02-16,6841,6379,462,64932,22711,42221,1719,22272,-20553,73492,51362,22130,2678,4908,-2230,11,120,-109,0,0,0,2689,5028,-2339,4569.0,4588.0,4534.0,4575.0,69481
2009-02-17,5602,7314,-1712,69195,25867,43328,1944,22568,-20624,76741,55749,20992,2153,4864,-2711,35,959,-924,0,0,0,2188,5823,-3635,4521.0,4559.0,4437.0,4494.0,91320
2009-02-18,3376,6988,-3612,57600,16494,41106,1306,20333,-19027,62282,43815,18467,1417,390,1027,1004,0,1004,0,0,0,2421,390,2031,4455.0,4519.0,4426.0,4517.0,45601
2009-02-19,4114,6093,-1979,58120,16527,41593,1372,20671,-19299,63606,43291,20315,1986,486,1500,1186,0,1186,0,0,0,3172,486,2686,4411.0,4524.0,4334.0,4468.0,118698
2009-02-20,3608,7078,-3470,58627,16707,41920,1379,21057,-19678,63614,44842,18772,1649,820,829,311,0,311,0,0,0,1960,820,1140,4405.0,4453.0,4345.0,4363.0,105149
2009-02-23,4261,7876,-3615,59697,16081,43616,1148,22461,-21313,65106,46418,18688,2239,835,1404,1472,0,1472,0,0,0,3711,835,2876,4332.0,4433.0,4296.0,4426.0,102528
2009-02-24,4413,8452,-4039,58372,16656,41716,1321,23104,-21783,64106,48212,15894,2276,1029,1247,823,0,823,0,0,0,3099,1029,2070,4327.0,4395.0,4313.0,4381.0,83737
2009-02-25,5277,7920,-2643,58788,17365,41423,1231,23159,-21928,65296,48444,16852,2424,885,1539,1137,0,1137,0,0,0,3561,885,2676,4435.0,4520.0,4408.0,4466.0,105000
2009-02-26,4785,7125,-2340,59264,18236,41028,1242,22896,-21654,65291,48257,17034,1689,1535,154,980,0,980,0,0,0,2669,1535,1134,4520.0,4538.0,4440.0,4477.0,89516
2009-02-27,5440,7385,-1945,60663,18261,42402,1308,22301,-20993,67411,47947,19464,2262,1165,1097,1609,0,1609,0,0,0,3871,1165,2706,4472.0,4528.0,4452.0,4510.0,73633
2009-03-02,4481,7341,-2860,57132,17442,39690,1456,21643,-20187,63069,46426,16643,1726,2980,-1254,403,0,403,0,0,0,2129,2980,-851,4422.0,4459.0,4303.0,4331.0,101313
2009-03-03,5845,7355,-1510,58386,16181,42205,1588,23811,-22223,65819,47347,18472,2045,2695,-650,1303,0,1303,0,0,0,3348,2695,653,4270.0,4377.0,4238.0,4367.0,104158
2009-03-04,8470,7801,669,60682,18788,41894,1684,23319,-21635,70836,49908,20928,2792,2226,566,1961,0,1961,0,0,0,4753,2226,2527,4336.0,4516.0,4322.0,4511.0,109861
2009-03-05,9232,8060,1172,61352,21109,40243,1734,21951,-20217,72318,51120,21198,2812,1592,1220,1395,0,1395,0,0,0,4207,1592,2615,4541.0,4646.0,4539.0,4595.0,120308
2009-03-06,10191,9442,749,63415,20767,42648,1826,22215,-20389,75432,52424,23008,3217,1340,1877,2066,0,2066,0,0,0,5283,1340,3943,4550.0,4638.0,4540.0,4628.0,109500
2009-03-09,8501,8819,-318,62237,21742,40495,2073,21885,-19812,72811,52446,20365,3057,1962,1095,807,0,807,0,0,0,3864,1962,1902,4672.0,4675.0,4543.0,4624.0,93692
2009-03-10,9168,8742,426,61640,21622,40018,2040,22076,-20036,72848,52440,20408,3262,2497,765,639,0,639,0,0,0,3901,2497,1404,4601.0,4669.0,4567.0,4656.0,91653
2009-03-11,9164,8834,330,62412,23582,38830,1791,20825,-19034,73367,53241,20126,3181,2519,662,923,0,923,0,0,0,4104,2519,1585,4775.0,4785.0,4715.0,4758.0,77516
2009-03-12,9030,8011,1019,61477,23742,37735,1812,20332,-18520,72319,52085,20234,2923,2838,85,1440,0,1440,0,0,0,4363,2838,1525,4752.0,4779.0,4724.0,4748.0,66848
2009-03-13,12496,6472,6024,60856,27607,33249,1692,18474,-16782,75044,52553,22491,3057,2726,331,2177,0,2177,0,0,0,5234,2726,2508,4820.0,4942.0,4813.0,4900.0,98336
2009-03-16,14244,6207,8037,60667,32440,28227,1666,17720,-16054,76577,56367,20210,3407,3099,308,1188,0,1188,0,0,0,4595,3099,1496,4938.0,4985.0,4907.0,4962.0,79029
2009-03-17,15381,6368,9013,58317,32947,25370,1807,17828,-16021,75505,57143,18362,3209,3464,-255,1746,0,1746,0,0,0,4955,3464,1491,4966.0,5070.0,4946.0,5057.0,94430
2009-03-18,5009,4449,560,40438,10908,29530,1383,15738,-14355,46830,31095,15735,2431,216,2215,70,1065,-995,0,0,0,2501,1281,1220,5082.0,5096.0,5024.0,5067.0,59723
2009-03-19,5969,5027,942,40770,11085,29685,1361,16579,-15218,48100,32691,15409,2769,942,1827,144,846,-702,0,0,0,2913,1788,1125,5045.0,5105.0,4975.0,4980.0,105836
2009-03-20,6019,4492,1527,40856,11297,29559,1394,17273,-15879,48269,33062,15207,2595,2631,-36,148,1062,-914,0,5,-5,2743,3698,-955,5006.0,5040.0,4922.0,4950.0,106431
2009-03-23,7366,3807,3559,40581,12546,28035,1527,16416,-14889,49474,32769,16705,2508,2309,199,355,694,-339,0,9,-9,2863,3012,-149,5032.0,5132.0,4991.0,5131.0,95403
2009-03-24,7726,4335,3391,38130,11477,26653,1520,14472,-12952,47376,30284,17092,2485,1577,908,40,1450,-1410,0,17,-17,2525,3044,-519,5201.0,5270.0,5188.0,5262.0,99502
2009-03-25,9257,5091,4166,33604,11574,22030,1428,12664,-11236,44289,29329,14960,2254,2307,-53,9,842,-833,0,17,-17,2263,3166,-903,5254.0,5389.0,5232.0,5360.0,114172
2009-03-26,9456,4522,4934,30556,11252,19304,1380,11114,-9734,41392,26888,14504,2216,2534,-318,8,1418,-1410,0,1,-1,2224,3953,-1729,5349.0,5434.0,5317.0,5385.0,130922
2009-03-27,8711,5692,3019,28908,9514,19394,1168,11213,-10045,38787,26419,12368,2142,3081,-939,8,1420,-1412,0,11,-11,2150,4512,-2362,5434.0,5454.0,5336.0,5353.0,110172
2009-03-30,7396,5341,2055,28031,9122,18909,1210,10971,-9761,36637,25434,11203,1872,4692,-2820,8,1734,-1726,0,10,-10,1880,6436,-4556,5346.0,5360.0,5143.0,5175.0,111500
2009-03-31,7021,5576,1445,28931,9799,19132,1242,10852,-9610,37194,26227,10967,1776,4967,-3191,8,727,-719,0,17,-17,1784,5711,-3927,5225.0,5295.0,5175.0,5201.0,105649
2009-04-01,8372,4991,3381,28734,10135,18599,1172,10783,-9611,38278,25909,12369,1988,4641,-2653,8,288,-280,0,3,-3,1996,4932,-2936,5228.0,5344.0,5222.0,5314.0,135958
2009-04-02,11582,5180,6402,31421,12930,18491,1208,10516,-9308,44211,28626,15585,2193,3319,-1126,8,424,-416,23,0,23,2224,3743,-1519,5400.0,5517.0,5400.0,5511.0,115854
2009-04-03,11120,5344,5776,30474,13359,17115,1196,10962,-9766,42790,29665,13125,2124,2751,-627,8,1275,-1267,23,0,23,2155,4026,-1871,5562.0,5567.0,5475.0,5509.0,103180
2009-04-06,10989,4743,6246,30432,13530,16902,1082,11211,-10129,42503,29484,13019,2299,2682,-383,8,1792,-1784,0,5,-5,2307,4479,-2172,5560.0,5619.0,5493.0,5525.0,105000
2009-04-07,11335,4336,6999,31776,14019,17757,1133,10864,-9731,44244,29219,15025,2389,2556,-167,8,1116,-1108,1,0,1,2398,3672,-1274,5503.0,5587.0,5464.0,5583.0,97735
2009-04-08,8933,5088,3845,31453,13409,18044,1192,9765,-8573,41578,28262,13316,2375,3615,-1240,0,1989,-1989,0,24,-24,2375,5628,-3253,5501.0,5583.0,5416.0,5456.0,134387
2009-04-09,11541,4529,7012,33972,15767,18205,1432,8849,-7417,46945,29145,17800,2495,2768,-273,0,1060,-1060,20,0,20,2515,3828,-1313,5538.0,5718.0,5525.0,5712.0,113141
2009-04-10,12600,5337,7263,34260,18091,16169,1438,8202,-6764,48298,31630,16668,2602,3342,-740,0,1416,-1416,47,0,47,2649,4758,-2109,5762.0,5830.0,5696.0,5827.0,127509
2009-04-13,13691,5322,8369,33383,18522,14861,1438,6715,-5277,48512,30559,17953,2641,2703,-62,0,2261,-2261,47,0,47,2688,4964,-2276,5835.0,5876.0,5786.0,5846.0,108378
2009-04-14,15835,6548,9287,34151,23779,10372,1175,5779,-4604,51161,36106,15055,3609,3214,395,0,2205,-2205,0,0,0,3609,5419,-1810,5825.0,5901.0,5785.0,5858.0,106808
2009-04-15,4785,4538,247,29338,13367,15971,1018,3922,-2904,35141,21827,13314,2705,423,2282,527,144,383,0,0,0,3232,567,2665,5858.0,5895.0,5782.0,5861.0,57688
2009-04-16,6130,4762,1368,26904,14418,12486,1097,4213,-3116,34131,23393,10738,1942,992,950,578,194,384,0,4,-4,2520,1190,1330,5999.0,6047.0,5950.0,5994.0,112966
2009-04-17,4327,5493,-1166,28256,14689,13567,1074,5074,-4000,33657,25256,8401,2020,1117,903,631,991,-360,0,37,-37,2651,2145,506,6046.0,6060.0,5684.0,5775.0,150477
2009-04-20,4433,6329,-1896,30462,16614,13848,1052,4989,-3937,35947,27932,8015,1631,1292,339,1548,1061,487,0,0,0,3179,2353,826,5772.0,5815.0,5668.0,5765.0,128665
2009-04-21,6335,6486,-151,30531,19762,10769,983,4710,-3727,37849,30958,6891,1565,2157,-592,1543,702,841,0,0,0,3108,2859,249,5667.0,5899.0,5654.0,5896.0,132016
2009-04-22,5916,6435,-519,30386,18172,12214,968,4703,-3735,37270,29310,7960,1666,1495,171,556,619,-63,0,0,0,2222,2114,108,5865.0,5928.0,5833.0,5847.0,115857
2009-04-23,6579,5431,1148,31754,17301,14453,968,4534,-3566,39301,27266,12035,1915,1363,552,447,420,27,0,0,0,2362,1783,579,5870.0,5906.0,5755.0,5901.0,138442
2009-04-24,6638,4817,1821,30809,18382,12427,968,5003,-4035,38415,28202,10213,1988,1910,78,447,586,-139,0,0,0,2435,2496,-61,5915.0,5998.0,5791.0,5904.0,146131
2009-04-27,6306,6107,199,30936,21017,9919,968,5582,-4614,38210,32706,5504,2101,3362,-1261,766,964,-198,19,0,19,2886,4326,-1440,5930.0,5950.0,5676.0,5710.0,147704
2009-04-28,4899,7034,-2135,31995,20713,11282,983,7208,-6225,37877,34955,2922,2160,4403,-2243,1077,1022,55,0,3,-3,3237,5428,-2191,5766.0,5784.0,5576.0,5580.0,159423
2009-04-29,5599,7738,-2139,31913,21326,10587,971,6474,-5503,38483,35538,2945,2322,4887,-2565,1222,1086,136,0,1,-1,3544,5974,-2430,5648.0,5664.0,5584.0,5623.0,109869
2009-04-30,8604,6600,2004,33377,21941,11436,934,5018,-4084,42915,33559,9356,6695,2988,3707,1232,1136,96,0,1,-1,7927,4125,3802,6015.0,6015.0,5995.0,6015.0,29390
2009-05-04,10739,7300,3439,33834,22520,11314,1144,3695,-2551,45717,33515,12202,7165,2353,4812,1232,1411,-179,0,1,-1,8397,3765,4632,6363.0,6436.0,6301.0,6436.0,39803
2009-05-05,13220,6616,6604,31807,29543,2264,1267,3618,-2351,46294,39777,6517,5325,3915,1410,834,1431,-597,0,0,0,6159,5346,813,6637.0,6720.0,6426.0,6542.0,156581
2009-05-06,13874,6555,7319,30141,32012,-1871,1183,3264,-2081,45198,41831,3367,5475,3976,1499,854,899,-45,0,0,0,6329,4875,1454,6510.0,6585.0,6412.0,6536.0,119763
2009-05-07,13643,5420,8223,28702,28927,-225,1057,3691,-2634,43402,38038,5364,5089,3639,1450,740,922,-182,0,0,0,5829,4561,1268,6606.0,6630.0,6446.0,6613.0,109284
2009-05-08,15336,6285,9051,27394,29999,-2605,1339,3388,-2049,44069,39672,4397,4947,4916,31,740,864,-124,0,0,0,5687,5780,-93,6570.0,6598.0,6506.0,6572.0,93346
2009-05-11,16293,6642,9651,28590,29247,-657,1536,3207,-1671,46419,39096,7323,5868,5227,641,740,871,-131,0,0,0,6608,6098,510,6549.0,6697.0,6522.0,6597.0,100933
2009-05-12,14720,7186,7534,27513,31658,-4145,1460,2864,-1404,43693,41708,1985,4482,5916,-1434,740,1129,-389,0,0,0,5222,7045,-1823,6562.0,6586.0,6385.0,6447.0,125471
2009-05-13,13469,9082,4387,28317,32071,-3754,1632,2603,-971,43418,43756,-338,5378,6762,-1384,740,1065,-325,0,0,0,6118,7827,-1709,6454.0,6499.0,6420.0,6469.0,81965
2009-05-14,12055,9666,2389,28869,31940,-3071,1429,3789,-2360,42353,45395,-3042,5340,7979,-2639,740,1162,-422,0,0,0,6080,9141,-3061,6355.0,6419.0,6315.0,6321.0,90653
2009-05-15,13305,8579,4726,29909,30319,-410,1439,3548,-2109,44653,42446,2207,5971,6587,-616,826,1073,-247,0,0,0,6797,7660,-863,6372.0,6509.0,6356.0,6476.0,99721
2009-05-18,13975,8530,5445,31965,28875,3090,1266,3071,-1805,47206,40476,6730,5623,6096,-473,999,1083,-84,0,0,0,6622,7179,-557,6424.0,6573.0,6402.0,6561.0,110397
2009-05-19,13771,9387,4384,31041,30609,432,1061,2674,-1613,45873,42670,3203,5433,6547,-1114,619,1211,-592,0,0,0,6052,7758,-1706,6715.0,6804.0,6623.0,6693.0,106087
2009-05-20,5130,4992,138,20763,16213,4550,967,2338,-1371,26860,23543,3317,1321,2347,-1026,366,90,276,0,0,0,1687,2437,-750,6710.0,6745.0,6585.0,6697.0,77508
2009-05-21,4405,4395,10,21145,15843,5302,1072,2267,-1195,26622,22505,4117,933,2080,-1147,394,232,162,0,0,0,1327,2312,-985,6629.0,6695.0,6605.0,6671.0,91060
2009-05-22,4860,3839,1021,22106,15936,6170,1052,2311,-1259,28018,22086,5932,1574,2239,-665,451,216,235,0,0,0,2025,2455,-430,6605.0,6732.0,6595.0,6692.0,90309
2009-05-25,4355,4097,258,22439,16365,6074,1031,2089,-1058,27825,22551,5274,1656,2332,-676,0,491,-491,0,2,-2,1656,2825,-1169,6751.0,6837.0,6647.0,6724.0,109555
2009-05-26,3743,4125,-382,23115,16515,6600,1142,2190,-1048,28000,22830,5170,1530,3121,-1591,0,782,-782,0,0,0,1530,3903,-2373,6700.0,6761.0,6633.0,6646.0,94266
2009-05-27,4474,3946,528,24686,16582,8104,1238,1832,-594,30398,22360,8038,1671,2376,-705,364,20,344,16,0,16,2051,2396,-345,6720.0,6997.0,6699.0,6932.0,115397
2009-06-01,5460,3613,1847,24207,17789,6418,1374,1775,-401,31041,23177,7864,1896,3444,-1548,116,377,-261,16,0,16,2028,3821,-1793,6980.0,7010.0,6900.0,6954.0,76133
2009-06-02,5811,3783,2028,23730,20658,3072,1309,1754,-445,30850,26195,4655,2836,3531,-695,137,577,-440,16,17,-1,2989,4125,-1136,7037.0,7050.0,6864.0,6916.0,92552
2009-06-03,6439,4166,2273,22905,21293,1612,1219,2076,-857,30563,27535,3028,2916,3940,-1024,49,39,10,16,17,-1,2981,3996,-1015,6928.0,6933.0,6842.0,6898.0,80200
2009-06-04,6670,5281,1389,21508,24373,-2865,1334,2154,-820,29512,31808,-2296,3438,5672,-2234,30,772,-742,16,12,4,3484,6456,-2972,6860.0,6897.0,6696.0,6784.0,112986
2009-06-05,6344,4834,1510,21492,23981,-2489,1321,2148,-827,29157,30963,-1806,3776,5815,-2039,39,771,-732,16,0,16,3831,6586,-2755,6811.0,6827.0,6735.0,6790.0,74537
2009-06-06,7638,4674,2964,21550,24052,-2502,1297,2090,-793,30485,30816,-331,4013,4794,-781,47,771,-724,16,0,16,4076,5565,-1489,6777.0,6853.0,6775.0,6833.0,39231
2009-06-08,6932,6102,830,21504,24535,-3031,1079,2458,-1379,29515,33095,-3580,4282,7049,-2767,86,1022,-936,16,0,16,4384,8071,-3687,6865.0,6884.0,6612.0,6643.0,98861
2009-06-09,8434,7368,1066,21032,28132,-7100,1167,2836,-1669,30633,38336,-7703,5204,7592,-2388,105,854,-749,0,0,0,5309,8446,-3137,6668.0,6668.0,6390.0,6413.0,120988
2009-06-10,7809,7046,763,21401,27967,-6566,1120,2929,-1809,30330,37942,-7612,5853,6300,-447,86,421,-335,0,0,0,5939,6721,-782,6458.0,6504.0,6385.0,6459.0,91519
2009-06-11,7462,6508,954,21192,26817,-5625,1248,2681,-1433,29902,36006,-6104,6190,4579,1611,200,530,-330,0,0,0,6390,5109,1281,6490.0,6545.0,6335.0,6516.0,122673
2009-06-12,7680,8294,-614,22809,25294,-2485,1225,3018,-1793,31714,36606,-4892,6712,4885,1827,290,1031,-741,0,0,0,7002,5916,1086,6530.0,6558.0,6411.0,6437.0,105325
2009-06-15,9192,10999,-1807,27855,27828,27,1184,3731,-2547,38231,42558,-4327,9451,5922,3529,431,961,-530,0,0,0,9882,6883,2999,6390.0,6390.0,6174.0,6208.0,122373
2009-06-16,9205,10498,-1293,33135,33272,-137,1166,4393,-3227,43506,48163,-4657,8592,5507,3085,369,507,-138,0,0,0,8961,6014,2947,6173.0,6251.0,6133.0,6208.0,103392
2009-06-17,4329,7584,-3255,22994,20399,2595,1080,4639,-3559,28403,32622,-4219,770,6885,-6115,105,214,-109,0,0,0,875,7099,-6224,6218.0,6294.0,6195.0,6204.0,63998
2009-06-18,5084,8031,-2947,23868,21652,2216,1160,5208,-4048,30112,34891,-4779,1291,6804,-5513,163,589,-426,0,0,0,1454,7393,-5939,6130.0,6205.0,5994.0,6090.0,124107
2009-06-19,4686,7606,-2920,24069,21703,2366,1373,4807,-3434,30128,34116,-3988,1991,5076,-3085,161,760,-599,0,0,0,2152,5836,-3684,6090.0,6150.0,6045.0,6138.0,91433
2009-06-22,5160,6401,-1241,23829,20971,2858,1423,4902,-3479,30412,32274,-1862,2660,3729,-1069,642,931,-289,0,0,0,3302,4660,-1358,6137.0,6264.0,6075.0,6206.0,96819
2009-06-23,4858,7814,-2956,25789,20865,4924,1486,5225,-3739,32133,33904,-1771,1991,4785,-2794,692,904,-212,0,0,0,2683,5689,-3006,6088.0,6150.0,6059.0,6072.0,83089
2009-06-24,5508,7473,-1965,24914,22905,2009,1481,4262,-2781,31903,34640,-2737,2735,4264,-1529,1537,1032,505,0,0,0,4272,5296,-1024,6089.0,6494.0,6073.0,6311.0,143068
2009-06-25,6291,7697,-1406,25304,21613,3691,1250,4533,-3283,32845,33843,-998,3926,3334,592,1326,1032,294,0,0,0,5252,4366,886,6306.0,6427.0,6295.0,6389.0,101790
2009-06-26,6343,7440,-1097,25461,21444,4017,1245,4235,-2990,33049,33119,-70,4532,3222,1310,1259,1020,239,0,0,0,5791,4242,1549,6405.0,6432.0,6361.0,6391.0,76262
2009-06-29,6425,7898,-1473,26822,21862,4960,1212,4168,-2956,34459,33928,531,4691,2944,1747,958,981,-23,0,0,0,5649,3925,1724,6415.0,6436.0,6305.0,6345.0,92895
2009-06-30,6048,7857,-1809,27268,21846,5422,1212,4437,-3225,34528,34140,388,3191,2789,402,658,604,54,0,0,0,3849,3393,456,6421.0,6450.0,6301.0,6383.0,97666
2009-07-01,7559,8749,-1190,28364,22495,5869,1200,3846,-2646,37123,35090,2033,4833,3009,1824,856,0,856,0,0,0,5689,3009,2680,6414.0,6546.0,6361.0,6517.0,108225
2009-07-02,8355,8430,-75,27755,22804,4951,1206,3239,-2033,37316,34473,2843,5409,3058,2351,768,130,638,0,0,0,6177,3188,2989,6525.0,6626.0,6517.0,6590.0,96176
2009-07-03,8512,8522,-10,27119,22939,4180,1239,3496,-2257,36870,34957,1913,4757,3010,1747,839,801,38,0,0,0,5596,3811,1785,6547.0,6633.0,6520.0,6602.0,91953
2009-07-06,7975,8256,-281,28055,23173,4882,1305,2765,-1460,37335,34194,3141,4888,2968,1920,811,1102,-291,0,0,0,5699,4070,1629,6619.0,6631.0,6527.0,6588.0,90788
2009-07-07,8375,8150,225,27298,23110,4188,1348,2621,-1273,37021,33881,3140,4503,2535,1968,784,738,46,0,3,-3,5287,3276,2011,6588.0,6710.0,6578.0,6665.0,97969
2009-07-08,8580,7544,1036,25027,22490,2537,1343,3227,-1884,34950,33261,1689,2871,2331,540,558,723,-165,0,3,-3,3429,3057,372,6621.0,6637.0,6558.0,6627.0,92894
2009-07-09,10743,7920,2823,25812,26719,-907,1341,3166,-1825,37896,37805,91,3012,2489,523,471,272,199,0,3,-3,3483,2764,719,6627.0,6778.0,6625.0,6724.0,101563
2009-07-10,11054,7813,3241,26871,26038,833,1387,3017,-1630,39312,36868,2444,3832,2092,1740,474,790,-316,0,3,-3,4306,2885,1421,6735.0,6755.0,6676.0,6755.0,74365
2009-07-13,8073,7772,301,28993,29459,-466,1406,4293,-2887,38472,41524,-3052,2273,3235,-962,154,925,-771,0,3,-3,2427,4163,-1736,6739.0,6765.0,6443.0,6469.0,122838
2009-07-14,7986,7445,541,31313,30789,524,1912,3381,-1469,41211,41615,-404,5542,3873,1669,152,411,-259,0,3,-3,5694,4287,1407,6540.0,6609.0,6507.0,6580.0,79254
2009-07-15,3606,6354,-2748,25037,21636,3401,1888,2421,-533,30531,30411,120,2609,1229,1380,324,28,296,0,0,0,2933,1257,1676,6630.0,6782.0,6625.0,6763.0,66513
2009-07-16,4513,7215,-2702,24601,21231,3370,1872,2602,-730,30986,31048,-62,2396,1381,1015,505,0,505,0,0,0,2901,1381,1520,6748.0,6785.0,6661.0,6709.0,90133
2009-07-17,4951,8270,-3319,25430,21342,4088,1884,2506,-622,32265,32118,147,2661,1945,716,640,0,640,0,0,0,3301,1945,1356,6736.0,6802.0,6700.0,6756.0,79837
2009-07-20,5148,8458,-3310,26742,22278,4464,1871,2418,-547,33761,33154,607,2831,1792,1039,183,252,-69,0,0,0,3014,2044,970,6839.0,6884.0,6758.0,6859.0,86232
2009-07-21,5334,8976,-3642,27768,21451,6317,1909,2573,-664,35011,33000,2011,2816,1865,951,204,387,-183,0,0,0,3020,2252,768,6900.0,6912.0,6795.0,6874.0,91337
2009-07-22,5470,8965,-3495,27317,20701,6616,1924,2650,-726,34711,32316,2395,2394,2129,265,357,0,357,0,0,0,2751,2129,622,6870.0,6959.0,6847.0,6885.0,93603
2009-07-23,5440,9047,-3607,27216,20365,6851,1974,2725,-751,34630,32137,2493,2568,2189,379,336,6,330,0,0,0,2904,2195,709,6873.0,6955.0,6818.0,6881.0,94592
2009-07-24,5391,9519,-4128,26871,20957,5914,1980,2652,-672,34242,33128,1114,1607,2270,-663,243,520,-277,0,0,0,1850,2790,-940,6950.0,6963.0,6875.0,6897.0,75387
2009-07-27,5797,9510,-3713,26700,20154,6546,1981,2534,-553,34478,32198,2280,2016,2295,-279,200,69,131,0,0,0,2216,2364,-148,6950.0,7010.0,6896.0,6967.0,79395
2009-07-28,6825,8733,-1908,27732,19328,8404,1986,2508,-522,36543,30569,5974,2178,1740,438,700,0,700,0,0,0,2878,1740,1138,6962.0,7088.0,6951.0,7080.0,82604
2009-07-29,5995,9357,-3362,26689,20504,6185,2014,2400,-386,34698,32261,2437,1913,2075,-162,103,315,-212,0,0,0,2016,2390,-374,7099.0,7132.0,7021.0,7037.0,86739
2009-07-30,5568,9289,-3721,26138,21033,5105,2034,2297,-263,33740,32619,1121,2171,2912,-741,497,652,-155,0,0,0,2668,3564,-896,7025.0,7043.0,6870.0,6963.0,103156
2009-07-31,5513,8514,-3001,26371,21293,5078,2226,2008,218,34110,31815,2295,2453,2945,-492,1012,518,494,0,0,0,3465,3463,2,7009.0,7083.0,6955.0,7028.0,94020
2009-08-03,6426,7532,-1106,26279,24221,2058,2282,2052,230,34987,33805,1182,2470,3059,-589,498,744,-246,0,0,0,2968,3803,-835,7024.0,7028.0,6907.0,6982.0,92249
2009-08-04,4991,7967,-2976,28416,23906,4510,2279,2273,6,35686,34146,1540,2526,2431,95,315,914,-599,0,0,0,2841,3345,-504,7056.0,7070.0,6821.0,6881.0,121427
2009-08-05,4768,8915,-4147,29947,23710,6237,2334,2233,101,37049,34858,2191,2607,2582,25,531,477,54,0,0,0,3138,3059,79,6882.0,6948.0,6749.0,6772.0,115725
2009-08-06,4067,7394,-3327,30333,23965,6368,2365,2333,32,36765,33692,3073,3636,2384,1252,787,526,261,0,0,0,4423,2910,1513,6799.0,6833.0,6702.0,6803.0,116213
2009-08-10,5032,7209,-2177,30306,23856,6450,2370,2241,129,37708,33306,4402,4813,2596,2217,998,797,201,0,0,0,5811,3393,2418,6820.0,6854.0,6733.0,6814.0,87325
2009-08-11,4957,5482,-525,30927,23938,6989,2436,2224,212,38320,31644,6676,5124,2898,2226,1549,604,945,0,0,0,6673,3502,3171,6818.0,6895.0,6755.0,6895.0,88944
2009-08-12,4699,5717,-1018,29280,22818,6462,2443,2002,441,36422,30537,5885,4357,2859,1498,1567,722,845,0,0,0,5924,3581,2343,6849.0,6898.0,6815.0,6839.0,83658
2009-08-13,5934,4767,1167,31852,22262,9590,2441,2066,375,40227,29095,11132,4408,2220,2188,2138,376,1762,0,0,0,6546,2596,3950,6865.0,7031.0,6862.0,7013.0,102013
2009-08-14,6027,4100,1927,32289,22892,9397,2450,2056,394,40766,29048,11718,3987,1868,2119,1982,257,1725,0,0,0,5969,2125,3844,7049.0,7112.0,7020.0,7063.0,79285
2009-08-17,5074,5074,0,31679,24681,6998,2531,2169,362,39284,31924,7360,3377,1665,1712,1446,1022,424,0,0,0,4823,2687,2136,7010.0,7034.0,6899.0,6914.0,98803
2009-08-18,6697,7591,-894,30944,26086,4858,2551,2471,80,40192,36148,4044,3525,1834,1691,588,1069,-481,0,0,0,4113,2903,1210,6900.0,6908.0,6723.0,6817.0,118179
2009-08-19,1577,5983,-4406,22035,13338,8697,2537,2540,-3,26149,21861,4288,942,1389,-447,40,437,-397,0,0,0,982,1826,-844,6824.0,6844.0,6786.0,6795.0,47901
2009-08-20,1933,5951,-4018,21296,13720,7576,2563,2734,-171,25792,22405,3387,1215,1287,-72,40,609,-569,0,0,0,1255,1896,-641,6722.0,6733.0,6590.0,6693.0,107256
2009-08-21,2580,6762,-4182,24159,14450,9709,2538,2848,-310,29277,24060,5217,1654,1354,300,67,1531,-1464,0,0,0,1721,2885,-1164,6700.0,6770.0,6553.0,6592.0,121651
2009-08-24,3110,5318,-2208,28116,14464,13652,2617,2816,-199,33843,22598,11245,2979,1163,1816,169,449,-280,0,0,0,3148,1612,1536,6754.0,6835.0,6711.0,6808.0,96127
2009-08-25,3007,5630,-2623,29191,14234,14957,2619,2758,-139,34817,22622,12195,2233,1742,491,256,495,-239,0,0,0,2489,2237,252,6798.0,6827.0,6742.0,6760.0,92967
2009-08-26,2466,5761,-3295,29874,13836,16038,2617,2906,-289,34957,22503,12454,2182,1301,881,170,702,-532,0,0,0,2352,2003,349,6785.0,6802.0,6616.0,6703.0,129062
2009-08-27,2377,6844,-4467,29789,13606,16183,2601,3322,-721,34767,23772,10995,1658,1816,-158,104,735,-631,0,0,0,1762,2551,-789,6673.0,6727.0,6610.0,6645.0,108007
2009-08-28,3706,6012,-2306,29757,13784,15973,2623,3399,-776,36086,23195,12891,2286,2007,279,208,357,-149,0,0,0,2494,2364,130,6677.0,6810.0,6656.0,6754.0,108868
2009-08-31,2683,5932,-3249,31941,14474,17467,2607,3076,-469,37231,23482,13749,2141,2864,-723,170,1273,-1103,0,10,-10,2311,4147,-1836,6765.0,6808.0,6701.0,6756.0,95992
2009-09-01,4839,4485,354,33455,14696,18759,2623,2409,214,40917,21590,19327,3177,2639,538,146,217,-71,0,0,0,3323,2856,467,6757.0,7034.0,6736.0,7027.0,126480
2009-09-02,3927,3421,506,31002,15499,15503,2611,2450,161,37540,21370,16170,2423,712,1711,206,425,-219,0,11,-11,2629,1148,1481,6951.0,7049.0,6937.0,7026.0,107506
2009-09-03,4123,3558,565,32157,16170,15987,2602,2392,210,38882,22120,16762,1757,692,1065,191,410,-219,0,11,-11,1948,1113,835,7020.0,7123.0,6979.0,7094.0,112518
2009-09-04,4195,4542,-347,33614,16917,16697,2888,2189,699,40697,23648,17049,2741,856,1885,317,563,-246,0,4,-4,3058,1423,1635,7121.0,7169.0,7071.0,7155.0,97250
2009-09-07,5155,4733,422,33672,18012,15660,2890,2154,736,41717,24899,16818,2861,853,2008,566,1273,-707,0,4,-4,3427,2130,1297,7186.0,7227.0,7145.0,7221.0,81702
2009-09-08,5721,4850,871,30381,16286,14095,2880,2086,794,38982,23222,15760,2480,1948,532,631,1273,-642,0,0,0,3111,3221,-110,7250.0,7367.0,7181.0,7316.0,124697
2009-09-09,4840,5287,-447,30535,16115,14420,2634,2731,-97,38009,24133,13876,2423,2932,-509,731,1023,-292,0,0,0,3154,3955,-801,7316.0,7344.0,7248.0,7257.0,86455
2009-09-10,5889,5134,755,28268,24399,3869,2548,1920,628,36705,31453,5252,2910,3622,-712,688,751,-63,0,0,0,3598,4373,-775,7334.0,7758.0,7285.0,7360.0,161712
2009-09-11,6149,5329,820,27731,24586,3145,2527,1702,825,36407,31617,4790,2773,3785,-1012,422,974,-552,0,0,0,3195,4759,-1564,7329.0,7370.0,7291.0,7353.0,68490
2009-09-14,5725,5683,42,32199,27995,4204,2327,1698,629,40251,35376,4875,2111,3084,-973,369,987,-618,0,0,0,2480,4071,-1591,7307.0,7344.0,7204.0,7252.0,101737
2009-09-15,7111,6616,495,36188,32700,3488,2339,1183,1156,45638,40499,5139,2615,2967,-352,415,747,-332,0,0,0,3030,3714,-684,7289.0,7385.0,7253.0,7357.0,85200
2009-09-16,5410,3981,1429,21407,18612,2795,2580,1083,1497,29397,23676,5721,1316,608,708,598,187,411,0,0,0,1914,795,1119,7428.0,7460.0,7375.0,7444.0,58879
2009-09-17,7184,4301,2883,20958,21743,-785,2552,1214,1338,30694,27258,3436,1563,1204,359,346,103,243,0,0,0,1909,1307,602,7500.0,7517.0,7436.0,7466.0,98899
2009-09-18,6877,4088,2789,21519,20730,789,2666,1135,1531,31062,25953,5109,1587,855,732,919,83,836,0,2,-2,2506,940,1566,7441.0,7502.0,7408.0,7467.0,73594
2009-09-21,6871,3929,2942,22034,20830,1204,2591,1275,1316,31496,26034,5462,1756,845,911,456,77,379,0,2,-2,2212,924,1288,7481.0,7556.0,7398.0,7466.0,93350
2009-09-22,6691,3844,2847,21947,20795,1152,2498,1298,1200,31136,25937,5199,1755,1421,334,464,117,347,0,2,-2,2219,1540,679,7484.0,7506.0,7425.0,7454.0,67476
2009-09-23,7287,4487,2800,21673,21311,362,2526,1455,1071,31486,27253,4233,2086,1975,111,207,355,-148,0,3,-3,2293,2333,-40,7460.0,7520.0,7311.0,7347.0,122587
2009-09-24,6247,4499,1748,22059,20930,1129,2507,1494,1013,30813,26923,3890,2591,2045,546,185,219,-34,0,3,-3,2776,2267,509,7364.0,7375.0,7235.0,7295.0,99619
2009-09-25,6223,4151,2072,23236,20348,2888,2335,2164,171,31794,26663,5131,2105,1985,120,399,54,345,0,3,-3,2504,2042,462,7250.0,7340.0,7235.0,7338.0,79576
2009-09-28,5143,4680,463,22771,20218,2553,2339,2457,-118,30253,27355,2898,2480,1983,497,258,97,161,0,3,-3,2738,2083,655,7276.0,7327.0,7215.0,7280.0,81690
2009-09-29,8026,4388,3638,21784,20260,1524,2340,2466,-126,32150,27114,5036,3241,2511,730,662,281,381,0,3,-3,3903,2795,1108,7330.0,7431.0,7328.0,7405.0,88224
2009-09-30,9897,4289,5608,21602,20660,942,2312,2459,-147,33811,27408,6403,3711,2197,1514,1138,340,798,0,3,-3,4849,2540,2309,7427.0,7515.0,7411.0,7493.0,86999
2009-10-01,10408,5202,5206,21454,21398,56,2330,2632,-302,34192,29232,4960,4496,2284,2212,868,311,557,0,3,-3,5364,2598,2766,7538.0,7614.0,7455.0,7538.0,98150
2009-10-02,9135,4992,4143,19616,24055,-4439,2336,2940,-604,31087,31987,-900,3838,3001,837,241,333,-92,0,3,-3,4079,3337,742,7418.0,7450.0,7344.0,7352.0,89168
2009-10-05,8917,5153,3764,19784,21594,-1810,2336,2921,-585,31037,29668,1369,3989,2435,1554,510,302,208,0,3,-3,4499,2740,1759,7358.0,7398.0,7326.0,7392.0,68734
2009-10-06,10293,5030,5263,19866,20756,-890,2365,2704,-339,32524,28490,4034,4570,1286,3284,644,291,353,0,3,-3,5214,1580,3634,7428.0,7538.0,7395.0,7506.0,104990
2009-10-07,10122,4705,5417,19476,19865,-389,2370,2266,104,31968,26836,5132,4002,1034,2968,215,297,-82,0,3,-3,4217,1334,2883,7587.0,7609.0,7530.0,7589.0,79201
2009-10-08,8975,4478,4497,18726,20420,-1694,2371,2744,-373,30072,27642,2430,3708,1745,1963,46,458,-412,0,3,-3,3754,2206,1548,7590.0,7627.0,7448.0,7481.0,100041
2009-10-09,10530,5125,5405,18790,19149,-359,2628,2350,278,31948,26624,5324,4136,929,3207,572,404,168,0,3,-3,4708,1336,3372,7508.0,7565.0,7464.0,7552.0,86628
2009-10-12,11628,5137,6491,19308,20299,-991,2560,2256,304,33496,27692,5804,4776,941,3835,213,501,-288,0,3,-3,4989,1445,3544,7565.0,7594.0,7492.0,7576.0,84394
2009-10-13,12086,4936,7150,20166,19184,982,2681,2211,470,34933,26331,8602,4211,1186,3025,568,475,93,0,3,-3,4779,1664,3115,7509.0,7596.0,7276.0,7561.0,114719
2009-10-14,13932,5981,7951,20994,18170,2824,2605,1973,632,37531,26124,11407,6394,1532,4862,923,361,562,0,3,-3,7317,1896,5421,7599.0,7701.0,7591.0,7699.0,80060
2009-10-15,16649,6531,10118,20269,23270,-3001,2863,1911,952,39781,31712,8069,5146,1926,3220,641,351,290,0,3,-3,5787,2280,3507,7774.0,7786.0,7690.0,7710.0,97453
2009-10-16,16481,6281,10200,19357,24088,-4731,2737,1731,1006,38575,32100,6475,4880,1866,3014,987,337,650,0,3,-3,5867,2206,3661,7710.0,7732.0,7667.0,7694.0,75741
2009-10-19,17404,5910,11494,21176,23968,-2792,2731,1687,1044,41311,31565,9746,5006,1269,3737,1827,409,1418,0,14,-14,6833,1692,5141,7649.0,7762.0,7625.0,7753.0,73626
2009-10-20,16038,6881,9157,21917,26427,-4510,2734,1652,1082,40689,34960,5729,4233,974,3259,976,313,663,0,14,-14,5209,1301,3908,7792.0,7800.0,7731.0,7752.0,69904
2009-10-21,5435,2798,2637,14565,15920,-1355,2680,1688,992,22680,20406,2274,1274,1257,17,420,424,-4,0,14,-14,1694,1695,-1,7743.0,7758.0,7660.0,7706.0,60536
2009-10-22,6268,3388,2880,14636,16398,-1762,1869,2044,-175,22773,21830,943,1924,2642,-718,41,776,-735,0,14,-14,1965,3432,-1467,7609.0,7669.0,7524.0,7573.0,110014
2009-10-23,6062,3906,2156,15663,15825,-162,1861,1971,-110,23586,21702,1884,2323,1656,667,122,371,-249,0,14,-14,2445,2041,404,7594.0,7632.0,7571.0,7596.0,62746
2009-10-26,5643,3751,1892,16975,15032,1943,1867,1983,-116,24485,20766,3719,2385,1006,1379,454,152,302,0,14,-14,2839,1172,1667,7619.0,7765.0,7611.0,7643.0,83612
2009-10-27,5803,3388,2415,15315,14952,363,1866,2012,-146,22984,20352,2632,2485,2028,457,123,126,-3,0,14,-14,2608,2168,440,7609.0,7647.0,7537.0,7644.0,90053
2009-10-28,5258,3945,1313,12374,18333,-5959,1583,2545,-962,19215,24823,-5608,3017,2773,244,36,1036,-1000,0,14,-14,3053,3823,-770,7602.0,7650.0,7502.0,7508.0,115957
2009-10-29,4741,3981,760,11408,21066,-9658,1569,2110,-541,17718,27157,-9439,3540,3694,-154,102,1476,-1374,0,14,-14,3642,5184,-1542,7360.0,7404.0,7205.0,7322.0,127331
2009-10-30,4395,4505,-110,13740,20486,-6746,1609,2224,-615,19744,27215,-7471,3843,2967,876,78,1647,-1569,0,14,-14,3921,4628,-707,7375.0,7392.0,7278.0,7285.0,83450
2009-11-02,4761,5521,-760,16558,20261,-3703,1609,3413,-1804,22928,29195,-6267,3902,3625,277,140,612,-472,0,14,-14,4042,4251,-209,7150.0,7295.0,7135.0,7278.0,91237
2009-11-03,5266,5453,-187,16679,20488,-3809,1829,3374,-1545,23774,29315,-5541,4453,4262,191,184,1268,-1084,0,14,-14,4637,5544,-907,7278.0,7320.0,7253.0,7274.0,72941
2009-11-04,6955,5111,1844,17624,19950,-2326,1896,2686,-790,26475,27747,-1272,4226,3233,993,212,1424,-1212,0,14,-14,4438,4671,-233,7315.0,7443.0,7308.0,7439.0,88160
2009-11-05,5606,4240,1366,18372,20517,-2145,1897,2480,-583,25875,27237,-1362,4411,3717,694,289,1672,-1383,0,14,-14,4700,5403,-703,7409.0,7460.0,7375.0,7409.0,84857
2009-11-06,5804,4356,1448,18270,21947,-3677,1911,2331,-420,25985,28634,-2649,4909,3764,1145,327,1887,-1560,0,14,-14,5236,5665,-429,7502.0,7524.0,7440.0,7478.0,75178
2009-11-09,7236,5104,2132,19452,23770,-4318,1916,2174,-258,28604,31048,-2444,5839,4100,1739,278,1777,-1499,0,14,-14,6117,5891,226,7540.0,7576.0,7505.0,7549.0,73533
2009-11-10,8341,4844,3497,19067,24355,-5288,1844,2065,-221,29252,31264,-2012,6828,3830,2998,309,1966,-1657,0,14,-14,7137,5810,1327,7630.0,7639.0,7572.0,7589.0,63116
2009-11-11,11305,4309,6996,19680,25295,-5615,1898,1771,127,32883,31375,1508,5289,4079,1210,315,1198,-883,0,14,-14,5604,5291,313,7615.0,7683.0,7551.0,7681.0,101971
2009-11-12,11778,4277,7501,20140,25021,-4881,1907,2012,-105,33825,31310,2515,5251,3846,1405,164,1187,-1023,0,14,-14,5415,5047,368,7695.0,7711.0,7665.0,7686.0,65745
2009-11-13,12757,4948,7809,19430,26230,-6800,1974,1692,282,34161,32870,1291,5751,4613,1138,158,1271,-1113,0,14,-14,5909,5898,11,7660.0,7719.0,7627.0,7672.0,75594
2009-11-16,14486,5341,9145,24115,30354,-6239,1775,1574,201,40376,37269,3107,5386,3462,1924,228,875,-647,0,14,-14,5614,4351,1263,7688.0,7808.0,7676.0,7806.0,83204
2009-11-17,13631,5889,7742,25555,33742,-8187,1486,1508,-22,40672,41139,-467,4614,3410,1204,236,1591,-1355,0,3,-3,4850,5004,-154,7989.0,7997.0,7730.0,7735.0,120252
2009-11-18,6930,2770,4160,18130,23590,-5460,1551,1254,297,26611,27614,-1003,2255,556,1699,354,34,320,0,2,-2,2609,592,2017,7788.0,7803.0,7750.0,7787.0,42101
2009-11-19,6522,3012,3510,17972,23597,-5625,1551,1450,101,26045,28059,-2014,2396,1416,980,622,123,499,0,2,-2,3018,1541,1477,7756.0,7788.0,7700.0,7700.0,78989
2009-11-20,5509,3312,2197,17954,22684,-4730,1606,1534,72,25069,27530,-2461,2467,1557,910,253,29,224,0,2,-2,2720,1588,1132,7672.0,7709.0,7606.0,7672.0,92058
2009-11-23,5069,3462,1607,17559,23223,-5664,1569,1523,46,24197,28208,-4011,2497,2460,37,353,66,287,0,2,-2,2850,2528,322,7660.0,7694.0,7636.0,7691.0,49686
2009-11-24,5856,3452,2404,17460,23598,-6138,1561,1596,-35,24877,28646,-3769,2527,2697,-170,189,257,-68,0,2,-2,2716,2956,-240,7693.0,7719.0,7677.0,7700.0,50194
2009-11-25,7285,3869,3416,17390,23409,-6019,1574,1254,320,26249,28532,-2283,2575,2384,191,361,52,309,0,2,-2,2936,2438,498,7695.0,7785.0,7686.0,7776.0,81022
2009-11-26,7304,3616,3688,16822,24660,-7838,1565,1330,235,25691,29606,-3915,2461,2122,339,225,294,-69,0,2,-2,2686,2418,268,7774.0,7825.0,7732.0,7743.0,75629
2009-11-27,5950,4482,1468,15908,25994,-10086,1462,1577,-115,23320,32053,-8733,2773,3487,-714,184,1396,-1212,0,3,-3,2957,4886,-1929,7625.0,7630.0,7436.0,7440.0,109681
2009-11-30,7055,4286,2769,15974,24724,-8750,1530,1540,-10,24559,30550,-5991,2686,3113,-427,162,1433,-1271,0,3,-3,2848,4549,-1701,7558.0,7592.0,7540.0,7557.0,59762
2009-12-01,7316,4237,3079,18604,23595,-4991,1533,1569,-36,27453,29401,-1948,2679,2502,177,181,565,-384,0,3,-3,2860,3070,-210,7570.0,7670.0,7512.0,7639.0,90333
2009-12-02,8382,4431,3951,18660,24611,-5951,1551,1306,245,28593,30348,-1755,2789,2758,31,178,1015,-837,0,0,0,2967,3773,-806,7675.0,7721.0,7655.0,7689.0,73228
2009-12-03,9080,4304,4776,18433,25315,-6882,1486,1334,152,28999,30953,-1954,2639,2637,2,162,1467,-1305,0,0,0,2801,4104,-1303,7740.0,7757.0,7640.0,7697.0,80219
2009-12-04,9156,5109,4047,18496,25511,-7015,1530,1431,99,29182,32051,-2869,2646,3742,-1096,160,1212,-1052,0,0,0,2806,4954,-2148,7677.0,7710.0,7590.0,7592.0,69102
2009-12-07,11706,4855,6851,19333,24485,-5152,1623,1296,327,32662,30636,2026,2745,2756,-11,191,717,-526,0,0,0,2936,3473,-537,7649.0,7782.0,7616.0,7754.0,88669
2009-12-08,11991,5202,6789,18832,24930,-6098,1629,1266,363,32452,31398,1054,2992,3533,-541,175,1098,-923,0,0,0,3167,4631,-1464,7750.0,7774.0,7710.0,7757.0,72028
2009-12-09,13246,5865,7381,19306,25587,-6281,1629,1176,453,34181,32628,1553,2837,3192,-355,313,773,-460,0,0,0,3150,3965,-815,7719.0,7794.0,7706.0,7793.0,65111
2009-12-10,10309,5573,4736,21019,25721,-4702,1502,1471,31,32830,32765,65,2513,5148,-2635,166,1313,-1147,0,0,0,2679,6461,-3782,7799.0,7807.0,7590.0,7639.0,128000
2009-12-11,11192,4905,6287,22791,24583,-1792,1473,1375,98,35456,30863,4593,3959,3423,536,255,1233,-978,0,0,0,4214,4656,-442,7657.0,7793.0,7642.0,7792.0,94856
2009-12-14,11123,4690,6433,25370,26332,-962,1635,899,736,38128,31921,6207,3134,3524,-390,203,1032,-829,0,0,0,3337,4556,-1219,7789.0,7845.0,7735.0,7831.0,97062
2009-12-15,12178,4483,7695,26574,29966,-3392,1530,920,610,40282,35369,4913,2833,3950,-1117,169,1532,-1363,0,0,0,3002,5482,-2480,7840.0,7849.0,7781.0,7799.0,70162
2009-12-16,4246,3336,910,16502,15649,853,1660,882,778,22408,19867,2541,830,1130,-300,290,680,-390,0,0,0,1120,1810,-690,7809.0,7817.0,7706.0,7753.0,64166
2009-12-17,4319,3938,381,17750,15723,2027,1622,1221,401,23691,20882,2809,1342,1052,290,177,674,-497,0,0,0,1519,1726,-207,7713.0,7798.0,7666.0,7691.0,106265
2009-12-18,3459,3755,-296,18044,15386,2658,1672,1176,496,23175,20317,2858,2052,1241,811,175,506,-331,0,0,0,2227,1747,480,7662.0,7713.0,7611.0,7701.0,77636
2009-12-21,4816,3668,1148,18266,15017,3249,1694,969,725,24776,19654,5122,2060,1287,773,470,346,124,0,0,0,2530,1633,897,7701.0,7790.0,7701.0,7753.0,74447
2009-12-22,5551,3480,2071,20115,14702,5413,1710,759,951,27376,18941,8435,2220,1447,773,922,307,615,0,0,0,3142,1754,1388,7788.0,7834.0,7773.0,7831.0,67618
2009-12-23,6935,3099,3836,20535,14695,5840,1706,757,949,29176,18551,10625,2980,1553,1427,1379,236,1143,0,0,0,4359,1789,2570,7844.0,7879.0,7818.0,7867.0,62343
2009-12-24,7461,2512,4949,21932,15016,6916,1623,901,722,31016,18429,12587,2716,1352,1364,1760,103,1657,0,0,0,4476,1455,3021,7888.0,7974.0,7871.0,7953.0,79018
2009-12-25,7726,2396,5330,22344,15006,7338,1642,882,760,31712,18284,13428,2670,1430,1240,1633,75,1558,0,0,0,4303,1505,2798,7960.0,7987.0,7945.0,7983.0,40328
2009-12-28,9588,2819,6769,23043,16930,6113,1771,843,928,34402,20592,13810,2460,1210,1250,713,173,540,0,0,0,3173,1383,1790,7995.0,8078.0,7976.0,8045.0,73145
2009-12-29,9778,2761,7017,23096,17903,5193,1674,833,841,34548,21497,13051,2528,941,1587,641,156,485,0,0,0,3169,1097,2072,8033.0,8063.0,8022.0,8059.0,53930
2009-12-30,9806,2877,6929,23253,18283,4970,1674,833,841,34733,21993,12740,2397,1091,1306,810,134,676,0,0,0,3207,1225,1982,8050.0,8115.0,8043.0,8091.0,59359
2009-12-31,12432,3298,9134,21806,19008,2798,1621,851,770,35859,23157,12702,2412,880,1532,860,155,705,0,0,0,3272,1035,2237,8106.0,8205.0,8105.0,8205.0,67209
2010-01-04,13197,4562,8635,23128,20483,2645,1627,843,784,37952,25888,12064,2275,943,1332,370,249,121,0,0,0,2645,1192,1453,8203.0,8211.0,8101.0,8166.0,84131
2010-01-05,13724,3683,10041,24675,22319,2356,1534,814,720,39933,26816,13117,3797,959,2838,248,618,-370,0,0,0,4045,1577,2468,8212.0,8260.0,8125.0,8178.0,108012
2010-01-06,16969,5064,11905,27376,23386,3990,1705,859,846,46050,29309,16741,5882,1185,4697,403,314,89,0,0,0,6285,1499,4786,8197.0,8336.0,8179.0,8320.0,120081
2010-01-07,17788,4366,13422,22582,25908,-3326,1745,806,939,42115,31080,11035,4465,1467,2998,248,1696,-1448,0,0,0,4713,3163,1550,8335.0,8355.0,8230.0,8259.0,120555
2010-01-08,19001,5638,13363,22734,27464,-4730,1753,881,872,43488,33983,9505,4733,1328,3405,168,2216,-2048,0,0,0,4901,3544,1357,8287.0,8297.0,8183.0,8278.0,104771
2010-01-11,19552,5833,13719,25838,28121,-2283,1756,740,1016,47146,34694,12452,3990,1589,2401,162,2359,-2197,0,0,0,4152,3948,204,8278.0,8353.0,8251.0,8325.0,88096
2010-01-12,20188,6142,14046,25508,28846,-3338,1804,664,1140,47500,35652,11848,4314,1917,2397,173,2776,-2603,0,0,0,4487,4693,-206,8318.0,8337.0,8246.0,8308.0,99739
2010-01-13,19999,8082,11917,25111,31208,-6097,1777,839,938,46887,40129,6758,4570,2929,1641,181,3039,-2858,0,0,0,4751,5968,-1217,8259.0,8275.0,8191.0,8215.0,108932
2010-01-14,22739,7975,14764,27015,33146,-6131,1815,705,1110,51569,41826,9743,6085,2473,3612,200,2463,-2263,0,0,0,6285,4936,1349,8246.0,8328.0,8236.0,8301.0,81125
2010-01-15,25363,8240,17123,26835,33520,-6685,1467,662,805,53665,42422,11243,6654,2445,4209,208,1942,-1734,0,0,0,6862,4387,2475,8310.0,8385.0,8307.0,8369.0,96104
2010-01-18,25308,8749,16559,26268,36043,-9775,1519,661,858,53095,45453,7642,4889,2315,2574,584,2044,-1460,0,0,0,5473,4359,1114,8300.0,8383.0,8286.0,8353.0,78516
2010-01-19,22880,8825,14055,25616,37465,-11849,1412,769,643,49908,47059,2849,5443,4808,635,162,2915,-2753,0,0,0,5605,7723,-2118,8370.0,8382.0,8230.0,8270.0,121248
2010-01-20,10026,6054,3972,18160,24081,-5921,1305,992,313,29491,31127,-1636,1925,2561,-636,510,663,-153,0,0,0,2435,3224,-789,8306.0,8312.0,8198.0,8215.0,67857
2010-01-21,9610,6548,3062,16087,29321,-13234,1450,1322,128,27147,37191,-10044,1848,5098,-3250,368,379,-11,0,0,0,2216,5477,-3261,8185.0,8213.0,8112.0,8134.0,117077
2010-01-22,9441,7415,2026,17883,36295,-18412,1483,1234,249,28807,44944,-16137,2562,4563,-2001,221,404,-183,0,0,0,2783,4967,-2184,8019.0,8023.0,7884.0,7897.0,126740
2010-01-25,10485,5958,4527,18592,39532,-20940,1537,1126,411,30614,46616,-16002,3109,4731,-1622,1056,454,602,0,0,0,4165,5185,-1020,7822.0,7912.0,7802.0,7852.0,87477
2010-01-26,8738,5670,3068,19874,35288,-15414,1426,1999,-573,30038,42957,-12919,3580,3452,128,175,234,-59,0,0,0,3755,3686,69,7832.0,7886.0,7520.0,7556.0,182130
2010-01-27,7437,6458,979,20519,36478,-15959,1456,1561,-105,29412,44497,-15085,3409,2766,643,170,312,-142,0,0,0,3579,3078,501,7574.0,7633.0,7509.0,7534.0,116963
2010-01-28,7592,5144,2448,21078,34941,-13863,1439,1753,-314,30109,41838,-11729,3574,2418,1156,1058,244,814,0,10,-10,4632,2672,1960,7579.0,7745.0,7555.0,7699.0,117356
2010-01-29,7318,6032,1286,21634,34388,-12754,1462,1898,-436,30414,42318,-11904,3363,3149,214,630,211,419,0,20,-20,3993,3380,613,7552.0,7633.0,7442.0,7580.0,148605
2010-02-01,8386,6591,1795,22969,35218,-12249,1508,2123,-615,32863,43932,-11069,3677,4082,-405,313,901,-588,0,20,-20,3990,5003,-1013,7569.0,7634.0,7442.0,7513.0,133007
2010-02-02,8924,7622,1302,26914,33045,-6131,1595,2285,-690,37433,42952,-5519,5236,5572,-336,192,1360,-1168,0,20,-20,5428,6952,-1524,7580.0,7603.0,7346.0,7371.0,143485
2010-02-03,8852,7718,1134,26397,33125,-6728,1695,2032,-337,36944,42875,-5931,5877,5776,101,230,132,98,0,20,-20,6107,5928,179,7456.0,7528.0,7390.0,7501.0,139624
2010-02-04,7652,8196,-544,26355,30921,-4566,1775,2021,-246,35782,41138,-5356,5806,6483,-677,160,185,-25,0,20,-20,5966,6688,-722,7503.0,7538.0,7460.0,7507.0,90229
2010-02-05,6610,9013,-2403,29140,31849,-2709,1575,2047,-472,37325,42909,-5584,5077,7409,-2332,164,128,36,0,25,-25,5241,7562,-2321,7300.0,7321.0,7130.0,7201.0,127511
2010-02-06,6003,8625,-2622,29132,32963,-3831,1667,2388,-721,36802,43976,-7174,5330,6458,-1128,201,335,-134,0,25,-25,5531,6818,-1287,7229.0,7236.0,7056.0,7155.0,102594
2010-02-08,4679,8833,-4154,31218,31967,-749,1664,2156,-492,37561,42956,-5395,6581,6320,261,302,281,21,0,25,-25,6883,6626,257,7155.0,7235.0,7125.0,7160.0,99368
2010-02-09,5211,7568,-2357,31165,32382,-1217,1544,1527,17,37920,41477,-3557,4562,5304,-742,744,267,477,0,25,-25,5306,5596,-290,7171.0,7344.0,7151.0,7316.0,115841
2010-02-10,5526,8095,-2569,33069,32135,934,1583,1509,74,40178,41739,-1561,3972,4395,-423,615,271,344,0,25,-25,4587,4691,-104,7350.0,7479.0,7345.0,7419.0,117786
2010-02-22,4953,2698,2255,21066,24089,-3023,1544,1248,296,27563,28035,-472,354,2522,-2168,68,927,-859,0,25,-25,422,3474,-3052,7708.0,7708.0,7553.0,7558.0,49687
2010-02-23,5915,3268,2647,20897,24098,-3201,1547,1221,326,28359,28587,-228,1627,2655,-1028,79,737,-658,0,25,-25,1706,3417,-1711,7534.0,7552.0,7451.0,7535.0,90651
2010-02-24,5239,3561,1678,23413,25576,-2163,1532,1277,255,30184,30414,-230,635,4169,-3534,107,579,-472,0,25,-25,742,4773,-4031,7468.0,7545.0,7458.0,7480.0,83099
2010-02-25,4346,4880,-534,27152,26875,277,1446,1492,-46,32944,33247,-303,1507,3248,-1741,82,877,-795,0,25,-25,1589,4150,-2561,7505.0,7522.0,7335.0,7368.0,124223
2010-02-26,4359,4679,-320,26523,27316,-793,1428,1703,-275,32310,33698,-1388,1644,2905,-1261,112,923,-811,0,25,-25,1756,3853,-2097,7378.0,7434.0,7341.0,7383.0,91371
2010-03-01,8604,4126,4478,29156,28262,894,1431,1547,-116,39191,33935,5256,1272,1661,-389,162,400,-238,0,25,-25,1434,2086,-652,7413.0,7605.0,7395.0,7575.0,118336
2010-03-02,8491,4153,4338,28426,28334,92,1454,1279,175,38371,33766,4605,1389,1820,-431,161,728,-567,0,25,-25,1550,2573,-1023,7595.0,7649.0,7569.0,7601.0,85761
2010-03-03,8405,4039,4366,27957,27896,61,1450,1284,166,37812,33219,4593,1736,1421,315,135,618,-483,0,25,-25,1871,2064,-193,7596.0,7664.0,7578.0,7611.0,90229
2010-03-04,5786,4513,1273,30529,27153,3376,1447,1305,142,37762,32971,4791,2218,1454,764,149,840,-691,0,0,0,2367,2294,73,7622.0,7639.0,7463.0,7526.0,117200
2010-03-05,7568,4947,2621,30629,28075,2554,1444,1400,44,39641,34422,5219,2402,1191,1211,136,1117,-981,0,0,0,2538,2308,230,7603.0,7692.0,7558.0,7659.0,117270
2010-03-08,8928,5608,3320,31772,27595,4177,1447,1329,118,42147,34532,7615,2550,999,1551,118,1306,-1188,0,0,0,2668,2305,363,7729.0,7758.0,7686.0,7755.0,78128
2010-03-09,9044,5742,3302,31912,27937,3975,1450,1134,316,42406,34813,7593,2949,896,2053,108,1380,-1272,0,0,0,3057,2276,781,7771.0,7774.0,7724.0,7764.0,57308
2010-03-10,9900,6129,3771,32208,29144,3064,1450,1070,380,43558,36343,7215,2367,1075,1292,98,1083,-985,0,0,0,2465,2158,307,7771.0,7792.0,7703.0,7769.0,80818
2010-03-11,9915,5640,4275,33536,30863,2673,1585,1039,546,45036,37542,7494,2413,1415,998,91,1234,-1143,0,0,0,2504,2649,-145,7800.0,7808.0,7731.0,7757.0,84883
2010-03-12,8914,6338,2576,33093,31758,1335,1592,1042,550,43599,39138,4461,1945,1745,200,79,1074,-995,0,0,0,2024,2819,-795,7785.0,7788.0,7711.0,7754.0,66469
2010-03-15,9129,8228,901,35287,33417,1870,1438,1394,44,45854,43039,2815,1902,3162,-1260,95,1060,-965,0,0,0,1997,4222,-2225,7756.0,7758.0,7631.0,7655.0,111429
2010-03-16,7278,8153,-875,39061,35620,3441,1437,1346,91,47776,45119,2657,2860,3756,-896,91,512,-421,0,0,0,2951,4268,-1317,7651.0,7707.0,7642.0,7703.0,61394
2010-03-17,4296,2603,1693,19828,19952,-124,1367,755,612,25491,23310,2181,575,2498,-1923,462,76,386,0,0,0,1037,2574,-1537,7750.0,7844.0,7745.0,7842.0,63598
2010-03-18,5562,2838,2724,18290,22349,-4059,1671,738,933,25523,25925,-402,1334,1338,-4,583,840,-257,0,0,0,1917,2178,-261,7837.0,7922.0,7818.0,7850.0,93097
2010-03-19,6221,2907,3314,19137,22351,-3214,1661,740,921,27019,25998,1021,1326,1704,-378,716,866,-150,0,0,0,2042,2570,-528,7850.0,7884.0,7826.0,7867.0,66434
2010-03-22,5446,3324,2122,19216,23234,-4018,1597,868,729,26259,27426,-1167,1847,1863,-16,602,1085,-483,0,0,0,2449,2948,-499,7830.0,7840.0,7745.0,7802.0,92460
2010-03-23,5163,4018,1145,18837,22047,-3210,1612,929,683,25612,26994,-1382,1207,2299,-1092,276,1105,-829,0,0,0,1483,3404,-1921,7850.0,7863.0,7756.0,7804.0,90596
2010-03-24,5431,4416,1015,19744,23743,-3999,1677,1027,650,26852,29186,-2334,1357,3002,-1645,413,1104,-691,0,0,0,1770,4106,-2336,7865.0,7876.0,7804.0,7815.0,84035
2010-03-25,5362,4708,654,19352,25301,-5949,1687,957,730,26401,30966,-4565,1918,3261,-1343,543,1336,-793,0,0,0,2461,4597,-2136,7792.0,7858.0,7716.0,7803.0,129037
2010-03-26,5976,5721,255,20480,18895,1585,1651,1243,408,28107,25859,2248,2074,2806,-732,574,1049,-475,0,0,0,2648,3855,-1207,7809.0,7917.0,7724.0,7886.0,138132
2010-03-29,6405,5833,572,20589,20465,124,1651,1196,455,28645,27494,1151,2202,2364,-162,553,655,-102,0,0,0,2755,3019,-264,7912.0,7966.0,7885.0,7957.0,80247
2010-03-30,6081,6158,-77,20616,21711,-1095,1660,1188,472,28357,29057,-700,1763,2699,-936,182,693,-511,0,0,0,1945,3392,-1447,7977.0,7991.0,7940.0,7961.0,62687
2010-03-31,6356,7156,-800,21006,21957,-951,1590,1255,335,28952,30368,-1416,1954,3776,-1822,436,736,-300,0,0,0,2390,4512,-2122,7946.0,7970.0,7895.0,7906.0,74622
2010-04-01,7652,7188,464,22394,23334,-940,1601,1151,450,31647,31673,-26,3928,2743,1185,741,710,31,0,0,0,4669,3453,1216,7940.0,8041.0,7926.0,8025.0,95385
2010-04-02,7588,6852,736,21676,22222,-546,1601,871,730,30865,29945,920,2393,2674,-281,277,902,-625,0,0,0,2670,3576,-906,8024.0,8047.0,8015.0,8039.0,40155
2010-04-06,7976,6838,1138,26951,25586,1365,1590,855,735,36517,33279,3238,1386,2922,-1536,295,1022,-727,0,0,0,1681,3944,-2263,8071.0,8142.0,8062.0,8096.0,87309
2010-04-07,9358,6760,2598,27267,28169,-902,1596,838,758,38221,35767,2454,1467,3430,-1963,313,1024,-711,0,0,0,1780,4454,-2674,8125.0,8140.0,8095.0,8126.0,62123
2010-04-08,8961,6603,2358,27202,29477,-2275,1611,972,639,37774,37052,722,1473,4484,-3011,219,1625,-1406,0,0,0,1692,6109,-4417,8110.0,8170.0,8045.0,8081.0,127263
2010-04-09,10407,6695,3712,27515,31472,-3957,1607,1210,397,39529,39377,152,2317,4675,-2358,349,1205,-856,0,0,0,2666,5880,-3214,8077.0,8105.0,8046.0,8101.0,71514
2010-04-12,11396,6985,4411,27673,33829,-6156,1562,1212,350,40631,42026,-1395,1948,6098,-4150,257,1419,-1162,0,0,0,2205,7517,-5312,8158.0,8168.0,8086.0,8126.0,79826
2010-04-13,10139,7478,2661,27063,33636,-6573,1614,1434,180,38816,42548,-3732,1867,6260,-4393,307,1429,-1122,0,0,0,2174,7689,-5515,8086.0,8119.0,8013.0,8019.0,118213
2010-04-14,11353,7349,4004,28564,33325,-4761,1562,1262,300,41479,41936,-457,1887,5081,-3194,418,848,-430,0,0,0,2305,5929,-3624,8065.0,8114.0,8038.0,8112.0,79410
2010-04-15,12166,7940,4226,29280,32834,-3554,1563,1180,383,43009,41954,1055,1519,4704,-3185,373,970,-597,0,0,0,1892,5674,-3782,8153.0,8196.0,8130.0,8158.0,82591
2010-04-16,11711,7353,4358,28414,33399,-4985,1355,1281,74,41480,42033,-553,1680,6182,-4502,538,1157,-619,0,0,0,2218,7339,-5121,8147.0,8155.0,8070.0,8102.0,97706
2010-04-19,11993,8544,3449,31038,38502,-7464,1290,1992,-702,44321,49038,-4717,3474,8867,-5393,846,956,-110,0,0,0,4320,9823,-5503,8002.0,8033.0,7821.0,7822.0,132915
2010-04-20,11486,7739,3747,35306,39174,-3868,1245,2101,-856,48037,49014,-977,4408,5167,-759,1121,495,626,0,10,-10,5529,5672,-143,7880.0,7911.0,7825.0,7876.0,90356
2010-04-21,4558,4226,332,24687,23342,1345,1252,1586,-334,30497,29154,1343,397,2159,-1762,897,111,786,0,10,-10,1294,2280,-986,7950.0,7998.0,7923.0,7980.0,75433
2010-04-22,5497,4207,1290,25477,22424,3053,1262,1642,-380,32236,28273,3963,403,2878,-2475,1657,68,1589,0,10,-10,2060,2956,-896,7905.0,7953.0,7843.0,7925.0,116094
2010-04-23,5759,4892,867,25044,21047,3997,1262,1554,-292,32065,27493,4572,772,2755,-1983,2198,324,1874,0,10,-10,2970,3089,-119,7951.0,7983.0,7937.0,7958.0,79346
2010-04-26,8063,4257,3806,25417,23880,1537,1490,741,749,34970,28878,6092,1027,2245,-1218,1076,192,884,0,10,-10,2103,2447,-344,8077.0,8162.0,8070.0,8148.0,87141
2010-04-27,8250,4306,3944,24480,24681,-201,1525,751,774,34255,29738,4517,1115,3639,-2524,743,351,392,0,10,-10,1858,4000,-2142,8148.0,8152.0,8109.0,8130.0,60876
2010-04-28,7701,4276,3425,23975,27069,-3094,1576,861,715,33252,32206,1046,1373,4710,-3337,1009,223,786,0,0,0,2382,4933,-2551,7961.0,8059.0,7920.0,8035.0,116469
2010-04-29,6724,5018,1706,22906,22638,268,1570,896,674,31200,28552,2648,2189,4969,-2780,1407,748,659,0,0,0,3596,5717,-2121,8036.0,8065.0,8011.0,8043.0,70064
2010-04-30,5718,5105,613,22637,24593,-1956,1552,972,580,29907,30670,-763,2307,7437,-5130,595,762,-167,0,0,0,2902,8199,-5297,8128.0,8152.0,7966.0,7989.0,131598
2010-05-03,5178,5065,113,21981,25805,-3824,1275,1069,206,28434,31939,-3505,2415,9771,-7356,903,876,27,0,0,0,3318,10647,-7329,7925.0,8001.0,7876.0,7931.0,116275
2010-05-04,4858,5156,-298,22804,26434,-3630,1437,920,517,29099,32510,-3411,2765,10561,-7796,1283,1027,256,0,0,0,4048,11588,-7540,7968.0,7982.0,7848.0,7880.0,129308
2010-05-05,4897,6453,-1556,21921,27327,-5406,1266,1511,-245,28084,35291,-7207,2356,7981,-5625,2086,1014,1072,0,0,0,4442,8995,-4553,7690.0,7750.0,7649.0,7657.0,139679
2010-05-06,4594,6122,-1528,23006,25271,-2265,1261,1699,-438,28861,33092,-4231,1954,8436,-6482,2781,1177,1604,0,0,0,4735,9613,-4878,7643.0,7669.0,7512.0,7579.0,128579
2010-05-07,5546,6839,-1293,26886,26884,2,1309,1449,-140,33741,35172,-1431,3152,7426,-4274,2062,886,1176,0,0,0,5214,8312,-3098,7352.0,7547.0,7351.0,7502.0,157944
2010-05-10,5105,7195,-2090,28432,24629,3803,1325,1705,-380,34862,33529,1333,4557,7161,-2604,2647,1190,1457,0,0,0,7204,8351,-1147,7564.0,7638.0,7531.0,7637.0,104819
2010-05-11,5390,8085,-2695,32052,24651,7401,1345,1809,-464,38787,34545,4242,1752,8040,-6288,3640,1195,2445,0,0,0,5392,9235,-3843,7570.0,7697.0,7555.0,7568.0,137129
2010-05-12,5240,8081,-2841,32865,24755,8110,1325,1803,-478,39430,34639,4791,3495,9185,-5690,3850,1007,2843,0,0,0,7345,10192,-2847,7630.0,7658.0,7541.0,7587.0,125000
2010-05-13,6936,7851,-915,35941,27361,8580,1328,1281,47,44205,36493,7712,5963,8086,-2123,1600,709,891,0,0,0,7563,8795,-1232,7698.0,7777.0,7660.0,7761.0,118535
2010-05-14,6425,6916,-491,36547,29335,7212,1274,1247,27,44246,37498,6748,4540,8663,-4123,2137,1635,502,0,0,0,6677,10298,-3621,7712.0,7766.0,7702.0,7760.0,83064
2010-05-17,5378,7910,-2532,42302,34487,7815,1263,1783,-520,48943,44180,4763,5183,11293,-6110,1908,2516,-608,0,0,0,7091,13809,-6718,7680.0,7682.0,7555.0,7602.0,132831
2010-05-18,4081,8421,-4340,42177,35414,6763,1288,1873,-585,47546,45708,1838,4465,11797,-7332,1529,2474,-945,0,0,0,5994,14271,-8277,7610.0,7640.0,7576.0,7619.0,92214
2010-05-19,2744,6870,-4126,25334,24850,484,1394,2425,-1031,29472,34145,-4673,1512,6481,-4969,2344,544,1800,0,0,0,3856,7025,-3169,7518.0,7587.0,7468.0,7576.0,80404
2010-05-20,2968,9840,-6872,27304,24596,2708,1394,2724,-1330,31666,37160,-5494,1879,8160,-6281,1630,634,996,0,0,0,3509,8794,-5285,7509.0,7514.0,7356.0,7357.0,129922
2010-05-21,3235,10447,-7212,31540,23519,8021,1428,2870,-1442,36203,36836,-633,3809,8652,-4843,2725,254,2471,0,0,0,6534,8906,-2372,7164.0,7247.0,7112.0,7209.0,121989
2010-05-24,4620,10692,-6072,30912,23192,7720,1446,2780,-1334,36978,36664,314,2022,9392,-7370,3485,250,3235,0,0,0,5507,9642,-4135,7224.0,7319.0,7214.0,7274.0,100810
2010-05-25,4104,12649,-8545,32384,23531,8853,1460,3013,-1553,37948,39193,-1245,2029,10091,-8062,3391,522,2869,0,0,0,5420,10613,-5193,7188.0,7189.0,7006.0,7052.0,149343
2010-05-26,4029,12106,-8077,30802,24630,6172,1460,2452,-992,36291,39188,-2897,2092,9775,-7683,3090,827,2263,0,0,0,5182,10602,-5420,7122.0,7154.0,7045.0,7122.0,128300
2010-05-27,4399,11376,-6977,30278,23727,6551,1469,2360,-891,36146,37463,-1317,1963,9422,-7459,3295,404,2891,0,0,0,5258,9826,-4568,7103.0,7234.0,7056.0,7202.0,133780
2010-05-28,4711,12580,-7869,31739,22410,9329,1468,1617,-149,37918,36607,1311,2615,9276,-6661,4233,1244,2989,0,0,0,6848,10520,-3672,7289.0,7328.0,7221.0,7280.0,127565
2010-05-31,5126,13293,-8167,32563,21582,10981,1498,1650,-152,39187,36525,2662,3157,6717,-3560,4344,1531,2813,0,0,0,7501,8248,-747,7302.0,7333.0,7255.0,7325.0,81072
2010-06-01,5278,13595,-8317,34545,20948,13597,1481,2114,-633,41304,36657,4647,3517,7565,-4048,4418,1913,2505,0,0,0,7935,9478,-1543,7283.0,7321.0,7220.0,7244.0,131341
2010-06-02,5123,14478,-9355,38808,22385,16423,1478,2981,-1503,45409,39844,5565,3217,8569,-5352,5143,679,4464,0,0,0,8360,9248,-888,7193.0,7282.0,7101.0,7140.0,146272
2010-06-03,6750,14876,-8126,42796,24258,18538,1477,2638,-1161,51023,41772,9251,3681,6662,-2981,5439,856,4583,0,0,0,9120,7518,1602,7253.0,7341.0,7252.0,7338.0,110634
2010-06-04,6684,13840,-7156,42633,25537,17096,1472,2711,-1239,50789,42088,8701,2639,6913,-4274,5282,447,4835,0,0,0,7921,7360,561,7338.0,7348.0,7305.0,7321.0,62707
2010-06-07,6018,14837,-8819,44840,25158,19682,1447,3244,-1797,52305,43239,9066,2862,8418,-5556,6934,1497,5437,0,0,0,9796,9915,-119,7100.0,7128.0,7035.0,7097.0,128756
2010-06-08,5732,14380,-8648,44963,25458,19505,1442,3308,-1866,52137,43146,8991,2626,8245,-5619,7047,1627,5420,0,0,0,9673,9872,-199,7097.0,7139.0,7075.0,7129.0,86675
2010-06-09,5978,15069,-9091,45886,25694,20192,1449,3467,-2018,53313,44230,9083,3362,9219,-5857,7085,1905,5180,0,0,0,10447,11124,-677,7080.0,7139.0,6990.0,7038.0,125232
2010-06-10,8537,13020,-4483,45275,26596,18679,1467,3653,-2186,55279,43269,12010,3155,7511,-4356,7319,1389,5930,0,0,0,10474,8900,1574,7068.0,7164.0,7038.0,7163.0,109141
2010-06-11,9201,13634,-4433,44299,28547,15752,1449,3120,-1671,54949,45301,9648,3265,7650,-4385,7241,1297,5944,0,0,0,10506,8947,1559,7316.0,7317.0,7244.0,7293.0,84575
2010-06-14,8916,11403,-2487,43583,27501,16082,1444,3127,-1683,53943,42031,11912,4045,7606,-3561,6953,1578,5375,0,0,0,10998,9184,1814,7356.0,7395.0,7336.0,7382.0,76580
2010-06-15,8367,10000,-1633,40123,26706,13417,1445,3241,-1796,49935,39947,9988,4062,8262,-4200,7536,1624,5912,0,0,0,11598,9886,1712,7378.0,7498.0,7364.0,7459.0,93703
2010-06-17,4472,6767,-2295,27313,16356,10957,1418,2087,-669,33203,25210,7993,1381,5246,-3865,3768,62,3706,0,0,0,5149,5308,-159,7518.0,7537.0,7479.0,7519.0,57082
2010-06-18,5744,7365,-1621,28213,16931,11282,1418,2082,-664,35375,26378,8997,2129,6261,-4132,3734,222,3512,0,0,0,5863,6483,-620,7364.0,7387.0,7297.0,7352.0,96166
2010-06-21,6854,5702,1152,28076,18066,10010,1415,1818,-403,36345,25586,10759,2088,6423,-4335,3684,614,3070,0,0,0,5772,7037,-1265,7440.0,7525.0,7408.0,7523.0,114904
2010-06-22,6401,5703,698,26260,17711,8549,1392,1648,-256,34053,25062,8991,1586,6394,-4808,3701,711,2990,0,0,0,5287,7105,-1818,7480.0,7506.0,7468.0,7480.0,61354
2010-06-23,6336,5477,859,26602,23109,3493,1398,1667,-269,34336,30253,4083,1315,7328,-6013,3839,800,3039,0,0,0,5154,8128,-2974,7430.0,7478.0,7388.0,7437.0,98541
2010-06-24,6224,5603,621,26991,23063,3928,1420,1674,-254,34635,30340,4295,1412,7305,-5893,4089,695,3394,0,0,0,5501,8000,-2499,7431.0,7456.0,7398.0,7427.0,69407
2010-06-25,5186,5717,-531,26901,22105,4796,1448,2571,-1123,33535,30393,3142,1411,8500,-7089,4096,1122,2974,0,0,0,5507,9622,-4115,7341.0,7385.0,7302.0,7324.0,101937
2010-06-28,5170,5761,-591,28392,21929,6463,1435,2965,-1530,34997,30655,4342,1478,8533,-7055,4372,727,3645,0,0,0,5850,9260,-3410,7334.0,7375.0,7326.0,7362.0,57111
2010-06-29,5042,6536,-1494,26101,22661,3440,1430,3653,-2223,32573,32850,-277,1479,11220,-9741,4752,1474,3278,0,0,0,6231,12694,-6463,7393.0,7453.0,7251.0,7252.0,136712
2010-06-30,5226,6667,-1441,27572,20003,7569,1427,3748,-2321,34225,30418,3807,1413,11056,-9643,4397,1389,3008,0,0,0,5810,12445,-6635,7126.0,7168.0,7092.0,7153.0,88601
2010-07-01,4964,7328,-2364,27399,19701,7698,1442,3743,-2301,33805,30772,3033,1401,11417,-10016,4545,1567,2978,0,0,0,5946,12984,-7038,7123.0,7147.0,7061.0,7101.0,113002
2010-07-02,5286,7652,-2366,28241,19129,9112,1485,3718,-2233,35012,30499,4513,1446,9280,-7834,4977,1515,3462,0,0,0,6423,10795,-4372,7135.0,7216.0,7116.0,7165.0,105182
2010-07-05,6226,7301,-1075,28966,19149,9817,1815,2463,-648,37007,28913,8094,2698,7678,-4980,4830,1025,3805,0,0,0,7528,8703,-1175,7185.0,7325.0,7168.0,7324.0,108042
2010-07-06,6843,6020,823,29251,21573,7678,1772,2519,-747,37866,30112,7754,4183,5022,-839,4494,1102,3392,0,0,0,8677,6124,2553,7262.0,7458.0,7246.0,7456.0,124317
2010-07-07,6967,6745,222,29077,20862,8215,1922,2837,-915,37966,30444,7522,4114,4917,-803,4180,1308,2872,0,0,0,8294,6225,2069,7436.0,7455.0,7406.0,7447.0,79243
2010-07-08,8843,7391,1452,30184,23488,6696,1918,2888,-970,40945,33767,7178,4873,4797,76,4623,1881,2742,0,0,0,9496,6678,2818,7568.0,7571.0,7500.0,7532.0,96454
2010-07-09,9009,7261,1748,31100,23889,7211,1959,2835,-876,42068,33985,8083,2523,4641,-2118,4919,1645,3274,0,0,0,7442,6286,1156,7540.0,7582.0,7522.0,7566.0,70477
2010-07-12,8117,7887,230,32296,23887,8409,1996,2749,-753,42409,34523,7886,2790,4579,-1789,5298,2329,2969,0,0,0,8088,6908,1180,7590.0,7654.0,7528.0,7533.0,97622
2010-07-13,8314,7538,776,33408,23949,9459,2067,2818,-751,43789,34305,9484,2449,4617,-2168,5381,1936,3445,0,0,0,7830,6553,1277,7589.0,7603.0,7517.0,7560.0,92650
2010-07-14,8951,7364,1587,34497,24022,10475,2208,3302,-1094,45656,34688,10968,2606,4124,-1518,5239,2694,2545,0,0,0,7845,6818,1027,7660.0,7703.0,7645.0,7703.0,82523
2010-07-15,8657,7017,1640,34487,24665,9822,2208,3231,-1023,45352,34913,10439,2668,4061,-1393,5529,3327,2202,0,0,0,8197,7388,809,7677.0,7728.0,7668.0,7707.0,76060
2010-07-16,7954,7491,463,33980,24363,9617,2162,3162,-1000,44096,35016,9080,2649,4488,-1839,5932,3945,1987,0,0,0,8581,8433,148,7701.0,7715.0,7635.0,7669.0,106135
2010-07-19,7773,7602,171,33652,26276,7376,2170,3130,-960,43595,37008,6587,2297,4986,-2689,6483,4674,1809,0,0,0,8780,9660,-880,7601.0,7673.0,7591.0,7659.0,77670
2010-07-20,7942,6530,1412,34916,28139,6777,2186,2898,-712,45044,37567,7477,2070,4540,-2470,6550,4434,2116,0,0,0,8620,8974,-354,7647.0,7746.0,7635.0,7709.0,100166
2010-07-21,2768,6052,-3284,23182,16562,6620,2277,2314,-37,28227,24928,3299,973,2421,-1448,2831,832,1999,0,0,0,3804,3253,551,7758.0,7758.0,7683.0,7687.0,51616
2010-07-22,2981,6486,-3505,24525,17089,7436,2271,2223,48,29777,25798,3979,1099,3409,-2310,2524,348,2176,0,0,0,3623,3757,-134,7585.0,7614.0,7536.0,7563.0,91546
2010-07-23,3984,6194,-2210,24928,16863,8065,2332,2088,244,31244,25145,6099,1243,2160,-917,3224,441,2783,0,0,0,4467,2601,1866,7647.0,7703.0,7635.0,7680.0,83773
2010-07-26,4328,6351,-2023,24236,17154,7082,2340,2040,300,30904,25545,5359,1480,2333,-853,3172,739,2433,0,0,0,4652,3072,1580,7715.0,7728.0,7682.0,7709.0,61705
2010-07-27,4586,6067,-1481,24255,22116,2139,2522,2048,474,31363,30231,1132,1392,3537,-2145,3236,873,2363,1,0,1,4629,4410,219,7730.0,7733.0,7642.0,7657.0,84227
2010-07-28,4556,6228,-1672,28714,20629,8085,2578,2064,514,35848,28921,6927,2033,3016,-983,3107,113,2994,2,0,2,5142,3129,2013,7679.0,7732.0,7635.0,7723.0,80898
2010-07-29,5029,6052,-1023,26672,20438,6234,2574,2255,319,34275,28745,5530,1587,4152,-2565,3418,353,3065,2,0,2,5007,4505,502,7720.0,7731.0,7668.0,7707.0,80324
2010-07-30,4420,6090,-1670,28484,20287,8197,2563,2578,-15,35467,28955,6512,2214,3113,-899,3173,768,2405,2,0,2,5389,3881,1508,7685.0,7699.0,7638.0,7682.0,83628
2010-08-02,5983,5472,511,28919,20792,8127,2550,1912,638,37452,28176,9276,1984,3026,-1042,3550,321,3229,2,0,2,5536,3347,2189,7748.0,7878.0,7746.0,7870.0,88137
2010-08-03,6510,5072,1438,29160,22136,7024,2559,1718,841,38229,28926,9303,2171,3299,-1128,3319,953,2366,2,0,2,5492,4252,1240,7911.0,7916.0,7868.0,7914.0,58141
2010-08-04,5597,4599,998,28936,21412,7524,2562,1738,824,37095,27749,9346,2264,3131,-867,3302,1027,2275,2,0,2,5568,4158,1410,7886.0,7928.0,7872.0,7911.0,79056
2010-08-05,6490,4458,2032,28737,23068,5669,2565,1781,784,37792,29307,8485,2378,3270,-892,3086,1343,1743,2,0,2,5466,4613,853,7960.0,7960.0,7875.0,7913.0,88965
2010-08-06,6285,4637,1648,29132,24072,5060,2565,1771,794,37982,30480,7502,2383,3398,-1015,3165,1456,1709,2,0,2,5550,4854,696,7890.0,7932.0,7880.0,7929.0,65549
2010-08-09,6028,4933,1095,30577,23454,7123,2536,1601,935,39141,29988,9153,3103,3019,84,3064,671,2393,2,0,2,6169,3690,2479,7911.0,8001.0,7911.0,7987.0,71723
2010-08-10,5423,4430,993,30014,25047,4967,2542,1597,945,37979,31074,6905,2462,3651,-1189,3171,1845,1326,2,0,2,5635,5496,139,7998.0,7998.0,7933.0,7936.0,70375
2010-08-11,5122,4686,436,30225,26083,4142,2676,1656,1020,38023,32425,5598,2460,4561,-2101,3034,973,2061,2,0,2,5496,5534,-38,7886.0,7930.0,7833.0,7856.0,114453
2010-08-12,6336,4869,1467,30254,28322,1932,2729,1713,1016,39319,34904,4415,2411,4458,-2047,2866,1236,1630,2,0,2,5279,5694,-415,7778.0,7824.0,7764.0,7800.0,85123
2010-08-13,7368,4377,2991,32034,29085,2949,2727,1611,1116,42129,35073,7056,2727,3388,-661,3043,1191,1852,2,0,2,5772,4579,1193,7816.0,7925.0,7803.0,7911.0,95376
2010-08-16,6870,5209,1661,33411,29394,4017,2717,1429,1288,42998,36032,6966,3187,2722,465,3139,957,2182,2,0,2,6328,3679,2649,7843.0,7957.0,7830.0,7946.0,85244
2010-08-17,6577,5557,1020,34308,28781,5527,2719,1472,1247,43604,35810,7794,3842,2439,1403,3255,776,2479,2,0,2,7099,3215,3884,7935.0,7965.0,7925.0,7941.0,66398
2010-08-18,2722,3852,-1130,25427,22585,2842,2724,1119,1605,30873,27556,3317,742,1625,-883,1766,851,915,2,0,2,2510,2476,34,7969.0,7971.0,7900.0,7919.0,59966
2010-08-19,2945,3711,-766,26672,22463,4209,2744,1145,1599,32361,27319,5042,1255,1678,-423,2140,720,1420,2,0,2,3397,2398,999,7899.0,7922.0,7847.0,7918.0,88915
2010-08-20,2537,3944,-1407,26419,22908,3511,2724,1200,1524,31680,28052,3628,1038,2188,-1150,2104,1151,953,1,0,1,3143,3339,-196,7883.0,7900.0,7860.0,7886.0,65098
2010-08-23,3250,4443,-1193,28888,26039,2849,2786,1173,1613,34924,31655,3269,1379,2301,-922,2286,1065,1221,1,0,1,3666,3366,300,7880.0,8003.0,7874.0,7952.0,88947
2010-08-24,3256,4461,-1205,28362,28824,-462,2840,1210,1630,34458,34495,-37,1029,4017,-2988,2014,1135,879,1,0,1,3044,5152,-2108,7920.0,7956.0,7884.0,7887.0,90103
2010-08-25,3005,5699,-2694,28168,30725,-2557,2790,1445,1345,33963,37869,-3906,1141,6529,-5388,1747,1503,244,1,0,1,2889,8032,-5143,7843.0,7844.0,7673.0,7679.0,136835
2010-08-26,3196,6846,-3650,29623,31365,-1742,2665,1998,667,35484,40209,-4725,1301,7244,-5943,1847,2094,-247,1,0,1,3149,9338,-6189,7672.0,7696.0,7621.0,7621.0,90562
2010-08-27,3994,5844,-1850,29844,31484,-1640,2685,2218,467,36523,39546,-3023,1296,6599,-5303,2185,1693,492,1,0,1,3482,8292,-4810,7611.0,7676.0,7605.0,7659.0,89168
2010-08-30,4224,6797,-2573,30707,29696,1011,2664,2511,153,37595,39004,-1409,1601,5798,-4197,2149,2030,119,1,0,1,3751,7828,-4077,7742.0,7793.0,7688.0,7718.0,106064
2010-08-31,3954,8545,-4591,30514,30159,355,2689,2181,508,37157,40885,-3728,1431,8476,-7045,2128,1965,163,1,0,1,3560,10441,-6881,7653.0,7658.0,7536.0,7557.0,119636
2010-09-01,3582,8379,-4797,30878,29089,1789,2656,2546,110,37116,40014,-2898,2014,4890,-2876,2265,1832,433,1,15,-14,4280,6737,-2457,7569.0,7638.0,7569.0,7630.0,77257
2010-09-02,5376,8400,-3024,32118,28693,3425,2636,2500,136,40130,39593,537,2708,4876,-2168,2374,2038,336,1,15,-14,5083,6929,-1846,7695.0,7744.0,7665.0,7692.0,102840
2010-09-03,5245,6816,-1571,32276,26932,5344,2636,2455,181,40157,36203,3954,3421,4268,-847,2778,1871,907,1,15,-14,6200,6154,46,7714.0,7786.0,7713.0,7777.0,94555
2010-09-06,5986,5685,301,31727,26536,5191,2831,2157,674,40544,34378,6166,3476,4012,-536,2860,2124,736,1,15,-14,6337,6151,186,7838.0,7878.0,7819.0,7865.0,77831
2010-09-07,6838,6495,343,33355,26917,6438,2762,2222,540,42955,35634,7321,3734,4057,-323,2872,1763,1109,1,15,-14,6607,5835,772,7860.0,7874.0,7843.0,7853.0,60520
2010-09-08,7733,6183,1550,33656,28137,5519,2736,2523,213,44125,36843,7282,2600,4311,-1711,3228,2627,601,1,15,-14,5829,6953,-1124,7823.0,7868.0,7790.0,7848.0,116025
2010-09-09,8906,6021,2885,33797,29914,3883,2626,2709,-83,45329,38644,6685,1795,5303,-3508,3837,3233,604,1,15,-14,5633,8551,-2918,7885.0,7890.0,7806.0,7834.0,100524
2010-09-10,8365,4921,3444,34480,29212,5268,2567,2645,-78,45412,36778,8634,2206,5272,-3066,3756,3355,401,1,15,-14,5963,8642,-2679,7889.0,7908.0,7849.0,7900.0,88648
2010-09-13,11291,5131,6160,36153,35357,796,2649,1911,738,50093,42399,7694,2603,2352,251,3974,3195,779,1,15,-14,6578,5562,1016,7943.0,8110.0,7934.0,8109.0,127838
2010-09-14,10004,6449,3555,40964,39863,1101,2614,1528,1086,53582,47840,5742,2749,2649,100,3808,3162,646,1,0,1,6558,5811,747,8117.0,8135.0,8088.0,8122.0,67460
2010-09-15,5800,2260,3540,23604,22944,660,2547,1327,1220,31951,26531,5420,1215,1498,-283,3559,177,3382,1,0,1,4775,1675,3100,8142.0,8158.0,8113.0,8154.0,51515
2010-09-16,6189,2556,3633,23039,26526,-3487,2547,1533,1014,31775,30615,1160,1020,3549,-2529,3331,1180,2151,1,0,1,4352,4729,-377,8145.0,8163.0,8062.0,8070.0,94098
2010-09-17,8843,2116,6727,24491,28712,-4221,2522,1583,939,35856,32411,3445,1731,2950,-1219,4267,1423,2844,1,0,1,5999,4373,1626,8100.0,8209.0,8097.0,8171.0,111718
2010-09-20,9573,2118,7455,25040,28432,-3392,2519,1545,974,37132,32095,5037,1729,3290,-1561,4192,1249,2943,1,0,1,5922,4539,1383,8155.0,8195.0,8135.0,8178.0,72390
2010-09-21,10045,2316,7729,24135,30361,-6226,2519,1612,907,36699,34289,2410,1433,3674,-2241,4046,1755,2291,1,0,1,5480,5429,51,8237.0,8247.0,8156.0,8192.0,89176
2010-09-23,9907,2320,7587,25202,30914,-5712,2609,1644,965,37718,34878,2840,1694,3620,-1926,4005,1709,2296,1,0,1,5700,5329,371,8178.0,8233.0,8148.0,8202.0,84525
2010-09-24,9591,3337,6254,23673,32220,-8547,2610,1684,926,35874,37241,-1367,1595,4783,-3188,3894,2673,1221,1,0,1,5490,7456,-1966,8185.0,8197.0,8121.0,8147.0,126534
2010-09-27,9652,2846,6806,22966,32683,-9717,2610,1607,1003,35228,37136,-1908,1599,4579,-2980,4199,2720,1479,1,0,1,5799,7299,-1500,8200.0,8230.0,8176.0,8185.0,77297
2010-09-28,8758,3442,5316,24801,31340,-6539,2589,1478,1111,36148,36260,-112,1725,4255,-2530,4458,2054,2404,0,0,0,6183,6309,-126,8162.0,8199.0,8150.0,8180.0,68963
2010-09-29,9473,3264,6209,24692,33213,-8521,2587,1289,1298,36752,37766,-1014,1589,4270,-2681,4486,2106,2380,0,0,0,6075,6376,-301,8220.0,8295.0,8203.0,8210.0,117733
2010-09-30,9179,3008,6171,25760,33166,-7406,2587,1323,1264,37526,37497,29,1164,3862,-2698,4683,1775,2908,0,0,0,5847,5637,210,8218.0,8232.0,8186.0,8219.0,81016
2010-10-01,10198,2832,7366,25049,34085,-9036,2589,1265,1324,37836,38182,-346,1482,4248,-2766,4530,2166,2364,0,0,0,6012,6414,-402,8246.0,8256.0,8201.0,8238.0,75235
2010-10-04,10920,3071,7849,24369,34304,-9935,2602,1206,1396,37891,38581,-690,1555,3933,-2378,4049,2747,1302,0,0,0,5604,6680,-1076,8238.0,8285.0,8214.0,8217.0,90840
2010-10-05,9649,3650,5999,25486,33946,-8460,2621,1211,1410,37756,38807,-1051,1450,4965,-3515,3917,2769,1148,0,0,0,5367,7734,-2367,8207.0,8214.0,8127.0,8192.0,115261
2010-10-06,10975,3380,7595,24360,33028,-8668,2631,1172,1459,37966,37580,386,1610,3640,-2030,4428,2082,2346,0,0,0,6038,5722,316,8268.0,8293.0,8254.0,8273.0,79300
2010-10-07,11092,2976,8116,24462,33446,-8984,2615,1192,1423,38169,37614,555,1556,3711,-2155,4308,1798,2510,0,0,0,5864,5509,355,8271.0,8282.0,8255.0,8272.0,50519
2010-10-08,10275,3030,7245,24076,34973,-10897,2617,1370,1247,36968,39373,-2405,1723,5589,-3866,3489,2194,1295,0,0,0,5212,7783,-2571,8266.0,8300.0,8213.0,8214.0,102711
2010-10-11,9263,4283,4980,25472,35928,-10456,2619,1428,1191,37354,41639,-4285,1943,7641,-5698,3367,2186,1181,0,0,0,5310,9827,-4517,8241.0,8246.0,8130.0,8135.0,98905
2010-10-12,7127,4589,2538,25791,35366,-9575,2347,1474,873,35265,41429,-6164,2369,9456,-7087,3255,2195,1060,0,0,0,5624,11651,-6027,8150.0,8153.0,8021.0,8056.0,122291
2010-10-13,6451,4247,2204,25798,34241,-8443,2357,1460,897,34606,39948,-5342,2848,9025,-6177,3794,2083,1711,0,0,0,6642,11108,-4466,8090.0,8110.0,8041.0,8108.0,96903
2010-10-14,9637,4108,5529,27093,34765,-7672,2531,1444,1087,39261,40317,-1056,3187,7198,-4011,4805,2385,2420,0,0,0,7992,9583,-1591,8177.0,8251.0,8165.0,8229.0,119656
2010-10-15,8900,4837,4063,27919,36607,-8688,2520,1416,1104,39339,42860,-3521,3359,7468,-4109,4497,2951,1546,0,0,0,7856,10419,-2563,8212.0,8246.0,8190.0,8190.0,81159
2010-10-18,6870,5959,911,28820,39879,-11059,2340,1609,731,38030,47447,-9417,3031,10762,-7731,3998,3472,526,0,0,0,7029,14234,-7205,8189.0,8193.0,8024.0,8033.0,141294
2010-10-19,8072,6875,1197,30482,41004,-10522,2320,1667,653,40874,49546,-8672,3053,11480,-8427,4145,3183,962,0,0,0,7198,14663,-7465,8035.0,8053.0,7995.0,8020.0,85879
2010-10-20,2678,3401,-723,17740,21513,-3773,2309,1632,677,22727,26546,-3819,1946,3862,-1916,5007,266,4741,0,0,0,6953,4128,2825,7950.0,8121.0,7947.0,8120.0,82275
2010-10-21,3637,3418,219,15620,21131,-5511,2505,1646,859,21762,26195,-4433,2101,5056,-2955,4640,524,4116,0,0,0,6741,5580,1161,8080.0,8144.0,8063.0,8088.0,111011
2010-10-22,5091,3837,1254,17355,19626,-2271,1223,1696,-473,23669,25159,-1490,2819,5271,-2452,4997,513,4484,0,0,0,7816,5784,2032,8122.0,8142.0,8097.0,8142.0,67964
2010-10-25,6890,2472,4418,19758,21466,-1708,1563,1346,217,28211,25284,2927,3592,5130,-1538,5002,169,4833,0,0,0,8594,5299,3295,8173.0,8306.0,8158.0,8303.0,109281
2010-10-26,7272,2153,5119,20001,21986,-1985,1568,1345,223,28841,25484,3357,3956,5279,-1323,5037,266,4771,0,0,0,8993,5545,3448,8299.0,8340.0,8296.0,8313.0,70560
2010-10-27,6328,2637,3691,20543,20976,-433,1589,1365,224,28460,24978,3482,3442,5680,-2238,4544,636,3908,0,0,0,7986,6316,1670,8329.0,8368.0,8264.0,8281.0,117085
2010-10-28,7058,2714,4344,21820,22481,-661,1585,1354,231,30463,26549,3914,3257,5998,-2741,5015,238,4777,0,0,0,8272,6236,2036,8310.0,8355.0,8282.0,8341.0,91823
2010-10-29,5743,4009,1734,22655,23708,-1053,1556,1384,172,29954,29101,853,2770,6007,-3237,4412,589,3823,0,0,0,7182,6596,586,8320.0,8327.0,8257.0,8302.0,99968
2010-11-01,7341,3334,4007,27012,28367,-1355,1556,1367,189,35909,33068,2841,3439,5129,-1690,4390,1118,3272,0,0,0,7829,6247,1582,8325.0,8429.0,8325.0,8393.0,107257
2010-11-02,7973,3326,4647,26913,31743,-4830,1547,1310,237,36433,36379,54,3192,5201,-2009,4100,1409,2691,0,0,0,7292,6610,682,8405.0,8405.0,8361.0,8367.0,58662
2010-11-03,6704,4047,2657,27587,33346,-5759,1539,941,598,35830,38334,-2504,2092,5980,-3888,4048,1845,2203,0,0,0,6140,7825,-1685,8411.0,8423.0,8283.0,8324.0,136324
2010-11-04,8574,3974,4600,29086,35529,-6443,1537,918,619,39197,40421,-1224,2538,5122,-2584,4595,1287,3308,0,0,0,7133,6409,724,8342.0,8388.0,8325.0,8368.0,77018
2010-11-05,12772,3619,9153,29752,38192,-8440,1537,889,648,44061,42700,1361,3765,5035,-1270,4386,1312,3074,0,0,0,8151,6347,1804,8478.0,8500.0,8443.0,8463.0,79141
2010-11-08,13421,4083,9338,30531,40435,-9904,1523,889,634,45475,45407,68,3818,5553,-1735,4317,1384,2933,0,0,0,8135,6937,1198,8482.0,8488.0,8431.0,8453.0,75622
2010-11-09,14650,4256,10394,31090,39917,-8827,1535,871,664,47275,45044,2231,4420,5625,-1205,4898,1223,3675,0,0,0,9318,6848,2470,8440.0,8471.0,8433.0,8467.0,58677
2010-11-10,14885,4651,10234,30478,40825,-10347,1535,872,663,46898,46348,550,3848,5982,-2134,4491,1287,3204,0,0,0,8339,7269,1070,8488.0,8492.0,8435.0,8485.0,76611
2010-11-11,13341,5074,8267,29902,41578,-11676,1535,1018,517,44778,47670,-2892,3188,6443,-3255,4621,1831,2790,0,0,0,7809,8274,-465,8465.0,8480.0,8446.0,8451.0,58177
2010-11-12,9492,5302,4190,28947,42910,-13963,1305,1110,195,39744,49322,-9578,2828,8029,-5201,4433,2095,2338,0,0,0,7261,10124,-2863,8435.0,8438.0,8301.0,8314.0,130015
2010-11-15,8740,6703,2037,30409,43602,-13193,1105,1099,6,40254,51404,-11150,3082,9073,-5991,5215,2435,2780,0,0,0,8297,11508,-3211,8296.0,8310.0,8229.0,8270.0,101630
2010-11-16,7400,5118,2282,35510,45966,-10456,1208,1042,166,44118,52126,-8008,2377,7328,-4951,6315,2305,4010,0,0,0,8692,9633,-941,8230.0,8342.0,8220.0,8290.0,101891
2010-11-17,3936,4820,-884,23995,33436,-9441,1290,958,332,29221,39214,-9993,889,3290,-2401,3281,816,2465,0,0,0,4170,4106,64,8246.0,8299.0,8227.0,8246.0,61629
2010-11-18,5343,4510,833,23216,36840,-13624,1279,960,319,29838,42310,-12472,1991,3816,-1825,3235,1314,1921,0,0,0,5226,5130,96,8255.0,8294.0,8239.0,8292.0,78768
2010-11-19,5357,4029,1328,23654,36761,-13107,1354,972,382,30365,41762,-11397,2280,4368,-2088,3899,1650,2249,0,0,0,6179,6018,161,8337.0,8361.0,8257.0,8286.0,117715
2010-11-22,5754,3921,1833,24690,34941,-10251,1337,957,380,31781,39819,-8038,4270,3816,454,5423,1032,4391,0,0,0,9693,4848,4845,8323.0,8396.0,8312.0,8373.0,90490
2010-11-23,4967,4052,915,24429,35100,-10671,1338,1030,308,30734,40182,-9448,3090,4781,-1691,5170,1424,3746,0,0,0,8260,6205,2055,8374.0,8375.0,8306.0,8330.0,74225
2010-11-24,5301,4749,552,23639,35141,-11502,1402,1018,384,30342,40908,-10566,2706,5556,-2850,4851,1005,3846,0,0,0,7557,6561,996,8281.0,8353.0,8271.0,8305.0,94334
2010-11-25,5771,4645,1126,24583,35588,-11005,1393,1013,380,31747,41246,-9499,3317,4975,-1658,5161,1403,3758,0,0,0,8478,6378,2100,8309.0,8362.0,8308.0,8341.0,70220
2010-11-26,5584,5111,473,26443,36525,-10082,1390,1031,359,33417,42667,-9250,1457,5167,-3710,5248,1389,3859,0,0,0,6705,6556,149,8354.0,8358.0,8294.0,8300.0,82714
2010-11-29,5937,5644,293,29381,34373,-4992,1409,939,470,36727,40956,-4229,2967,5183,-2216,4997,1143,3854,0,0,0,7964,6326,1638,8350.0,8395.0,8312.0,8382.0,123857
2010-11-30,6958,5698,1260,30789,33179,-2390,1507,866,641,39254,39743,-489,1685,5343,-3658,4905,769,4136,0,0,0,6590,6112,478,8400.0,8450.0,8371.0,8401.0,119667
2010-12-01,10535,5203,5332,33142,33290,-148,1507,789,718,45184,39282,5902,4173,5392,-1219,5432,493,4939,0,0,0,9605,5885,3720,8423.0,8550.0,8411.0,8550.0,108687
2010-12-02,11774,5290,6484,34489,38758,-4269,1506,833,673,47769,44881,2888,4193,5354,-1161,4655,993,3662,0,0,0,8848,6347,2501,8600.0,8642.0,8591.0,8619.0,88977
2010-12-03,11484,5153,6331,35046,37192,-2146,1511,781,730,48041,43126,4915,4856,4954,-98,5058,735,4323,0,0,0,9914,5689,4225,8639.0,8645.0,8609.0,8630.0,70423
2010-12-06,13122,4879,8243,34625,37943,-3318,1464,691,773,49211,43513,5698,5545,4555,990,4811,855,3956,0,0,0,10356,5410,4946,8640.0,8714.0,8632.0,8697.0,80691
2010-12-07,13701,4719,8982,35387,40082,-4695,1464,616,848,50552,45417,5135,5366,4726,640,4321,960,3361,0,0,0,9687,5686,4001,8698.0,8716.0,8652.0,8716.0,69626
2010-12-08,12793,4055,8738,35586,39571,-3985,1464,547,917,49843,44173,5670,5844,4727,1117,4453,869,3584,0,0,0,10297,5596,4701,8718.0,8721.0,8675.0,8701.0,61331
2010-12-09,15682,4576,11106,37273,45276,-8003,1448,483,965,54403,50335,4068,6607,5106,1501,3539,1123,2416,0,0,0,10146,6229,3917,8722.0,8797.0,8722.0,8789.0,95653
2010-12-10,14722,4420,10302,33711,45297,-11586,1431,384,1047,49864,50101,-237,6077,5565,512,3529,1424,2105,0,0,0,9606,6989,2617,8761.0,8761.0,8698.0,8742.0,91693
2010-12-13,14244,4391,9853,39744,50169,-10425,1430,361,1069,55418,54921,497,6190,5191,999,3920,1260,2660,0,0,0,10110,6451,3659,8728.0,8764.0,8725.0,8737.0,60110
2010-12-14,15595,4974,10621,43765,58520,-14755,1335,363,972,60695,63857,-3162,6474,6202,272,3629,1084,2545,0,0,0,10103,7286,2817,8752.0,8792.0,8712.0,8738.0,98988
2010-12-15,6138,4416,1722,31491,34803,-3312,1178,340,838,38807,39559,-752,2785,4066,-1281,3620,825,2795,0,0,0,6405,4891,1514,8740.0,8747.0,8704.0,8726.0,49981
2010-12-16,6252,4609,1643,31022,37142,-6120,1194,301,893,38468,42052,-3584,2485,4031,-1546,3290,1049,2241,0,0,0,5775,5080,695,8764.0,8794.0,8754.0,8773.0,68086
2010-12-17,7756,4969,2787,31222,35914,-4692,1341,306,1035,40319,41189,-870,3231,4211,-980,3840,1293,2547,0,0,0,7071,5504,1567,8777.0,8840.0,8775.0,8809.0,83266
2010-12-20,7326,5188,2138,30848,36582,-5734,1284,699,585,39458,42469,-3011,2370,4617,-2247,3063,1513,1550,0,0,0,5433,6130,-697,8817.0,8832.0,8728.0,8762.0,101924
2010-12-21,9514,4686,4828,31487,35772,-4285,1283,672,611,42284,41130,1154,3500,4128,-628,3598,946,2652,0,0,0,7098,5074,2024,8783.0,8847.0,8763.0,8846.0,76748
2010-12-22,10815,4265,6550,30938,36359,-5421,1343,650,693,43096,41274,1822,3406,4249,-843,4028,902,3126,0,0,0,7434,5151,2283,8858.0,8872.0,8834.0,8850.0,66539
2010-12-23,11818,4377,7441,31371,35988,-4617,1343,640,703,44532,41005,3527,4165,2700,1465,4675,789,3886,0,0,0,8840,3489,5351,8856.0,8908.0,8846.0,8898.0,72427
2010-12-24,11630,4405,7225,30008,37119,-7111,1183,652,531,42821,42176,645,3309,3032,277,3657,1287,2370,0,0,0,6966,4319,2647,8898.0,8898.0,8867.0,8880.0,49958
2010-12-27,12298,4533,7765,28507,37213,-8706,1172,611,561,41977,42357,-380,3573,3317,256,3405,1452,1953,0,0,0,6978,4769,2209,8866.0,8918.0,8832.0,8884.0,82851
2010-12-28,11782,5369,6413,27719,37562,-9843,1162,594,568,40663,43525,-2862,3425,3314,111,3411,1931,1480,0,0,0,6836,5245,1591,8900.0,8906.0,8830.0,8878.0,82968
2010-12-29,12562,5026,7536,27857,38033,-10176,1201,589,612,41620,43648,-2028,3444,3673,-229,3803,2056,1747,0,0,0,7247,5729,1518,8860.0,8895.0,8842.0,8872.0,81948
2010-12-30,12677,4841,7836,27728,38479,-10751,1199,578,621,41604,43898,-2294,3827,3269,558,3936,1921,2015,0,0,0,7763,5190,2573,8879.0,8918.0,8865.0,8906.0,82893
2010-12-31,16214,4653,11561,28602,40028,-11426,1215,466,749,46031,45147,884,4220,3140,1080,4142,1610,2532,0,0,0,8362,4750,3612,8892.0,8997.0,8892.0,8988.0,88956
2011-01-03,16084,4713,11371,28030,40641,-12611,1176,466,710,45290,45820,-530,3881,2704,1177,3932,1815,2117,0,0,0,7813,4519,3294,9000.0,9030.0,8995.0,9020.0,61494
2011-01-04,15149,4192,10957,26153,40360,-14207,1379,492,887,42681,45044,-2363,3492,2765,727,3320,1827,1493,0,0,0,6812,4592,2220,9030.0,9030.0,8974.0,8978.0,62547
2011-01-05,13926,5003,8923,24246,39549,-15303,1178,600,578,39350,45152,-5802,2415,2982,-567,3112,2025,1087,0,0,0,5527,5007,520,8967.0,9005.0,8791.0,8838.0,165903
2011-01-06,14153,5439,8714,23873,39008,-15135,1221,851,370,39247,45298,-6051,2491,2564,-73,3179,2077,1102,0,0,0,5670,4641,1029,8859.0,8876.0,8815.0,8869.0,82566
2011-01-07,10692,5365,5327,24136,36019,-11883,1149,788,361,35977,42172,-6195,1883,3141,-1258,3256,2250,1006,0,0,0,5139,5391,-252,8866.0,8883.0,8727.0,8753.0,128865
2011-01-10,10095,6412,3683,25073,34259,-9186,1149,562,587,36317,41233,-4916,2067,2463,-396,3323,2212,1111,0,0,0,5390,4675,715,8753.0,8799.0,8735.0,8786.0,68409
2011-01-11,13390,4021,9369,28067,35609,-7542,1233,789,444,42690,40419,2271,4631,1961,2670,4514,2057,2457,0,0,0,9145,4018,5127,8779.0,8950.0,8760.0,8942.0,131239
2011-01-12,15881,4155,11726,26164,38094,-11930,1369,721,648,43414,42970,444,4433,2122,2311,4019,2300,1719,0,0,0,8452,4422,4030,8960.0,9003.0,8945.0,8967.0,82550
2011-01-13,15711,3772,11939,26158,38498,-12340,1369,847,522,43238,43117,121,4765,2290,2475,3815,2327,1488,0,0,0,8580,4617,3963,8998.0,9017.0,8916.0,8969.0,107360
2011-01-14,15796,4372,11424,27033,39688,-12655,1367,925,442,44196,44985,-789,5002,2141,2861,3964,2567,1397,0,0,0,8966,4708,4258,8965.0,8981.0,8931.0,8970.0,67802
2011-01-17,16125,5284,10841,27922,42661,-14739,1361,1095,266,45408,49040,-3632,4837,2711,2126,3897,2979,918,0,0,0,8734,5690,3044,8993.0,9002.0,8914.0,8922.0,97047
2011-01-18,19555,4539,15016,31900,46903,-15003,1365,873,492,52820,52315,505,6045,2069,3976,4834,2604,2230,0,0,0,10879,4673,6206,8920.0,9012.0,8871.0,8972.0,107216
2011-01-19,8785,3070,5715,25711,32233,-6522,1392,559,833,35888,35862,26,3132,1437,1695,3253,742,2511,0,0,0,6385,2179,4206,8988.0,9085.0,8984.0,9083.0,62356
2011-01-20,8970,3172,5798,24926,34483,-9557,1395,532,863,35291,38187,-2896,2509,2621,-112,2378,858,1520,0,0,0,4887,3479,1408,9018.0,9032.0,8996.0,9009.0,64889
2011-01-21,8034,3573,4461,24459,36349,-11890,1495,740,755,33988,40662,-6674,2732,2909,-177,1580,1315,265,0,0,0,4312,4224,88,8970.0,8975.0,8858.0,8907.0,139586
2011-01-24,8315,3374,4941,24283,35519,-11236,1492,781,711,34090,39674,-5584,2841,2804,37,1715,1369,346,0,0,0,4556,4173,383,8923.0,8956.0,8910.0,8947.0,72357
2011-01-25,9579,3500,6079,23691,36035,-12344,1505,771,734,34775,40306,-5531,2764,2269,495,2266,1430,836,0,0,0,5030,3699,1331,8994.0,9029.0,8965.0,8966.0,80982
2011-01-26,10665,3342,7323,24950,34406,-9456,1675,731,944,37290,38479,-1189,5192,1682,3510,3862,1452,2410,0,0,0,9054,3134,5920,8970.0,9073.0,8970.0,9052.0,94345
2011-01-27,12439,3003,9436,25390,35830,-10440,1635,695,940,39464,39528,-64,5601,1573,4028,3912,1409,2503,0,0,0,9513,2982,6531,9086.0,9126.0,9068.0,9105.0,83534
2011-01-28,12858,3064,9794,24764,36965,-12201,1545,571,974,39167,40600,-1433,4937,1675,3262,3435,1525,1910,0,0,0,8372,3200,5172,9112.0,9140.0,9094.0,9138.0,64992
2011-02-08,13963,3066,10897,23704,40540,-16836,1537,585,952,39204,44191,-4987,4466,2621,1845,3062,2187,875,0,0,0,7528,4808,2720,9186.0,9196.0,9062.0,9099.0,98816
2011-02-09,14435,2994,11441,21961,43234,-21273,1547,656,891,37943,46884,-8941,4653,6625,-1972,2215,2671,-456,0,0,0,6868,9296,-2428,9071.0,9109.0,8975.0,9016.0,129231
2011-02-10,12895,4461,8434,20991,47431,-26440,1260,517,743,35146,52409,-17263,4222,6392,-2170,1552,3008,-1456,0,0,0,5774,9400,-3626,8971.0,8983.0,8817.0,8824.0,139801
2011-02-11,11043,3775,7268,23229,43216,-19987,1139,380,759,35411,47371,-11960,3625,1984,1641,1874,3635,-1761,0,21,-21,5499,5640,-141,8818.0,8827.0,8523.0,8563.0,194208
2011-02-14,9291,4412,4879,26701,42997,-16296,1118,487,631,37110,47896,-10786,4929,2796,2133,2469,3438,-969,0,21,-21,7398,6255,1143,8625.0,8693.0,8601.0,8641.0,98497
2011-02-15,10206,7247,2959,35493,47635,-12142,1118,455,663,46817,55337,-8520,4799,3964,835,3726,3540,186,0,26,-26,8525,7530,995,8625.0,8733.0,8531.0,8696.0,131734
2011-02-16,6074,3873,2201,18583,31016,-12433,1111,384,727,25768,35273,-9505,965,2452,-1487,2664,1529,1135,0,26,-26,3629,4007,-378,8718.0,8757.0,8695.0,8719.0,58640
2011-02-17,6465,4432,2033,20418,28503,-8085,1137,503,634,28020,33438,-5418,2199,2216,-17,3207,1425,1782,0,26,-26,5406,3667,1739,8651.0,8675.0,8589.0,8629.0,119834
2011-02-18,7041,3810,3231,23417,32099,-8682,1297,475,822,31755,36384,-4629,4773,1446,3327,2980,1292,1688,0,17,-17,7753,2755,4998,8678.0,8845.0,8675.0,8808.0,119179
2011-02-21,6103,3755,2348,23052,31075,-8023,1297,553,744,30452,35383,-4931,4117,1559,2558,2691,1951,740,0,17,-17,6808,3527,3281,8814.0,8815.0,8732.0,8809.0,83876
2011-02-22,5735,6034,-299,21945,27244,-5299,1233,737,496,28913,34015,-5102,1980,3130,-1150,2490,1735,755,0,17,-17,4470,4882,-412,8713.0,8722.0,8562.0,8616.0,145288
2011-02-23,7500,6259,1241,21734,26894,-5160,1076,1589,-513,30310,34742,-4432,1525,5616,-4091,2377,1816,561,0,17,-17,3902,7449,-3547,8588.0,8637.0,8480.0,8522.0,139848
2011-02-24,8547,7604,943,22304,26139,-3835,1071,1669,-598,31922,35412,-3490,1453,5149,-3696,3454,1877,1577,0,27,-27,4907,7053,-2146,8502.0,8610.0,8502.0,8531.0,118991
2011-02-25,11932,6492,5440,23029,28175,-5146,1001,1411,-410,35962,36078,-116,1909,6065,-4156,4273,2053,2220,0,27,-27,6182,8145,-1963,8560.0,8630.0,8433.0,8615.0,185991
2011-03-01,11437,7041,4396,24278,27831,-3553,1087,1364,-277,36802,36236,566,1934,5305,-3371,4508,2084,2424,0,15,-15,6442,7404,-962,8695.0,8710.0,8634.0,8691.0,84843
2011-03-02,8728,7440,1288,25188,25720,-532,1452,1520,-68,35368,34680,688,1597,3959,-2362,3477,2254,1223,0,15,-15,5074,6228,-1154,8610.0,8674.0,8582.0,8602.0,126612
2011-03-03,10598,6889,3709,26006,25787,219,1580,1386,194,38184,34062,4122,5212,3604,1608,3768,2325,1443,0,15,-15,8980,5944,3036,8660.0,8755.0,8630.0,8748.0,122404
2011-03-04,9895,7520,2375,28125,26676,1449,1581,1368,213,39601,35564,4037,5349,3493,1856,3622,2547,1075,0,9,-9,8971,6049,2922,8796.0,8800.0,8753.0,8758.0,83715
2011-03-07,9885,7761,2124,27136,26410,726,1584,1515,69,38605,35686,2919,4330,4082,248,2997,2804,193,0,9,-9,7327,6895,432,8743.0,8762.0,8677.0,8723.0,108312
2011-03-08,9283,7041,2242,27879,28297,-418,1604,1492,112,38766,36830,1936,2772,3845,-1073,3152,3059,93,0,9,-9,5924,6913,-989,8704.0,8758.0,8701.0,8740.0,77993
2011-03-09,8878,6896,1982,30876,28667,2209,1429,1464,-35,41183,37027,4156,2630,3782,-1152,3425,3267,158,0,9,-9,6055,7058,-1003,8793.0,8798.0,8698.0,8757.0,101352
2011-03-10,6616,7585,-969,26053,28582,-2529,1303,1503,-200,33972,37670,-3698,1902,5254,-3352,3032,3655,-623,0,9,-9,4934,8918,-3984,8763.0,8763.0,8608.0,8622.0,140984
2011-03-11,6738,8805,-2067,25237,26037,-800,1312,1574,-262,33287,36416,-3129,2301,5194,-2893,3449,4259,-810,0,9,-9,5750,9462,-3712,8550.0,8574.0,8480.0,8562.0,129690
2011-03-14,9115,11256,-2141,30499,28910,1589,1044,1881,-837,40658,42047,-1389,5149,6800,-1651,4577,5085,-508,0,9,-9,9726,11894,-2168,8531.0,8568.0,8366.0,8500.0,172522
2011-03-15,7762,21554,-13792,43683,29979,13704,1044,1521,-477,52489,53054,-565,12233,16605,-4372,6940,4169,2771,0,9,-9,19173,20783,-1610,8531.0,8532.0,8026.0,8257.0,281996
2011-03-16,4233,10704,-6471,23056,17361,5695,1066,1256,-190,28355,29321,-966,406,4495,-4089,4487,2590,1897,0,9,-9,4893,7094,-2201,8410.0,8411.0,8264.0,8306.0,98122
2011-03-17,4772,11331,-6559,24763,17476,7287,1029,1803,-774,30564,30610,-46,797,5227,-4430,4904,3089,1815,0,9,-9,5701,8325,-2624,8151.0,8274.0,8129.0,8255.0,148030
2011-03-18,6168,11688,-5520,25048,18447,6601,1060,1724,-664,32276,31859,417,2535,4903,-2368,5210,3200,2010,0,9,-9,7745,8112,-367,8292.0,8345.0,8270.0,8319.0,104790
2011-03-21,7192,11170,-3978,25297,16114,9183,1074,2320,-1246,33563,29604,3959,1389,4127,-2738,5246,2659,2587,0,14,-14,6635,6800,-165,8359.0,8445.0,8328.0,8390.0,110694
2011-03-22,7522,11310,-3788,25446,14152,11294,1081,1722,-641,34049,27184,6865,1861,4095,-2234,5464,2380,3084,0,12,-12,7325,6487,838,8431.0,8479.0,8414.0,8415.0,91071
2011-03-23,6888,12893,-6005,28425,14431,13994,1141,1647,-506,36454,28971,7483,4049,4162,-113,5368,3184,2184,0,7,-7,9417,7353,2064,8400.0,8510.0,8393.0,8448.0,116480
2011-03-24,7674,13795,-6121,29280,14097,15183,1141,1632,-491,38095,29524,8571,5482,4116,1366,5342,2531,2811,0,7,-7,10824,6654,4170,8502.0,8548.0,8480.0,8527.0,97401
2011-03-25,7856,12916,-5060,32748,13816,18932,1131,1651,-520,41735,28383,13352,2521,3698,-1177,5036,2264,2772,9,0,9,7566,5962,1604,8588.0,8626.0,8548.0,8579.0,98085
2011-03-28,5415,12345,-6930,33707,15395,18312,1132,1702,-570,40254,29442,10812,2000,4623,-2623,4810,3591,1219,5,0,5,6815,8214,-1399,8585.0,8585.0,8495.0,8520.0,95878
2011-03-29,5872,12405,-6533,34448,16215,18233,1139,1686,-547,41459,30306,11153,2194,3928,-1734,4919,3602,1317,0,0,0,7113,7530,-417,8507.0,8575.0,8474.0,8575.0,99788
2011-03-30,6179,12443,-6264,35128,16015,19113,1139,1604,-465,42446,30062,12384,2287,3708,-1421,5018,3342,1676,0,0,0,7305,7050,255,8607.0,8650.0,8582.0,8590.0,94925
2011-03-31,7270,13284,-6014,36879,16813,20066,1139,1811,-672,45288,31908,13380,2778,3611,-833,5025,3389,1636,0,0,0,7803,7000,803,8604.0,8645.0,8557.0,8642.0,110985
2011-04-01,8260,13672,-5412,38101,17241,20860,1084,1704,-620,47445,32617,14828,3201,3207,-6,5287,2899,2388,1,0,1,8489,6106,2383,8640.0,8689.0,8630.0,8686.0,77932
2011-04-06,9390,10838,-1448,41795,21138,20657,1252,1485,-233,52437,33461,18976,3679,3553,126,5659,3277,2382,31,0,31,9369,6830,2539,8743.0,8863.0,8727.0,8838.0,117188
2011-04-07,9773,11604,-1831,42937,22489,20448,1251,1434,-183,53961,35527,18434,3855,3658,197,5644,4201,1443,31,0,31,9530,7859,1671,8864.0,8901.0,8823.0,8897.0,87447
2011-04-08,8220,11159,-2939,40260,23607,16653,1267,1419,-152,49747,36185,13562,3492,4241,-749,5417,4781,636,31,0,31,8940,9022,-82,8939.0,8939.0,8850.0,8866.0,112662
2011-04-11,8736,10781,-2045,42056,24099,17957,1257,1398,-141,52049,36278,15771,3300,4087,-787,5838,6037,-199,31,0,31,9169,10124,-955,8868.0,8882.0,8820.0,8859.0,86849
2011-04-12,6247,11568,-5321,42404,26166,16238,1235,1372,-137,49886,39106,10780,3062,5576,-2514,5920,7359,-1439,21,0,21,9003,12935,-3932,8820.0,8822.0,8703.0,8705.0,144977
2011-04-13,7764,12116,-4352,45759,29549,16210,1221,1373,-152,54744,43038,11706,3424,4528,-1104,5989,6996,-1007,21,0,21,9434,11524,-2090,8728.0,8810.0,8696.0,8806.0,102232
2011-04-14,8624,12034,-3410,44231,32090,12141,1361,1285,76,54216,45409,8807,3715,5127,-1412,5931,7476,-1545,21,40,-19,9667,12643,-2976,8780.0,8852.0,8750.0,8799.0,124710
2011-04-15,6767,12432,-5665,44764,31670,13094,1229,1404,-175,52760,45506,7254,3738,5630,-1892,6431,7242,-811,21,40,-19,10190,12912,-2722,8786.0,8820.0,8680.0,8704.0,113500
2011-04-18,5734,13454,-7720,48552,32529,16023,1229,1540,-311,55515,47523,7992,3435,6200,-2765,7092,7068,24,14,40,-26,10541,13308,-2767,8692.0,8760.0,8674.0,8710.0,101713
2011-04-19,6011,13113,-7102,48912,38493,10419,1212,1475,-263,56135,53081,3054,3387,6299,-2912,6792,8147,-1355,0,80,-80,10179,14526,-4347,8657.0,8671.0,8585.0,8627.0,125140
2011-04-20,3508,6248,-2740,34490,23782,10708,1335,1014,321,39333,31044,8289,1453,3995,-2542,6446,2342,4104,16,40,-24,7915,6377,1538,8701.0,8800.0,8695.0,8791.0,67546
2011-04-21,5605,7082,-1477,35110,25436,9674,1365,941,424,42080,33459,8621,4311,3316,995,5293,3634,1659,30,80,-50,9634,7030,2604,8882.0,9004.0,8879.0,8993.0,119477
2011-04-22,7122,6921,201,35149,29209,5940,1327,660,667,43598,36790,6808,3220,3391,-171,4969,3851,1118,42,100,-58,8231,7342,889,8989.0,9008.0,8973.0,8992.0,55335
2011-04-25,6932,7349,-417,34640,29787,4853,1299,637,662,42871,37773,5098,2527,3355,-828,4694,4015,679,42,100,-58,7263,7470,-207,9003.0,9050.0,8942.0,8975.0,106758
2011-04-26,6369,6646,-277,36508,31311,5197,1348,612,736,44225,38569,5656,1495,4489,-2994,5005,4920,85,42,100,-58,6542,9509,-2967,8914.0,8982.0,8870.0,8970.0,139109
2011-04-27,7093,6667,426,35121,31059,4062,1826,652,1174,44040,38378,5662,1599,3673,-2074,5148,4907,241,42,100,-58,6789,8680,-1891,9051.0,9078.0,9032.0,9060.0,94874
2011-04-28,6875,6753,122,33023,29040,3983,1921,746,1175,41819,36539,5280,1437,3495,-2058,5166,5164,2,42,100,-58,6645,8759,-2114,9098.0,9099.0,9005.0,9010.0,107208
2011-04-29,7110,6608,502,33811,30764,3047,1910,794,1116,42831,38166,4665,1186,5072,-3886,5317,5985,-668,42,100,-58,6545,11157,-4612,9014.0,9049.0,8930.0,9027.0,142920
2011-05-03,7309,7273,36,31294,30576,718,1908,781,1127,40511,38630,1881,1079,6345,-5266,5708,7101,-1393,42,100,-58,6829,13546,-6717,9036.0,9069.0,8896.0,8926.0,126976
2011-05-04,7367,6913,454,31541,31128,413,1917,774,1143,40825,38815,2010,1165,5655,-4490,5903,6337,-434,18,100,-82,7086,12092,-5006,8908.0,8959.0,8860.0,8937.0,118011
2011-05-05,9803,7364,2439,33503,31760,1743,1940,785,1155,45246,39909,5337,2374,4526,-2152,5949,5928,21,18,100,-82,8341,10554,-2213,8903.0,9058.0,8885.0,9050.0,132287
2011-05-06,9100,7457,1643,33691,32340,1351,1798,756,1042,44589,40553,4036,1604,4713,-3109,5882,6701,-819,26,100,-74,7512,11514,-4002,8971.0,9022.0,8956.0,9018.0,102895
2011-05-09,9351,8072,1279,34071,33118,953,1788,737,1051,45210,41927,3283,2624,5004,-2380,5485,5767,-282,26,100,-74,8135,10871,-2736,9001.0,9111.0,9001.0,9063.0,106384
2011-05-10,9363,7860,1503,33706,34667,-961,1913,736,1177,44982,43263,1719,2310,5207,-2897,5742,6202,-460,26,100,-74,8078,11509,-3431,9063.0,9071.0,9026.0,9046.0,72713
2011-05-11,10093,9508,585,31313,33937,-2624,1907,702,1205,43313,44147,-834,1885,5542,-3657,5942,6336,-394,26,100,-74,7853,11978,-4125,9109.0,9116.0,9013.0,9020.0,112317
2011-05-12,10622,8640,1982,33475,34425,-950,1660,685,975,45757,43750,2007,2689,4985,-2296,6904,5927,977,26,100,-74,9619,11012,-1393,8960.0,9068.0,8942.0,9030.0,118600
2011-05-13,10663,8451,2212,33635,35349,-1714,1697,790,907,45995,44590,1405,4346,5943,-1597,6459,6090,369,26,100,-74,10831,12133,-1302,9017.0,9063.0,9000.0,9034.0,93101
2011-05-16,7670,8180,-510,35062,39303,-4241,1682,773,909,44414,48256,-3842,3500,8220,-4720,6254,6373,-119,16,100,-84,9770,14693,-4923,8995.0,9026.0,8914.0,8922.0,122700
2011-05-17,6160,8539,-2379,36858,42710,-5852,1646,837,809,44664,52086,-7422,4918,8253,-3335,6306,6072,234,13,100,-87,11237,14425,-3188,8900.0,8936.0,8847.0,8914.0,121128
2011-05-18,3949,3597,352,29564,37310,-7746,1615,788,827,35128,41695,-6567,935,4670,-3735,4975,3746,1229,0,62,-62,5910,8478,-2568,8915.0,8948.0,8896.0,8933.0,52086
2011-05-19,3814,4709,-895,30464,37047,-6583,1716,808,908,35994,42564,-6570,969,6200,-5231,4489,4506,-17,4,60,-56,5462,10766,-5304,8960.0,9043.0,8838.0,8840.0,166077
2011-05-20,3841,6046,-2205,32019,35921,-3902,1747,853,894,37607,42820,-5213,1061,5678,-4617,4887,4530,357,4,60,-56,5952,10268,-4316,8900.0,8915.0,8806.0,8817.0,121117
2011-05-23,4091,6512,-2421,32373,36564,-4191,1632,820,812,38096,43896,-5800,1025,6415,-5390,4575,4241,334,0,76,-76,5600,10732,-5132,8747.0,8771.0,8668.0,8738.0,114374
2011-05-24,4397,5620,-1223,31844,38119,-6275,1606,1171,435,37847,44910,-7063,1130,6511,-5381,4817,4196,621,0,91,-91,5947,10798,-4851,8723.0,8767.0,8660.0,8762.0,118444
2011-05-25,4305,6791,-2486,31322,35758,-4436,1623,1149,474,37250,43698,-6448,1179,7182,-6003,5199,4036,1163,0,91,-91,6378,11309,-4931,8745.0,8746.0,8650.0,8678.0,127832
2011-05-26,5265,6558,-1293,32282,36721,-4439,1638,1184,454,39185,44463,-5278,1721,6079,-4358,6533,3868,2665,0,91,-91,8254,10038,-1784,8764.0,8796.0,8719.0,8787.0,93892
2011-05-27,5089,6371,-1282,34395,36453,-2058,1664,1147,517,41148,43971,-2823,1244,5031,-3787,6375,3838,2537,0,79,-79,7619,8948,-1329,8773.0,8855.0,8768.0,8782.0,112213
2011-05-30,5365,7508,-2143,36610,35812,798,1664,1168,496,43639,44488,-849,1774,5257,-3483,6104,3824,2280,0,79,-79,7878,9160,-1282,8760.0,8827.0,8708.0,8820.0,109526
2011-05-31,8601,7732,869,41517,36842,4675,1855,893,962,51973,45467,6506,5463,5484,-21,5855,3602,2253,14,60,-46,11332,9146,2186,8857.0,9034.0,8856.0,9021.0,125480
2011-06-01,9946,7896,2050,44367,38380,5987,1860,904,956,56173,47180,8993,5788,5675,113,5547,3550,1997,41,60,-19,11376,9285,2091,9023.0,9106.0,9008.0,9092.0,107908
2011-06-02,9312,8066,1246,47144,41098,6046,1857,1169,688,58313,50333,7980,4681,6460,-1779,5489,5653,-164,41,80,-39,10211,12193,-1982,8980.0,9057.0,8976.0,9027.0,94010
2011-06-03,11363,8177,3186,47412,44081,3331,1846,966,880,60621,53224,7397,4522,6400,-1878,5479,6036,-557,41,80,-39,10042,12516,-2474,9048.0,9078.0,8998.0,9070.0,101815
2011-06-07,12169,8510,3659,47081,45013,2068,1838,1108,730,61088,54631,6457,4381,6176,-1795,5506,7289,-1783,41,80,-39,9928,13545,-3617,9032.0,9095.0,8973.0,9095.0,115032
2011-06-08,10265,9248,1017,45514,44214,1300,1888,1295,593,57667,54757,2910,3804,6719,-2915,5563,6944,-1381,41,80,-39,9408,13743,-4335,9076.0,9087.0,9002.0,9031.0,117902
2011-06-09,9741,10330,-589,45224,44041,1183,1887,1507,380,56852,55878,974,3741,6726,-2985,5889,7162,-1273,35,80,-45,9665,13968,-4303,9011.0,9050.0,8994.0,9031.0,93200
2011-06-10,7001,8561,-1560,39865,42729,-2864,1739,1766,-27,48605,53056,-4451,1840,9046,-7206,5118,5088,30,0,89,-89,6958,14223,-7265,9068.0,9069.0,8811.0,8829.0,181810
2011-06-13,6279,8850,-2571,42238,43217,-979,1684,1648,36,50201,53715,-3514,1554,7903,-6349,5141,4614,527,0,89,-89,6695,12606,-5911,8780.0,8805.0,8683.0,8744.0,130403
2011-06-14,6106,8792,-2686,39966,41178,-1212,1699,840,859,47771,50810,-3039,2130,7612,-5482,4914,3894,1020,0,169,-169,7044,11675,-4631,8743.0,8848.0,8734.0,8846.0,115004
2011-06-15,3673,5176,-1503,16256,24556,-8300,1617,938,679,21546,30670,-9124,465,4387,-3922,623,3288,-2665,0,89,-89,1088,7764,-6676,8846.0,8877.0,8730.0,8839.0,94369
2011-06-16,2919,6531,-3612,16190,24000,-7810,1721,1095,626,20830,31626,-10796,539,5099,-4560,888,3199,-2311,0,98,-98,1427,8396,-6969,8559.0,8559.0,8481.0,8493.0,122413
2011-06-17,2777,6889,-4112,18669,27178,-8509,1610,807,803,23056,34874,-11818,655,4991,-4336,716,3177,-2461,0,98,-98,1371,8266,-6895,8492.0,8543.0,8436.0,8461.0,130186
2011-06-20,2788,7241,-4453,19544,25953,-6409,1598,764,834,23930,33958,-10028,845,4883,-4038,463,3385,-2922,0,102,-102,1308,8370,-7062,8501.0,8525.0,8365.0,8401.0,130515
2011-06-21,3681,8116,-4435,19231,29120,-9889,1610,764,846,24522,38000,-13478,1236,4632,-3396,803,3764,-2961,0,134,-134,2039,8530,-6491,8470.0,8485.0,8400.0,8465.0,122002
2011-06-22,4227,8170,-3943,18114,28036,-9922,1827,639,1188,24168,36845,-12677,1177,4533,-3356,459,3648,-3189,0,134,-134,1636,8315,-6679,8518.0,8524.0,8416.0,8441.0,126014
2011-06-23,4238,8740,-4502,18275,30132,-11857,1861,1009,852,24374,39881,-15507,1443,5064,-3621,662,3902,-3240,0,140,-140,2105,9106,-7001,8424.0,8475.0,8389.0,8395.0,113345
2011-06-24,4749,8805,-4056,19115,36545,-17430,1833,1109,724,25697,46459,-20762,1601,5144,-3543,508,4587,-4079,0,140,-140,2109,9871,-7762,8420.0,8432.0,8365.0,8411.0,99044
2011-06-27,5235,9005,-3770,19738,37452,-17714,1877,801,1076,26850,47258,-20408,1634,5424,-3790,946,4875,-3929,0,140,-140,2580,10439,-7859,8310.0,8373.0,8260.0,8337.0,111310
2011-06-28,5063,9930,-4867,19624,36054,-16430,2344,801,1543,27031,46785,-19754,1588,5513,-3925,1089,4964,-3875,0,140,-140,2677,10617,-7940,8385.0,8396.0,8304.0,8308.0,102017
2011-06-29,7427,9673,-2246,20110,34328,-14218,2216,891,1325,29753,44892,-15139,3581,4939,-1358,1511,5139,-3628,0,130,-130,5092,10208,-5116,8377.0,8486.0,8353.0,8471.0,131303
2011-06-30,7417,9694,-2277,21199,33978,-12779,2255,661,1594,30871,44333,-13462,3502,4559,-1057,1102,5318,-4216,0,130,-130,4604,10007,-5403,8475.0,8528.0,8456.0,8503.0,101928
2011-07-01,8480,8848,-368,21867,32297,-10430,2291,506,1785,32638,41651,-9013,2911,4516,-1605,861,4701,-3840,0,130,-130,3772,9347,-5575,8560.0,8615.0,8543.0,8566.0,97691
2011-07-04,8261,8032,229,23283,31044,-7761,2326,490,1836,33870,39566,-5696,2511,4640,-2129,685,4147,-3462,4,120,-116,3200,8907,-5707,8631.0,8657.0,8598.0,8603.0,81889
2011-07-05,9490,7167,2323,24067,29739,-5672,2425,525,1900,35982,37431,-1449,2347,4299,-1952,892,3541,-2649,4,120,-116,3243,7960,-4717,8611.0,8631.0,8585.0,8628.0,71709
2011-07-06,10285,7077,3208,24926,27067,-2141,2619,482,2137,37830,34626,3204,3881,3926,-45,1283,3226,-1943,9,120,-111,5173,7272,-2099,8628.0,8713.0,8623.0,8692.0,97278
2011-07-07,9254,6364,2890,25352,29107,-3755,2596,731,1865,37202,36202,1000,4173,3998,175,534,3704,-3170,11,120,-109,4718,7822,-3104,8690.0,8712.0,8665.0,8690.0,75472
2011-07-08,9096,6539,2557,27666,31125,-3459,2805,723,2082,39567,38387,1180,3196,4244,-1048,879,3644,-2765,8,120,-112,4083,8008,-3925,8696.0,8768.0,8635.0,8638.0,126547
2011-07-11,7746,6995,751,28404,31790,-3386,2747,890,1857,38897,39675,-778,2298,4599,-2301,424,3876,-3452,2,131,-129,2724,8606,-5882,8603.0,8630.0,8573.0,8599.0,80847
2011-07-12,6976,7549,-573,28525,36857,-8332,2950,1619,1331,38451,46025,-7574,1541,5403,-3862,266,4322,-4056,4,137,-133,1811,9862,-8051,8511.0,8538.0,8412.0,8419.0,118304
2011-07-13,7833,7652,181,29469,38346,-8877,3037,1497,1540,40339,47495,-7156,1479,5863,-4384,1682,4609,-2927,4,143,-139,3165,10615,-7450,8431.0,8483.0,8410.0,8463.0,102488
2011-07-14,9677,9588,89,30837,40661,-9824,3109,1520,1589,43623,51769,-8146,1621,5641,-4020,1956,5133,-3177,4,156,-152,3581,10930,-7349,8448.0,8506.0,8360.0,8482.0,141329
2011-07-15,11544,9637,1907,32522,42940,-10418,3308,1623,1685,47374,54200,-6826,1913,4160,-2247,1596,5618,-4022,6,156,-150,3515,9934,-6419,8472.0,8570.0,8451.0,8562.0,123355
2011-07-18,9040,9410,-370,33743,44261,-10518,3399,1623,1776,46182,55294,-9112,2239,4658,-2419,1957,5781,-3824,6,142,-136,4202,10581,-6379,8507.0,8590.0,8469.0,8487.0,123707
2011-07-19,7783,8514,-731,37837,46934,-9097,3596,1715,1881,49216,57163,-7947,1942,5357,-3415,2306,5441,-3135,6,222,-216,4254,11020,-6766,8500.0,8546.0,8487.0,8535.0,100795
2011-07-20,5776,4481,1295,27992,36238,-8246,3751,260,3491,37519,40979,-3460,4098,5428,-1330,2503,2130,373,11,160,-149,6612,7718,-1106,8620.0,8708.0,8611.0,8698.0,68793
2011-07-21,6097,4025,2072,29120,38013,-8893,3801,303,3498,39018,42341,-3323,1788,5323,-3535,1778,2450,-672,23,160,-137,3589,7933,-4344,8637.0,8654.0,8615.0,8652.0,63011
2011-07-22,6628,3755,2873,30887,38616,-7729,3826,437,3389,41341,42808,-1467,2176,5343,-3167,1891,2358,-467,39,160,-121,4106,7861,-3755,8703.0,8740.0,8682.0,8691.0,87424
2011-07-25,6111,4086,2025,28561,39013,-10452,3967,442,3525,38639,43541,-4902,1712,5161,-3449,1710,2740,-1030,25,160,-135,3447,8061,-4614,8650.0,8689.0,8586.0,8608.0,106117
2011-07-26,7413,4893,2520,31556,39049,-7493,3975,586,3389,42944,44528,-1584,2933,5464,-2531,2073,2749,-676,45,160,-115,5051,8373,-3322,8636.0,8744.0,8628.0,8738.0,111221
2011-07-27,7780,4860,2920,31864,38072,-6208,4038,581,3457,43682,43513,169,2926,5300,-2374,1934,2985,-1051,57,160,-103,4917,8445,-3528,8714.0,8772.0,8707.0,8762.0,84296
2011-07-28,7661,4548,3113,32102,40058,-7956,4157,743,3414,43920,45349,-1429,2767,5313,-2546,1788,3070,-1282,54,160,-106,4609,8543,-3934,8695.0,8735.0,8660.0,8728.0,107534
2011-07-29,5140,4547,593,31316,42612,-11296,4189,828,3361,40645,47987,-7342,2020,6363,-4343,1722,3775,-2053,10,166,-156,3752,10304,-6552,8698.0,8726.0,8592.0,8613.0,143010
2011-08-01,6209,5286,923,32264,47708,-15444,4169,714,3455,42642,53708,-11066,1931,6747,-4816,1795,3497,-1702,10,160,-150,3736,10404,-6668,8713.0,8728.0,8655.0,8681.0,80934
2011-08-02,4950,5890,-940,31618,47966,-16348,4170,749,3421,40738,54605,-13867,1468,7689,-6221,1867,3743,-1876,10,194,-184,3345,11626,-8281,8600.0,8607.0,8535.0,8574.0,103383
2011-08-03,7503,7175,328,30121,48690,-18569,4254,766,3488,41878,56631,-14753,1485,8905,-7420,1986,3961,-1975,9,194,-185,3480,13060,-9580,8420.0,8455.0,8367.0,8439.0,114328
2011-08-04,8606,8297,309,28311,53356,-25045,4280,920,3360,41197,62573,-21376,2078,9259,-7181,1876,4312,-2436,9,206,-197,3963,13777,-9814,8430.0,8488.0,8278.0,8294.0,144711
2011-08-05,9396,11047,-1651,32247,48004,-15757,4334,711,3623,45977,59762,-13785,1274,8113,-6839,6924,4752,2172,9,175,-166,8207,13040,-4833,7820.0,7988.0,7736.0,7766.0,206321
2011-08-08,8727,23264,-14537,37917,38751,-834,4507,475,4032,51151,62490,-11339,5822,14954,-9132,8295,5439,2856,9,169,-160,14126,20562,-6436,7742.0,7769.0,7260.0,7555.0,267551
2011-08-09,14542,27353,-12811,36876,39078,-2202,4777,508,4269,56195,66939,-10744,6455,18222,-11767,8248,6250,1998,9,169,-160,14712,24641,-9929,7230.0,7607.0,7091.0,7533.0,279725
2011-08-10,13439,26891,-13452,38519,38322,197,4573,319,4254,56531,65532,-9001,8688,19362,-10674,7392,6171,1221,9,229,-220,16089,25762,-9673,7597.0,7698.0,7581.0,7662.0,172778
2011-08-11,14542,27007,-12465,37847,36551,1296,4587,672,3915,56976,64230,-7254,11102,20545,-9443,6909,7509,-600,7,229,-222,18018,28283,-10265,7554.0,7748.0,7461.0,7699.0,221701
2011-08-12,14445,27206,-12761,39727,33777,5950,4539,800,3739,58711,61783,-3072,13406,24383,-10977,5236,6813,-1577,7,229,-222,18649,31425,-12776,7740.0,7794.0,7564.0,7589.0,176888
2011-08-15,14748,24194,-9446,41277,34038,7239,4544,852,3692,60569,59084,1485,15373,23909,-8536,5377,6972,-1595,7,229,-222,20757,31110,-10353,7723.0,7831.0,7712.0,7817.0,105030
2011-08-16,13438,25458,-12020,45844,37361,8483,4600,1018,3582,63882,63837,45,16879,26650,-9771,5421,6305,-884,7,229,-222,22307,33184,-10877,7858.0,7877.0,7735.0,7773.0,140095
2011-08-17,3500,7103,-3603,23076,26956,-3880,4542,939,3603,31118,34998,-3880,446,5774,-5328,3860,1872,1988,7,169,-162,4313,7815,-3502,7758.0,7824.0,7718.0,7753.0,76314
2011-08-18,5168,9210,-4042,27398,26257,1141,4341,881,3460,36907,36348,559,964,6183,-5219,4433,1385,3048,7,169,-162,5404,7737,-2333,7580.0,7584.0,7447.0,7500.0,152050
2011-08-19,4264,12227,-7963,29820,23194,6626,4347,1623,2724,38431,37044,1387,1567,8237,-6670,4264,2349,1915,7,169,-162,5838,10755,-4917,7298.0,7355.0,7191.0,7195.0,161405
2011-08-22,4075,13702,-9627,30718,23441,7277,4276,2210,2066,39069,39353,-284,3109,11668,-8559,4664,3680,984,7,169,-162,7780,15517,-7737,7197.0,7433.0,7160.0,7252.0,205725
2011-08-23,4904,11423,-6519,28961,27719,1242,4403,1978,2425,38268,41120,-2852,6222,13758,-7536,4598,4088,510,5,169,-164,10825,18015,-7190,7301.0,7543.0,7297.0,7509.0,167759
2011-08-24,6667,12014,-5347,29591,29701,-110,4539,1250,3289,40797,42965,-2168,6616,15605,-8989,4339,3238,1101,6,165,-159,10961,19008,-8047,7530.0,7550.0,7340.0,7423.0,194977
2011-08-25,7163,13217,-6054,29196,29022,174,4494,1691,2803,40853,43930,-3077,5091,15315,-10224,4697,3877,820,6,167,-161,9794,19359,-9565,7543.0,7559.0,7346.0,7366.0,150577
2011-08-26,6224,13259,-7035,29996,27289,2707,4407,1791,2616,40627,42339,-1712,4581,14051,-9470,4910,4409,501,6,169,-163,9497,18629,-9132,7399.0,7491.0,7354.0,7447.0,156129
2011-08-29,6185,11117,-4932,28101,29886,-1785,4422,1569,2853,38708,42572,-3864,4512,13311,-8799,4967,5052,-85,6,161,-155,9485,18524,-9039,7470.0,7610.0,7440.0,7525.0,135929
2011-08-30,7927,11436,-3509,29849,27376,2473,4424,1458,2966,42200,40270,1930,6971,14154,-7183,4924,3128,1796,3,161,-158,11898,17443,-5545,7600.0,7632.0,7548.0,7603.0,119955
2011-08-31,9621,12881,-3260,31044,26888,4156,4405,1448,2957,45070,41217,3853,7553,14007,-6454,4747,2904,1843,4,160,-156,12304,17071,-4767,7617.0,7714.0,7556.0,7707.0,130197
2011-09-01,8249,12669,-4420,31678,24777,6901,4440,1608,2832,44367,39054,5313,8202,16986,-8784,4801,4057,744,9,160,-151,13012,21203,-8191,7750.0,7849.0,7681.0,7700.0,155568
2011-09-02,8483,13259,-4776,30370,24583,5787,4300,1770,2530,43153,39612,3541,2593,11970,-9377,4822,4744,78,9,160,-151,7424,16874,-9450,7725.0,7745.0,7651.0,7710.0,121605
2011-09-05,8071,13395,-5324,32945,24958,7987,4323,1909,2414,45339,40262,5077,2799,12602,-9803,5086,4838,248,4,160,-156,7889,17600,-9711,7550.0,7560.0,7467.0,7480.0,122204
2011-09-06,6522,13550,-7028,34062,25236,8826,4303,2378,1925,44887,41164,3723,3149,13189,-10040,5227,4923,304,3,173,-170,8379,18285,-9906,7404.0,7488.0,7313.0,7340.0,171382
2011-09-07,9744,12610,-2866,33261,27709,5552,4306,2538,1768,47311,42857,4454,3006,12969,-9963,5173,5693,-520,3,173,-170,8182,18835,-10653,7460.0,7538.0,7412.0,7536.0,120616
2011-09-08,10058,13102,-3044,35527,29601,5926,4321,2086,2235,49906,44789,5117,3238,12940,-9702,5111,6027,-916,3,173,-170,8352,19140,-10788,7565.0,7598.0,7477.0,7550.0,140152
2011-09-09,10751,13312,-2561,36425,28993,7432,4219,2098,2121,51395,44403,6992,3325,12377,-9052,5211,5749,-538,9,160,-151,8545,18286,-9741,7553.0,7654.0,7510.0,7602.0,153577
2011-09-13,7822,12187,-4365,36941,30256,6685,4235,2173,2062,48998,44616,4382,3917,17513,-13596,4974,6204,-1230,2,165,-163,8893,23882,-14989,7502.0,7538.0,7335.0,7370.0,131651
2011-09-14,7216,13999,-6783,40519,30323,10196,4091,2073,2018,51826,46395,5431,3762,18395,-14633,5374,6229,-855,2,176,-174,9138,24800,-15662,7398.0,7462.0,7160.0,7193.0,182468
2011-09-15,9276,12642,-3366,41180,31551,9629,4099,2526,1573,54555,46719,7836,2994,13207,-10213,5999,5894,105,2,168,-166,8995,19269,-10274,7360.0,7450.0,7324.0,7407.0,156249
2011-09-16,11102,11870,-768,41089,31059,10030,4329,1939,2390,56520,44868,11652,3307,11265,-7958,6975,6214,761,5,160,-155,10287,17639,-7352,7514.0,7628.0,7507.0,7617.0,139098
2011-09-19,8104,12480,-4376,40168,31143,9025,3972,1916,2056,52244,45539,6705,3618,13342,-9724,7293,9070,-1777,13,160,-147,10924,22572,-11648,7580.0,7583.0,7455.0,7478.0,116020
2011-09-20,8030,11943,-3913,39456,31244,8212,3881,1751,2130,51367,44938,6429,2313,12180,-9867,7501,6305,1196,5,200,-195,9819,18685,-8866,7444.0,7566.0,7369.0,7484.0,180541
2011-09-21,3511,5615,-2104,23944,19538,4406,3795,1318,2477,31250,26471,4779,802,3001,-2199,6220,2405,3815,10,40,-30,7032,5446,1586,7508.0,7591.0,7453.0,7537.0,76416
2011-09-22,3847,7107,-3260,27861,23748,4113,3824,1883,1941,35532,32738,2794,1346,3785,-2439,7444,2102,5342,0,41,-41,8790,5928,2862,7362.0,7370.0,7250.0,7276.0,125732
2011-09-23,5427,8817,-3390,29380,27996,1384,3816,2562,1254,38623,39375,-752,4078,6762,-2684,7202,951,6251,0,45,-45,11280,7758,3522,7037.0,7104.0,6972.0,7054.0,153498
2011-09-26,6696,10210,-3514,29942,26728,3214,3821,2229,1592,40459,39167,1292,2917,7409,-4492,7602,1346,6256,0,47,-47,10519,8802,1717,7036.0,7048.0,6855.0,6881.0,156941
2011-09-27,6883,9371,-2488,30175,24297,5878,3812,1966,1846,40870,35634,5236,2776,5592,-2816,8037,1431,6606,0,47,-47,10813,7070,3743,7038.0,7135.0,7030.0,7135.0,122963
2011-09-28,6876,9439,-2563,30722,25540,5182,3813,1780,2033,41411,36759,4652,2831,6977,-4146,7941,1631,6310,0,47,-47,10772,8655,2117,7187.0,7196.0,7067.0,7100.0,126297
2011-09-29,6963,9207,-2244,30705,23412,7293,3757,1854,1903,41425,34473,6952,2853,5591,-2738,8223,1056,7167,3,40,-37,11079,6687,4392,7041.0,7208.0,7023.0,7182.0,134437
2011-09-30,7176,10018,-2842,29849,21552,8297,3749,2161,1588,40774,33731,7043,4890,8539,-3649,8141,1020,7121,7,40,-33,13038,9599,3439,7182.0,7230.0,7131.0,7182.0,124704
2011-10-03,7565,10378,-2813,32428,21660,10768,3749,2121,1628,43742,34159,9583,6064,12675,-6611,8935,1387,7548,0,42,-42,14999,14104,895,7029.0,7085.0,6959.0,7015.0,115048
2011-10-04,6991,9199,-2208,32963,21359,11604,3746,2498,1248,43700,33056,10644,3869,10585,-6716,8637,1951,6686,1,40,-39,12507,12576,-69,6871.0,7098.0,6871.0,7094.0,147003
2011-10-05,7295,11014,-3719,29903,24534,5369,3699,2605,1094,40897,38153,2744,4256,13464,-9208,8505,4168,4337,1,40,-39,12762,17672,-4910,7058.0,7087.0,6973.0,6990.0,110636
2011-10-06,6357,8667,-2310,29608,21589,8019,3770,2661,1109,39735,32917,6818,3865,9056,-5191,8765,3421,5344,3,40,-37,12633,12517,116,7115.0,7190.0,7100.0,7122.0,120600
2011-10-07,6429,7673,-1244,29140,23063,6077,3741,1807,1934,39310,32543,6767,4037,8502,-4465,8752,2397,6355,3,40,-37,12792,10939,1853,7250.0,7260.0,7183.0,7191.0,112034
2011-10-11,7507,6889,618,29801,23632,6169,3891,1539,2352,41199,32060,9139,4017,5733,-1716,8915,1671,7244,18,40,-22,12950,7444,5506,7353.0,7408.0,7336.0,7407.0,83352
2011-10-12,7966,6361,1605,29365,25863,3502,3885,1692,2193,41216,33916,7300,4278,6508,-2230,8655,1789,6866,18,40,-22,12951,8337,4614,7370.0,7424.0,7340.0,7388.0,96807
2011-10-13,7489,6227,1262,29433,28987,446,3883,1716,2167,40805,36930,3875,4255,7951,-3696,8549,2218,6331,24,40,-16,12828,10209,2619,7454.0,7460.0,7375.0,7390.0,100698
2011-10-14,5848,6323,-475,31399,30096,1303,3799,1584,2215,41046,38003,3043,4774,7494,-2720,8680,2330,6350,21,40,-19,13475,9864,3611,7400.0,7401.0,7353.0,7377.0,80809
2011-10-17,7454,7729,-275,31666,31688,-22,3892,1418,2474,43012,40835,2177,5491,6979,-1488,8866,2543,6323,22,40,-18,14379,9562,4817,7470.0,7495.0,7408.0,7453.0,105086
2011-10-18,7649,8306,-657,32897,33026,-129,3762,1208,2554,44308,42540,1768,5769,6272,-503,9034,2050,6984,9,40,-31,14812,8362,6450,7361.0,7389.0,7313.0,7337.0,103316
2011-10-19,2926,4452,-1526,25014,23154,1860,3744,776,2968,31684,28382,3302,702,5011,-4309,7040,911,6129,17,0,17,7759,5922,1837,7342.0,7382.0,7320.0,7330.0,48083
2011-10-20,2933,6239,-3306,24522,25722,-1200,3598,989,2609,31053,32950,-1897,788,8073,-7285,6390,893,5497,8,5,3,7186,8971,-1785,7356.0,7358.0,7213.0,7213.0,98691
2011-10-21,2991,6556,-3565,25082,25808,-726,3595,1030,2565,31668,33394,-1726,659,7920,-7261,6971,683,6288,8,5,3,7638,8608,-970,7227.0,7272.0,7193.0,7258.0,87535
2011-10-24,3578,5414,-1836,24508,21438,3070,3721,923,2798,31807,27775,4032,1412,5013,-3601,7494,1161,6333,25,0,25,8931,6174,2757,7394.0,7503.0,7381.0,7494.0,95663
2011-10-25,3504,4678,-1174,25043,21005,4038,1338,837,501,29885,26520,3365,1400,5589,-4189,7438,1464,5974,25,0,25,8863,7053,1810,7499.0,7519.0,7463.0,7470.0,75563
2011-10-26,4256,5192,-936,26182,21073,5109,1336,762,574,31774,27027,4747,1794,5226,-3432,7938,1882,6056,60,0,60,9792,7108,2684,7425.0,7573.0,7408.0,7547.0,108104
2011-10-27,5425,4920,505,27748,23508,4240,1464,547,917,34637,28975,5662,2549,5293,-2744,7846,2953,4893,60,0,60,10455,8246,2209,7549.0,7603.0,7502.0,7590.0,109266
2011-10-28,5318,6034,-716,30016,25217,4799,1464,528,936,36798,31779,5019,2689,4773,-2084,7650,3873,3777,60,0,60,10399,8646,1753,7725.0,7777.0,7611.0,7628.0,132787
2011-10-31,3739,5929,-2190,29756,24594,5162,1343,500,843,34838,31023,3815,3067,5101,-2034,7061,4096,2965,37,0,37,10165,9197,968,7649.0,7682.0,7546.0,7561.0,109659
2011-11-01,4744,6516,-1772,32350,24192,8158,1347,569,778,38441,31277,7164,2594,5100,-2506,7291,4452,2839,37,0,37,9922,9552,370,7570.0,7685.0,7522.0,7637.0,137794
2011-11-02,4745,6824,-2079,30985,26336,4649,1312,557,755,37042,33717,3325,4320,6282,-1962,6471,5279,1192,37,0,37,10828,11561,-733,7488.0,7634.0,7451.0,7609.0,134837
2011-11-03,2976,7065,-4089,31185,31147,38,1284,565,719,35445,38777,-3332,5193,7354,-2161,6400,5115,1285,24,0,24,11617,12469,-852,7565.0,7580.0,7438.0,7445.0,145531
2011-11-04,6250,8376,-2126,29565,28944,621,1309,483,826,37124,37803,-679,8058,6908,1150,6834,4657,2177,62,0,62,14954,11565,3389,7605.0,7665.0,7573.0,7630.0,114452
2011-11-07,6238,7464,-1226,29395,28157,1238,1309,444,865,36942,36065,877,6975,7268,-293,6560,4595,1965,62,0,62,13597,11863,1734,7617.0,7655.0,7591.0,7635.0,76533
2011-11-08,4588,7431,-2843,32513,31113,1400,1308,496,812,38409,39040,-631,7184,9347,-2163,6499,4899,1600,62,0,62,13745,14246,-501,7631.0,7709.0,7579.0,7590.0,123361
2011-11-09,4348,7729,-3381,33012,29960,3052,1303,493,810,38663,38182,481,7067,8151,-1084,6962,5228,1734,62,0,62,14091,13379,712,7655.0,7672.0,7576.0,7614.0,94938
2011-11-10,3528,8947,-5419,34888,37568,-2680,1205,859,346,39621,47374,-7753,5389,10561,-5172,7356,7555,-199,6,38,-32,12751,18154,-5403,7430.0,7454.0,7275.0,7318.0,147157
2011-11-11,4407,9161,-4754,36777,39920,-3143,1203,797,406,42387,49878,-7491,6017,9773,-3756,8334,5928,2406,6,38,-32,14357,15739,-1382,7317.0,7384.0,7288.0,7356.0,108018
2011-11-14,6995,10328,-3333,37492,37668,-176,1284,563,721,45771,48559,-2788,7770,9024,-1254,9090,6507,2583,26,0,26,16886,15531,1355,7493.0,7563.0,7488.0,7541.0,95577
2011-11-15,5527,11794,-6267,38453,37404,1049,1299,556,743,45279,49754,-4475,3797,8335,-4538,9498,4745,4753,26,0,26,13321,13080,241,7528.0,7549.0,7481.0,7501.0,84264
2011-11-16,3181,5010,-1829,29849,34637,-4788,1227,648,579,34257,40295,-6038,479,7035,-6556,9365,2324,7041,6,32,-26,9850,9391,459,7534.0,7562.0,7384.0,7397.0,78514
2011-11-17,4178,5481,-1303,30309,34303,-3994,1268,892,376,35755,40676,-4921,625,7038,-6413,9864,2208,7656,6,32,-26,10495,9278,1217,7333.0,7409.0,7283.0,7404.0,119950
2011-11-18,5146,6375,-1229,31171,41223,-10052,1256,904,352,37573,48502,-10929,679,7856,-7177,9436,1554,7882,6,48,-42,10121,9458,663,7278.0,7330.0,7234.0,7252.0,127241
2011-11-21,7085,7842,-757,32060,45221,-13161,1250,1063,187,40395,54126,-13731,1285,9126,-7841,9625,2458,7167,6,67,-61,10916,11651,-735,7186.0,7188.0,7016.0,7050.0,127792
2011-11-22,6827,8319,-1492,32370,47828,-15458,1247,1191,56,40444,57338,-16894,1089,10040,-8951,10485,1756,8729,6,74,-68,11580,11870,-290,7050.0,7102.0,6970.0,7023.0,135843
2011-11-23,8713,9461,-748,33984,51063,-17079,1177,1243,-66,43874,61767,-17893,1857,12738,-10881,13079,1217,11862,6,77,-71,14942,14032,910,6970.0,6987.0,6798.0,6818.0,147518
2011-11-24,8028,8198,-170,32858,54613,-21755,1218,1050,168,42104,63861,-21757,1668,12935,-11267,13141,1895,11246,6,38,-32,14815,14868,-53,6828.0,6903.0,6765.0,6832.0,130321
2011-11-25,8609,8726,-117,33000,52429,-19429,1214,1076,138,42823,62231,-19408,1899,12810,-10911,14647,1098,13549,6,38,-32,16552,13946,2606,6870.0,6956.0,6725.0,6757.0,172063
2011-11-28,8024,7863,161,32995,49636,-16641,1265,1104,161,42284,58603,-16319,1097,11603,-10506,15405,1172,14233,6,38,-32,16508,12813,3695,6909.0,6925.0,6850.0,6920.0,115248
2011-11-29,7854,7062,792,32363,49302,-16939,1270,1087,183,41487,57451,-15964,1423,10416,-8993,14819,1005,13814,6,38,-32,16248,11459,4789,6965.0,6996.0,6912.0,6975.0,108654
2011-11-30,7532,8172,-640,35259,46624,-11365,1198,1110,88,43989,55906,-11917,1981,10719,-8738,15838,827,15011,6,38,-32,17825,11584,6241,6943.0,6957.0,6826.0,6903.0,133349
2011-12-01,9102,6394,2708,32908,46547,-13639,1528,931,597,43538,53872,-10334,3921,7887,-3966,15782,1077,14705,6,4,2,19709,8968,10741,7194.0,7251.0,7140.0,7210.0,117187
2011-12-02,8916,6110,2806,32446,49245,-16799,1518,937,581,42880,56292,-13412,2231,9341,-7110,15645,2473,13172,6,4,2,17882,11818,6064,7202.0,7214.0,7116.0,7155.0,98794
2011-12-05,9575,6876,2699,32583,50783,-18200,1492,982,510,43650,58641,-14991,2175,8053,-5878,16206,2885,13321,6,4,2,18387,10942,7445,7165.0,7168.0,7052.0,7133.0,112080
2011-12-06,8873,8359,514,33113,47575,-14462,1413,1220,193,43399,57154,-13755,2428,9358,-6930,16453,3020,13433,6,18,-12,18887,12396,6491,7086.0,7090.0,6953.0,6985.0,106833
2011-12-07,7852,7166,686,33208,46286,-13078,1406,1280,126,42466,54732,-12266,2285,8066,-5781,16808,3174,13634,6,116,-110,19099,11356,7743,7012.0,7063.0,7005.0,7054.0,101832
2011-12-08,7751,6645,1106,33683,47820,-14137,1273,1220,53,42707,55685,-12978,2223,10474,-8251,16787,1663,15124,6,123,-117,19016,12260,6756,7015.0,7027.0,6907.0,6961.0,120584
2011-12-09,7206,6387,819,36491,47619,-11128,1285,1310,-25,44982,55316,-10334,2520,9831,-7311,17511,1639,15872,6,187,-181,20037,11657,8380,6801.0,6933.0,6790.0,6884.0,144562
2011-12-12,7182,6321,861,34817,45872,-11055,1273,1172,101,43272,53365,-10093,2145,9183,-7038,17460,1952,15508,6,251,-245,19611,11386,8225,6975.0,7016.0,6932.0,6943.0,93960
2011-12-13,6713,6044,669,37041,46009,-8968,1249,1137,112,45003,53190,-8187,2452,9179,-6727,17732,1560,16172,6,244,-238,20190,10983,9207,6855.0,6930.0,6837.0,6897.0,94876
2011-12-14,6607,6319,288,36542,47328,-10786,1346,1135,211,44495,54782,-10287,3035,7695,-4660,17523,1422,16101,6,244,-238,20564,9361,11203,6883.0,6925.0,6857.0,6919.0,77078
2011-12-15,6836,7348,-512,35765,50091,-14326,1176,1001,175,43777,58440,-14663,5189,12884,-7695,16784,1606,15178,6,244,-238,21979,14734,7245,6845.0,6858.0,6751.0,6751.0,100907
2011-12-16,5860,6188,-328,36416,48690,-12274,1176,978,198,43452,55856,-12404,3122,9634,-6512,17750,1738,16012,6,248,-242,20878,11620,9258,6772.0,6803.0,6746.0,6775.0,77149
2011-12-19,4736,6502,-1766,40861,51534,-10673,1173,1032,141,46770,59068,-12298,795,8053,-7258,18793,1678,17115,6,248,-242,19594,9979,9615,6670.0,6741.0,6613.0,6637.0,122210
2011-12-20,5044,9645,-4601,44784,53330,-8546,1173,1119,54,51001,64094,-13093,1680,6934,-5254,20444,2093,18351,6,248,-242,22130,9275,12855,6674.0,6704.0,6665.0,6671.0,76742
2011-12-21,5302,4295,1007,26934,33945,-7011,1189,843,346,33425,39083,-5658,1683,4318,-2635,5019,1851,3168,6,235,-229,6708,6404,304,6831.0,6960.0,6830.0,6952.0,57954
2011-12-22,5059,4368,691,26848,33710,-6862,1179,884,295,33086,38962,-5876,1382,4415,-3033,4919,2306,2613,6,235,-229,6307,6956,-649,6950.0,6979.0,6936.0,6954.0,58656
2011-12-23,5883,4218,1665,27391,33557,-6166,1239,674,565,34513,38449,-3936,2629,4028,-1399,5529,1937,3592,6,235,-229,8164,6200,1964,7048.0,7124.0,7031.0,7107.0,71134
2011-12-26,6119,4276,1843,25527,33068,-7541,1244,766,478,32890,38110,-5220,1783,4032,-2249,5037,3066,1971,6,234,-228,6826,7332,-506,7108.0,7116.0,7074.0,7103.0,44558
2011-12-27,6007,4142,1865,26074,33921,-7847,1241,817,424,33322,38880,-5558,1327,4327,-3000,4981,3266,1715,6,204,-198,6314,7797,-1483,7095.0,7112.0,7035.0,7088.0,74041
2011-12-28,5675,4542,1133,26068,33783,-7715,1241,992,249,32984,39317,-6333,1098,4185,-3087,5078,3595,1483,6,204,-198,6182,7984,-1802,7062.0,7088.0,7037.0,7052.0,56327
2011-12-29,5758,4613,1145,26170,33930,-7760,1236,1019,217,33164,39562,-6398,1671,4212,-2541,5235,3944,1291,6,170,-164,6912,8326,-1414,7012.0,7077.0,7000.0,7073.0,67828
2011-12-30,6437,4678,1759,24193,36095,-11902,1182,1227,-45,31812,42000,-10188,1297,4624,-3327,4911,3898,1013,6,163,-157,6214,8685,-2471,7098.0,7148.0,7036.0,7040.0,88497
2012-01-02,7091,5430,1661,24067,36378,-12311,1175,1617,-442,32333,43425,-11092,1718,5031,-3313,5633,3160,2473,6,163,-157,7357,8354,-997,7022.0,7051.0,6928.0,6949.0,88560
2012-01-03,6418,4991,1427,25990,34433,-8443,1182,1638,-456,33590,41062,-7472,2247,4224,-1977,5170,1270,3900,6,163,-157,7423,5657,1766,7020.0,7087.0,7002.0,7049.0,86632
2012-01-04,7079,5218,1861,27250,32591,-5341,1179,1587,-408,35508,39396,-3888,3353,4262,-909,6101,1802,4299,6,163,-157,9460,6227,3233,7084.0,7109.0,7043.0,7073.0,87283
2012-01-05,7575,5445,2130,28606,32092,-3486,1170,1424,-254,37351,38961,-1610,4424,4060,364,6036,1544,4492,6,163,-157,10466,5767,4699,7088.0,7124.0,7061.0,7119.0,81932
2012-01-06,6820,4970,1850,27159,29963,-2804,1156,1470,-314,35135,36403,-1268,3258,4362,-1104,6305,2108,4197,5,129,-124,9568,6599,2969,7100.0,7117.0,7060.0,7085.0,90256
2012-01-09,5894,4806,1088,27159,29736,-2577,1166,1516,-350,34219,36058,-1839,2604,4883,-2279,6174,2463,3711,5,94,-89,8783,7440,1343,7047.0,7082.0,7026.0,7055.0,76575
2012-01-10,6057,5223,834,31081,28825,2256,1310,1066,244,38448,35114,3334,3258,4268,-1010,6061,1815,4246,5,83,-78,9324,6166,3158,7120.0,7180.0,7111.0,7172.0,80808
2012-01-11,6899,5563,1336,30723,29793,930,1310,1033,277,38932,36389,2543,3824,4747,-923,6064,2265,3799,5,83,-78,9893,7095,2798,7185.0,7196.0,7167.0,7179.0,58991
2012-01-12,7630,5533,2097,31927,29621,2306,1333,1074,259,40890,36228,4662,4163,5003,-840,6444,2530,3914,5,83,-78,10612,7616,2996,7185.0,7194.0,7161.0,7185.0,53064
2012-01-13,9284,6428,2856,31999,32580,-581,1355,1323,32,42638,40331,2307,3201,5238,-2037,6523,3629,2894,5,83,-78,9729,8950,779,7235.0,7263.0,7147.0,7165.0,95431
2012-01-16,9050,5791,3259,32252,34076,-1824,1239,1211,28,42541,41078,1463,2611,4067,-1456,6914,3493,3421,5,93,-88,9530,7653,1877,7236.0,7280.0,7071.0,7093.0,136731
2012-01-17,10838,4941,5897,32711,31027,1684,1282,988,294,44831,36956,7875,5486,3662,1824,7874,2312,5562,5,93,-88,13365,6067,7298,7152.0,7228.0,7118.0,7227.0,108548
2012-01-18,5329,4484,845,25660,21626,4034,1291,840,451,32280,26950,5330,707,3266,-2559,4109,2629,1480,5,93,-88,4821,5988,-1167,7224.0,7248.0,7192.0,7207.0,54107
2012-01-30,5828,5004,824,26378,21077,5301,1285,799,486,33491,26880,6611,1901,2507,-606,4454,1987,2467,5,93,-88,6360,4587,1773,7352.0,7448.0,7351.0,7390.0,88011
2012-01-31,6226,4997,1229,28974,22838,6136,1220,709,511,36420,28544,7876,985,2815,-1830,4926,2931,1995,5,93,-88,5916,5839,77,7444.0,7503.0,7422.0,7467.0,107138
2012-02-01,8912,6753,2159,31961,20486,11475,1229,659,570,42102,27898,14204,2638,2608,30,5074,2402,2672,5,93,-88,7717,5103,2614,7492.0,7548.0,7476.0,7522.0,98775
2012-02-02,10468,6451,4017,31830,21524,10306,1221,550,671,43519,28525,14994,1854,2854,-1000,5006,2770,2236,5,46,-41,6865,5670,1195,7620.0,7650.0,7566.0,7642.0,96092
2012-02-03,10748,5669,5079,32069,21753,10316,1221,611,610,44038,28033,16005,1716,3347,-1631,5272,3520,1752,5,46,-41,6993,6913,80,7620.0,7650.0,7602.0,7642.0,79813
2012-02-04,11992,5919,6073,32739,21149,11590,1197,641,556,45928,27709,18219,2749,3706,-957,5736,4177,1559,5,46,-41,8490,7929,561,7720.0,7758.0,7693.0,7735.0,75806
2012-02-06,11430,6550,4880,32216,20234,11982,1206,693,513,44852,27477,17375,2912,3933,-1021,4719,4272,447,5,46,-41,7636,8251,-615,7706.0,7724.0,7668.0,7685.0,87973
2012-02-07,11719,6954,4765,34593,19476,15117,1181,737,444,47493,27167,20326,3286,4065,-779,5137,4849,288,5,46,-41,8428,8960,-532,7706.0,7750.0,7675.0,7722.0,107371
2012-02-08,13177,6511,6666,34421,20920,13501,1186,711,475,48784,28142,20642,3270,4110,-840,6327,6363,-36,5,46,-41,9602,10519,-917,7766.0,7895.0,7760.0,7890.0,113980
2012-02-09,14124,5580,8544,33539,22257,11282,1147,737,410,48810,28574,20236,3840,4559,-719,7091,8388,-1297,5,46,-41,10936,12993,-2057,7860.0,7933.0,7829.0,7923.0,109956
2012-02-10,13153,6976,6177,34027,25515,8512,1147,756,391,48327,33247,15080,3483,4950,-1467,7262,10633,-3371,5,92,-87,10750,15675,-4925,7876.0,7928.0,7850.0,7866.0,102524
2012-02-13,13192,8450,4742,38588,28721,9867,1112,782,330,52892,37953,14939,3735,5402,-1667,7664,9599,-1935,5,143,-138,11404,15144,-3740,7875.0,7937.0,7841.0,7907.0,105798
2012-02-14,13630,5629,8001,35854,28699,7155,1114,887,227,50598,35215,15383,3952,4794,-842,7807,7968,-161,5,143,-138,11764,12905,-1141,7905.0,7914.0,7807.0,7874.0,118000
2012-02-15,5490,4545,945,25457,13719,11738,1107,774,333,32054,19038,13016,2541,1567,974,7469,1623,5846,5,179,-174,10015,3369,6646,7924.0,8010.0,7890.0,8006.0,66187
2012-02-16,4897,5424,-527,26185,15553,10632,1081,1045,36,32163,22022,10141,2539,4048,-1509,5764,2170,3594,7,179,-172,8310,6397,1913,7968.0,7994.0,7867.0,7906.0,111267
2012-02-17,5548,5536,12,25983,17561,8422,1041,1028,13,32572,24125,8447,2795,4618,-1823,5838,2944,2894,7,191,-184,8640,7753,887,7982.0,8021.0,7880.0,7932.0,141830
2012-02-20,6566,5462,1104,25022,18245,6777,1063,1061,2,32651,24768,7883,3030,4329,-1299,5918,2954,2964,10,203,-193,8958,7486,1472,7989.0,8004.0,7927.0,7956.0,91101
2012-02-21,6827,5701,1126,25992,18235,7757,1028,1089,-61,33847,25025,8822,4554,4151,403,6092,2336,3756,10,203,-193,10656,6690,3966,7954.0,7975.0,7854.0,7947.0,138398
2012-02-22,7455,5924,1531,25837,17422,8415,1093,941,152,34385,24287,10098,5837,4214,1623,6568,3294,3274,10,203,-193,12415,7711,4704,7918.0,8036.0,7889.0,8004.0,129636
2012-02-23,7345,5925,1420,23623,16980,6643,1088,1016,72,32056,23921,8135,5554,4366,1188,5750,3585,2165,10,203,-193,11314,8154,3160,7960.0,7991.0,7941.0,7963.0,83248
2012-02-24,6851,5961,890,24526,18049,6477,1060,963,97,32437,24973,7464,6003,4767,1236,5913,3492,2421,10,203,-193,11926,8462,3464,7945.0,7975.0,7883.0,7941.0,115253
2012-02-29,7579,5654,1925,31475,16066,15409,1077,870,207,40131,22590,17541,6723,4705,2018,8085,3689,4396,10,203,-193,14818,8597,6221,8006.0,8126.0,8002.0,8114.0,100542
2012-03-01,7707,6179,1528,30388,16867,13521,1052,805,247,39147,23851,15296,7314,4648,2666,7617,4600,3017,10,62,-52,14941,9310,5631,8143.0,8177.0,8114.0,8138.0,91701
2012-03-02,7959,5803,2156,27543,17945,9598,1042,753,289,36544,24501,12043,6472,4843,1629,6598,5325,1273,10,62,-52,13080,10230,2850,8180.0,8187.0,8112.0,8152.0,85994
2012-03-03,7174,5995,1179,27665,18104,9561,1021,732,289,35860,24831,11029,6632,5573,1059,5953,5342,611,10,62,-52,12595,10977,1618,8130.0,8130.0,8086.0,8120.0,50421
2012-03-05,6458,6260,198,25337,20315,5022,928,737,191,32723,27312,5411,5846,5674,172,5462,5206,256,10,62,-52,11318,10942,376,8101.0,8107.0,8003.0,8040.0,106909
2012-03-06,5927,7838,-1911,25411,22816,2595,929,976,-47,32267,31630,637,5828,6695,-867,5389,4464,925,10,96,-86,11227,11255,-28,8020.0,8034.0,7871.0,7946.0,137557
2012-03-07,4342,8018,-3676,27947,21566,6381,934,1026,-92,33223,30610,2613,6236,6924,-688,5550,3485,2065,10,162,-152,11796,10571,1225,7854.0,7929.0,7840.0,7895.0,104775
2012-03-08,7700,7497,203,27451,21810,5641,978,1018,-40,36129,30325,5804,6612,5570,1042,6594,3797,2797,10,162,-152,13216,9529,3687,7938.0,8000.0,7883.0,7976.0,109999
2012-03-09,9269,7870,1399,26436,20772,5664,1059,869,190,36764,29511,7253,6974,5446,1528,7196,3904,3292,10,162,-152,14180,9512,4668,7990.0,8030.0,7942.0,8005.0,107445
2012-03-12,7654,8238,-584,26887,20687,6200,1059,870,189,35600,29795,5805,6863,5696,1167,5614,3398,2216,10,162,-152,12487,9256,3231,7998.0,8008.0,7908.0,7921.0,91819
2012-03-13,9247,9738,-491,30652,18296,12356,1081,830,251,40980,28864,12116,7187,5185,2002,8286,3766,4520,10,274,-264,15483,9225,6258,7967.0,8065.0,7965.0,8033.0,114304
2012-03-14,11619,10608,1011,32655,21866,10789,1070,795,275,45344,33269,12075,7120,5338,1782,6668,4047,2621,10,274,-264,13798,9659,4139,8154.0,8188.0,8132.0,8142.0,86162
2012-03-15,11651,9759,1892,31284,22736,8548,1066,687,379,44001,33182,10819,7182,5491,1691,6595,4047,2548,10,274,-264,13787,9812,3975,8140.0,8158.0,8090.0,8134.0,85516
2012-03-16,8959,8782,177,28132,22956,5176,1136,724,412,38227,32462,5765,5854,5686,168,5668,3803,1865,10,264,-254,11532,9753,1779,8130.0,8143.0,8058.0,8064.0,85853
2012-03-19,8058,7832,226,38043,30771,7272,1031,865,166,47132,39468,7664,6399,7963,-1564,5853,3211,2642,10,264,-254,12262,11438,824,8113.0,8116.0,7972.0,8053.0,130033
2012-03-20,4936,8663,-3727,39992,34057,5935,1016,894,122,45944,43614,2330,5821,9140,-3319,6255,3466,2789,10,264,-254,12086,12870,-784,8077.0,8078.0,7952.0,7984.0,107278
2012-03-21,2796,6722,-3926,30209,21284,8925,1011,872,139,34016,28878,5138,1164,6354,-5190,6017,1423,4594,6,264,-258,7187,8041,-854,7966.0,8016.0,7951.0,7980.0,64741
2012-03-22,4471,8108,-3637,36185,21038,15147,1041,877,164,41697,30023,11674,4903,6287,-1384,7225,1853,5372,6,264,-258,12134,8404,3730,8009.0,8095.0,7986.0,8084.0,105507
2012-03-23,3993,8370,-4377,34652,25049,9603,1028,769,259,39673,34188,5485,3868,7340,-3472,6463,1887,4576,6,264,-258,10337,9491,846,8101.0,8101.0,8051.0,8080.0,69157
2012-03-26,4027,6901,-2874,27633,25496,2137,972,874,98,32632,33271,-639,1695,8648,-6953,5331,3481,1850,6,234,-228,7032,12363,-5331,8081.0,8096.0,7938.0,7958.0,120901
2012-03-27,4665,6857,-2192,30739,22038,8701,982,983,-1,36386,29878,6508,1833,6896,-5063,5737,2243,3494,6,234,-228,7576,9373,-1797,8000.0,8022.0,7973.0,8010.0,82263
2012-03-28,5583,6776,-1193,33317,20911,12406,1035,1032,3,39935,28719,11216,2440,6829,-4389,6182,1872,4310,6,234,-228,8628,8935,-307,8015.0,8079.0,7996.0,8030.0,92823
2012-03-29,5445,7108,-1663,27022,26105,917,953,1216,-263,33420,34429,-1009,2099,12401,-10302,5747,5442,305,6,234,-228,7852,18077,-10225,7998.0,8006.0,7820.0,7845.0,137007
2012-03-30,7599,6602,997,26370,26859,-489,974,1303,-329,34943,34764,179,2202,10959,-8757,5754,4505,1249,6,234,-228,7962,15698,-7736,7810.0,7907.0,7786.0,7883.0,107110
2012-04-02,7242,6618,624,27345,25065,2280,974,1288,-314,35561,32971,2590,2681,9992,-7311,5894,4088,1806,6,234,-228,8581,14314,-5733,7888.0,7904.0,7835.0,7866.0,83322
2012-04-03,7955,7048,907,26206,30624,-4418,1022,1381,-359,35183,39053,-3870,2325,10971,-8646,6199,6607,-408,6,234,-228,8530,17812,-9282,7889.0,7919.0,7736.0,7780.0,138985
2012-04-05,9503,6970,2533,27027,34285,-7258,1001,1141,-140,37531,42396,-4865,2816,12111,-9295,6839,6340,499,6,220,-214,9661,18671,-9010,7651.0,7663.0,7523.0,7618.0,138350
2012-04-06,11336,6698,4638,26670,29395,-2725,1132,1153,-21,39138,37246,1892,3646,10571,-6925,7141,5184,1957,6,220,-214,10793,15975,-5182,7640.0,7688.0,7613.0,7673.0,92586
2012-04-09,10785,6943,3842,28815,26423,2392,1156,1233,-77,40756,34599,6157,3279,10122,-6843,7623,5353,2270,6,220,-214,10908,15695,-4787,7572.0,7633.0,7503.0,7577.0,107628
2012-04-10,10168,6499,3669,30441,25850,4591,1149,1433,-284,41758,33782,7976,3082,10602,-7520,7696,5519,2177,6,220,-214,10784,16341,-5557,7633.0,7683.0,7579.0,7609.0,111434
2012-04-11,10683,5874,4809,33448,26967,6481,1164,1223,-59,45295,34064,11231,2969,10245,-7276,8376,5066,3310,6,220,-214,11351,15531,-4180,7511.0,7650.0,7507.0,7641.0,114869
2012-04-12,12215,5664,6551,29985,27581,2404,1164,1167,-3,43364,34412,8952,2534,11108,-8574,8762,6367,2395,6,220,-214,11302,17695,-6393,7610.0,7648.0,7568.0,7636.0,111410
2012-04-13,12548,6476,6072,35944,29953,5991,1180,1017,163,49672,37446,12226,2474,8746,-6272,9248,5927,3321,6,231,-225,11728,14904,-3176,7701.0,7766.0,7685.0,7756.0,114567
2012-04-16,10599,6628,3971,41570,34036,7534,1180,1220,-40,53349,41884,11465,2253,9069,-6816,9444,6910,2534,6,231,-225,11703,16210,-4507,7700.0,7734.0,7681.0,7712.0,71070
2012-04-17,9543,5840,3703,35381,35299,82,1108,1302,-194,46032,42441,3591,3254,8065,-4811,9771,10644,-873,6,231,-225,13031,18940,-5909,7708.0,7739.0,7585.0,7592.0,128889
2012-04-18,2976,5838,-2862,24778,18708,6070,1035,1199,-164,28789,25745,3044,2594,3120,-526,5267,1860,3407,6,231,-225,7867,5211,2656,7690.0,7692.0,7599.0,7620.0,62080
2012-04-19,2847,6074,-3227,25229,16026,9203,1015,1371,-356,29091,23471,5620,3242,3053,189,5634,2238,3396,6,231,-225,8882,5522,3360,7591.0,7626.0,7510.0,7614.0,112215
2012-04-20,2982,5471,-2489,24657,19240,5417,1063,1369,-306,28702,26080,2622,2875,4777,-1902,5327,4064,1263,6,224,-218,8208,9065,-857,7581.0,7599.0,7489.0,7515.0,109626
2012-04-23,3674,5179,-1505,25319,19155,6164,1063,1529,-466,30056,25863,4193,2974,4912,-1938,5401,3613,1788,6,214,-208,8381,8739,-358,7499.0,7510.0,7416.0,7479.0,109398
2012-04-24,2722,5030,-2308,27011,17227,9784,1076,1576,-500,30809,23833,6976,3551,4066,-515,6083,3447,2636,6,214,-208,9640,7727,1913,7451.0,7534.0,7434.0,7488.0,130651
2012-04-25,3204,5253,-2049,27372,18820,8552,1124,1350,-226,31700,25423,6277,3398,4195,-797,6321,3791,2530,6,214,-208,9725,8200,1525,7544.0,7573.0,7510.0,7539.0,90160
2012-04-26,3976,5299,-1323,24734,19081,5653,1117,1325,-208,29827,25705,4122,3461,4095,-634,7156,4739,2417,6,214,-208,10623,9048,1575,7577.0,7585.0,7480.0,7493.0,116655
2012-04-27,3727,5606,-1879,25391,20761,4630,1094,1336,-242,30212,27703,2509,3572,3864,-292,7340,5022,2318,6,214,-208,10918,9100,1818,7546.0,7561.0,7435.0,7446.0,127455
2012-04-30,4856,5680,-824,24560,21226,3334,1149,805,344,30565,27711,2854,3452,3678,-226,7489,4958,2531,6,214,-208,10947,8850,2097,7444.0,7469.0,7395.0,7464.0,84782
2012-05-02,5503,5360,143,27177,20128,7049,1260,790,470,33940,26278,7662,4418,2269,2149,7647,3414,4233,6,214,-208,12071,5897,6174,7496.0,7683.0,7491.0,7678.0,124081
2012-05-03,5836,5634,202,25493,20080,5413,1271,879,392,32600,26593,6007,3731,2372,1359,7388,4606,2782,6,214,-208,11125,7192,3933,7676.0,7676.0,7635.0,7657.0,65044
2012-05-04,5610,5804,-194,26542,20133,6409,1257,918,339,33409,26855,6554,4126,3022,1104,7220,4394,2826,5,226,-221,11351,7642,3709,7615.0,7685.0,7583.0,7662.0,104609
2012-05-07,5920,5810,110,24114,23574,540,1128,1033,95,31162,30417,745,3544,3276,268,7431,7512,-81,5,240,-235,10980,11028,-48,7557.0,7578.0,7491.0,7500.0,105959
2012-05-08,6920,5764,1156,24124,22503,1621,1143,1093,50,32187,29360,2827,3796,3774,22,7708,7446,262,5,240,-235,11509,11460,49,7520.0,7545.0,7493.0,7523.0,70997
2012-05-09,7283,5383,1900,26720,26834,-114,1101,1133,-32,35104,33350,1754,4022,4419,-397,7820,7736,84,5,226,-221,11847,12381,-534,7468.0,7490.0,7417.0,7460.0,111427
2012-05-10,8382,5396,2986,26745,25330,1415,1050,1163,-113,36177,31889,4288,4176,5072,-896,7583,7305,278,5,226,-221,11764,12603,-839,7425.0,7516.0,7425.0,7482.0,105113
2012-05-11,8176,6772,1404,27715,31004,-3289,1050,1190,-140,36941,38966,-2025,6307,9559,-3252,8259,10637,-2378,5,203,-198,14571,20399,-5828,7458.0,7464.0,7356.0,7367.0,116762
2012-05-14,6252,5506,746,28258,26489,1769,1060,1553,-493,35570,33548,2022,3906,5957,-2051,9133,10236,-1103,5,184,-179,13044,16377,-3333,7376.0,7398.0,7327.0,7369.0,91396
2012-05-15,6659,6611,48,28418,25055,3363,1012,1442,-430,36089,33108,2981,4064,7301,-3237,7555,10076,-2521,5,184,-179,11624,17561,-5937,7305.0,7406.0,7290.0,7385.0,113623
2012-05-16,2529,5303,-2774,21103,19349,1754,996,1304,-308,24628,25956,-1328,1207,2466,-1259,5880,3331,2549,5,159,-154,7092,5956,1136,7356.0,7386.0,7250.0,7255.0,79053
2012-05-17,2896,6772,-3876,19461,17979,1482,1016,1464,-448,23373,26215,-2842,1721,2568,-847,7369,2781,4588,5,159,-154,9095,5508,3587,7266.0,7333.0,7251.0,7316.0,107382
2012-05-18,2819,8474,-5655,22233,19290,2943,1021,1518,-497,26073,29282,-3209,722,4093,-3371,6402,3140,3262,5,159,-154,7129,7392,-263,7164.0,7230.0,7128.0,7131.0,137508
2012-05-21,2978,8985,-6007,21213,14395,6818,1039,1636,-597,25230,25016,214,317,3228,-2911,7152,3112,4040,5,159,-154,7474,6499,975,7179.0,7209.0,7156.0,7188.0,90002
2012-05-22,3758,8250,-4492,21879,17776,4103,1083,1587,-504,26720,27613,-893,371,3081,-2710,7474,3243,4231,5,159,-154,7850,6483,1367,7250.0,7260.0,7202.0,7237.0,84457
2012-05-23,3949,9018,-5069,22119,17606,4513,1092,1490,-398,27160,28114,-954,793,3327,-2534,6867,2992,3875,5,159,-154,7665,6478,1187,7151.0,7170.0,7090.0,7137.0,104162
2012-05-24,4328,9806,-5478,21688,18613,3075,1101,1376,-275,27117,29795,-2678,524,3797,-3273,7127,3368,3759,5,77,-72,7656,7242,414,7156.0,7178.0,7082.0,7131.0,110432
2012-05-25,4671,10846,-6175,22776,20993,1783,1105,1540,-435,28552,33379,-4827,637,5193,-4556,6432,3760,2672,5,77,-72,7074,9030,-1956,7155.0,7159.0,7048.0,7056.0,112160
2012-05-28,4453,11060,-6607,22923,20294,2629,1127,1420,-293,28503,32774,-4271,666,4158,-3492,7388,3384,4004,5,77,-72,8059,7619,440,7072.0,7133.0,7025.0,7116.0,88137
2012-05-29,6082,10550,-4468,24345,16873,7472,1273,1433,-160,31700,28856,2844,3017,3190,-173,9137,3539,5598,5,77,-72,12159,6806,5353,7124.0,7336.0,7105.0,7292.0,133522
2012-05-30,5905,11033,-5128,24403,23045,1358,1287,1383,-96,31595,35461,-3866,926,2833,-1907,7536,4142,3394,5,77,-72,8467,7052,1415,7270.0,7273.0,7196.0,7234.0,106158
2012-05-31,6813,11225,-4412,26319,22335,3984,1148,1610,-462,34280,35170,-890,1220,2826,-1606,8047,4208,3839,5,77,-72,9272,7111,2161,7142.0,7255.0,7085.0,7216.0,133197
2012-06-01,6135,10993,-4858,28227,23282,4945,1154,1725,-571,35516,36000,-484,1064,3654,-2590,8016,6129,1887,5,77,-72,9085,9860,-775,7200.0,7210.0,7075.0,7100.0,148958
2012-06-04,6077,14701,-8624,29622,20300,9322,1132,1797,-665,36831,36798,33,1598,6782,-5184,8578,4744,3834,5,72,-67,10181,11598,-1417,6927.0,6930.0,6832.0,6866.0,136278
2012-06-05,6726,14157,-7431,29068,17241,11827,1130,2036,-906,36924,33434,3490,2386,5787,-3401,8819,4073,4746,5,72,-67,11210,9932,1278,6949.0,7005.0,6925.0,6973.0,119982
2012-06-06,6936,13894,-6958,29742,17923,11819,1162,1603,-441,37840,33420,4420,2264,5955,-3691,8951,4310,4641,5,77,-72,11220,10342,878,6989.0,7055.0,6958.0,7013.0,119994
2012-06-07,7038,12991,-5953,29991,19102,10889,1168,1705,-537,38197,33798,4399,1777,5960,-4183,8377,4549,3828,5,77,-72,10159,10586,-427,7135.0,7146.0,7020.0,7045.0,109350
2012-06-08,6792,13137,-6345,32310,21254,11056,1168,1898,-730,40270,36289,3981,1099,6113,-5014,8601,5148,3453,5,77,-72,9705,11338,-1633,7007.0,7040.0,6946.0,6953.0,113544
2012-06-11,7395,10559,-3164,31174,21850,9324,1159,1857,-698,39728,34266,5462,1276,4937,-3661,8112,4538,3574,5,77,-72,9393,9552,-159,7090.0,7136.0,7059.0,7093.0,104743
2012-06-12,7215,12058,-4843,33286,22065,11221,1165,1560,-395,41666,35683,5983,1235,5796,-4561,8611,5026,3585,85,77,8,9931,10899,-968,6976.0,7038.0,6962.0,7019.0,91231
2012-06-13,8453,11544,-3091,35121,24721,10400,1168,1505,-337,44742,37770,6972,1563,5144,-3581,8572,5286,3286,85,77,8,10220,10507,-287,7049.0,7070.0,7002.0,7050.0,92489
2012-06-14,9216,12878,-3662,35060,24052,11008,1270,1577,-307,45546,38507,7039,3355,6580,-3225,8546,5084,3462,85,77,8,11986,11741,245,7042.0,7107.0,7033.0,7067.0,92161
2012-06-15,11517,12902,-1385,37534,24582,12952,1296,1502,-206,50347,38986,11361,4850,8196,-3346,9675,5413,4262,85,30,55,14610,13639,971,7050.0,7160.0,7042.0,7158.0,105833
2012-06-18,12120,13602,-1482,37544,27697,9847,1358,1205,153,51022,42504,8518,5649,8460,-2811,8902,5668,3234,86,30,56,14637,14158,479,7300.0,7323.0,7244.0,7264.0,92004
2012-06-19,10240,9672,568,32934,24456,8478,1374,1175,199,44548,35303,9245,5984,7781,-1797,8995,7036,1959,86,30,56,15065,14847,218,7266.0,7270.0,7234.0,7267.0,80407
2012-06-20,2551,4376,-1825,22755,14267,8488,1356,930,426,26662,19573,7089,764,2839,-2075,6155,1011,5144,46,30,16,6965,3880,3085,7293.0,7320.0,7281.0,7311.0,50941
2012-06-21,3126,4205,-1079,23299,16460,6839,1326,933,393,27751,21598,6153,672,3221,-2549,6455,1846,4609,46,30,16,7173,5097,2076,7160.0,7163.0,7093.0,7116.0,87665
2012-06-22,5702,3814,1888,27471,28629,-1158,1280,1047,233,34453,33490,963,1456,3560,-2104,6980,3308,3672,46,25,21,8482,6893,1589,7002.0,7047.0,6995.0,7038.0,86796
2012-06-25,8389,3516,4873,32719,40071,-7352,1326,1002,324,42434,44589,-2155,1910,4221,-2311,7428,4315,3113,46,25,21,9384,8561,823,6952.0,6978.0,6938.0,6948.0,79925
2012-06-26,8486,3855,4631,33279,37314,-4035,1405,1199,206,43170,42368,802,1877,3027,-1150,7350,4030,3320,46,25,21,9273,7082,2191,6944.0,6960.0,6923.0,6939.0,61535
2012-06-27,9218,4399,4819,35784,37834,-2050,1434,1188,246,46436,43421,3015,3147,2898,249,7927,4239,3688,49,25,24,11123,7162,3961,6918.0,7005.0,6898.0,6986.0,89541
2012-06-28,9606,4555,5051,38177,38495,-318,1462,1199,263,49245,44249,4996,3029,2747,282,7533,4391,3142,49,30,19,10611,7168,3443,7021.0,7037.0,6962.0,6999.0,93508
2012-06-29,9272,5594,3678,38963,35509,3454,1554,1161,393,49789,42264,7525,3223,3151,72,8151,4231,3920,50,30,20,11424,7412,4012,6982.0,7128.0,6981.0,7114.0,125080
2012-07-02,10755,4963,5792,39501,36940,2561,1618,1202,416,51874,43105,8769,3457,2871,586,8027,4315,3712,50,35,15,11534,7221,4313,7133.0,7152.0,7107.0,7135.0,61181
2012-07-03,8960,6026,2934,44787,35040,9747,2290,1220,1070,56037,42286,13751,3899,2999,900,7508,4065,3443,52,35,17,11459,7099,4360,7177.0,7280.0,7161.0,7228.0,100095
2012-07-04,10058,6696,3362,46215,35016,11199,2585,1196,1389,58858,42908,15950,4568,4108,460,7373,4179,3194,52,35,17,11993,8322,3671,7268.0,7327.0,7251.0,7290.0,83106
2012-07-05,10353,6023,4330,46956,35353,11603,2607,1196,1411,59916,42572,17344,4460,4216,244,7602,4306,3296,52,35,17,12114,8557,3557,7303.0,7321.0,7277.0,7298.0,61592
2012-07-06,9523,5076,4447,46171,37179,8992,2957,1203,1754,58651,43458,15193,4431,5660,-1229,7208,5482,1726,55,35,20,11694,11177,517,7288.0,7319.0,7237.0,7273.0,88904
2012-07-09,8816,4907,3909,47052,38357,8695,2912,1069,1843,58780,44333,14447,4720,5524,-804,7431,6078,1353,55,35,20,12206,11637,569,7204.0,7272.0,7202.0,7236.0,78681
2012-07-10,10107,5598,4509,44901,41534,3367,3008,1125,1883,58016,48257,9759,4952,6997,-2045,7165,7649,-484,57,35,22,12174,14681,-2507,7251.0,7270.0,7162.0,7179.0,111304
2012-07-11,11278,5528,5750,43812,40705,3107,3138,1055,2083,58228,47288,10940,5242,7626,-2384,7445,7586,-141,57,35,22,12744,15247,-2503,7138.0,7204.0,7133.0,7186.0,84861
2012-07-12,12554,5697,6857,40153,44234,-4081,3107,1176,1931,55814,51107,4707,6402,9395,-2993,6683,10797,-4114,58,30,28,13143,20222,-7079,7186.0,7188.0,7067.0,7076.0,120546
2012-07-13,12086,6327,5759,39826,44430,-4604,3187,1558,1629,55099,52315,2784,8089,10639,-2550,6334,11110,-4776,58,30,28,14481,21779,-7298,7070.0,7108.0,7045.0,7071.0,96058
2012-07-16,12968,5832,7136,36383,44537,-8154,3431,1584,1847,52782,51953,829,9893,11975,-2082,6356,13228,-6872,62,30,32,16311,25233,-8922,7089.0,7110.0,7020.0,7056.0,98746
2012-07-17,14394,9651,4743,34491,39482,-4991,3443,1572,1871,52328,50705,1623,14326,13264,1062,5292,14211,-8919,62,30,32,19680,27505,-7825,7048.0,7136.0,7030.0,7110.0,123931
2012-07-18,5678,4102,1576,25980,34750,-8770,3570,1561,2009,35228,40413,-5185,2718,2740,-22,4428,1581,2847,17,30,-13,7163,4351,2812,7110.0,7117.0,7056.0,7059.0,52519
2012-07-19,6643,4299,2344,30582,29861,721,3619,1538,2081,40844,35698,5146,5326,2421,2905,6146,812,5334,18,30,-12,11490,3263,8227,6974.0,7032.0,6945.0,7025.0,105346
2012-07-20,6897,4449,2448,32094,33044,-950,3640,1580,2060,42631,39073,3558,5095,2848,2247,5932,1028,4904,18,35,-17,11045,3911,7134,7022.0,7039.0,6996.0,7012.0,72895
2012-07-23,7271,4283,2988,32416,37256,-4840,3630,1715,1915,43317,43254,63,3014,2656,358,5096,1356,3740,20,35,-15,8130,4047,4083,6915.0,6932.0,6845.0,6874.0,89331
2012-07-24,6535,4010,2525,31751,36777,-5026,3717,1728,1989,42003,42515,-512,3207,3097,110,5284,1451,3833,20,35,-15,8511,4583,3928,6862.0,6889.0,6850.0,6873.0,70435
2012-07-25,6906,5896,1010,33721,34932,-1211,3874,1800,2074,44501,42628,1873,4376,3135,1241,4672,1445,3227,22,35,-13,9070,4615,4455,6782.0,6912.0,6775.0,6844.0,109485
2012-07-26,6750,5169,1581,35162,36160,-998,3876,1810,2066,45788,43139,2649,3964,2469,1495,5218,1760,3458,22,30,-8,9204,4259,4945,6856.0,6905.0,6832.0,6876.0,89439
2012-07-27,6467,4932,1535,38302,35537,2765,4005,1696,2309,48774,42165,6609,5170,2664,2506,6281,1420,4861,22,35,-13,11473,4119,7354,6969.0,7031.0,6946.0,7031.0,101947
2012-07-30,5265,5908,-643,42970,35176,7794,4013,1804,2209,52248,42888,9360,5718,3395,2323,6580,1385,5195,22,40,-18,12320,4820,7500,7082.0,7102.0,7055.0,7077.0,73940
2012-07-31,5825,6300,-475,42491,33929,8562,4114,1755,2359,52430,41984,10446,5540,4250,1290,7688,1394,6294,23,40,-17,13251,5684,7567,7102.0,7179.0,7061.0,7156.0,111301
2012-08-01,7023,6538,485,46125,33465,12660,4143,1772,2371,57291,41775,15516,5759,4556,1203,8438,1482,6956,20,45,-25,14217,6083,8134,7139.0,7212.0,7135.0,7194.0,91583
2012-08-03,6256,5413,843,44509,34443,10066,4171,1761,2410,54936,41617,13319,3942,4776,-834,7128,1655,5473,20,45,-25,11090,6476,4614,7140.0,7164.0,7116.0,7140.0,77401
2012-08-06,6554,5917,637,39475,35103,4372,4270,1636,2634,50299,42656,7643,4312,4715,-403,6545,2213,4332,20,45,-25,10877,6973,3904,7278.0,7314.0,7236.0,7239.0,87031
2012-08-07,6647,6130,517,40126,34947,5179,4317,1690,2627,51090,42767,8323,4484,4772,-288,6388,2082,4306,20,45,-25,10892,6899,3993,7233.0,7263.0,7223.0,7235.0,62956
2012-08-08,7162,9507,-2345,44679,29589,15090,4446,1668,2778,56287,40764,15523,5055,3400,1655,7128,1769,5359,24,45,-21,12207,5214,6993,7306.0,7336.0,7277.0,7299.0,103055
2012-08-09,10029,13657,-3628,41728,21221,20507,4197,1547,2650,55954,36425,19529,7687,5435,2252,9042,1931,7111,27,45,-18,16756,7411,9345,7371.0,7452.0,7346.0,7441.0,125910
2012-08-10,10310,13670,-3360,41941,22002,19939,4257,1532,2725,56508,37204,19304,5306,4486,820,8839,2284,6555,22,55,-33,14167,6825,7342,7453.0,7465.0,7425.0,7444.0,68582
2012-08-13,12639,15039,-2400,44185,24808,19377,4237,1524,2713,61061,41371,19690,6083,5250,833,9065,2234,6831,22,55,-33,15170,7539,7631,7444.0,7475.0,7430.0,7454.0,67806
2012-08-14,13375,14387,-1012,41278,26998,14280,4407,1297,3110,59060,42682,16378,9047,7581,1466,8344,972,7372,22,55,-33,17413,8608,8805,7484.0,7545.0,7451.0,7498.0,113777
2012-08-15,1950,5258,-3308,26696,14793,11903,4279,1006,3273,32925,21057,11868,1768,1301,467,5910,717,5193,22,55,-33,7700,2073,5627,7489.0,7497.0,7433.0,7468.0,43962
2012-08-16,3641,5074,-1433,27928,15850,12078,4256,1035,3221,35825,21959,13866,2667,1323,1344,6335,1127,5208,22,55,-33,9024,2505,6519,7460.0,7520.0,7441.0,7493.0,91628
2012-08-17,5092,4887,205,25200,17964,7236,4295,1047,3248,34587,23898,10689,2117,1193,924,5391,1762,3629,18,62,-44,7526,3017,4509,7503.0,7511.0,7467.0,7472.0,66804
2012-08-20,5369,4236,1133,27896,17357,10539,4328,1043,3285,37593,22636,14957,2828,1312,1516,5844,1265,4579,19,62,-43,8691,2639,6052,7464.0,7475.0,7398.0,7441.0,85890
2012-08-21,4500,5504,-1004,29479,16896,12583,4374,1038,3336,38353,23438,14915,3973,1154,2819,7438,1805,5633,20,62,-42,11431,3021,8410,7465.0,7553.0,7458.0,7516.0,104595
2012-08-22,4961,5533,-572,27278,16898,10380,4342,1020,3322,36581,23451,13130,4597,1085,3512,7104,2490,4614,20,62,-42,11721,3637,8084,7494.0,7508.0,7453.0,7491.0,73832
2012-08-23,5370,5798,-428,26156,16808,9348,4425,1117,3308,35951,23723,12228,4663,984,3679,7018,2895,4123,16,69,-53,11697,3948,7749,7476.0,7534.0,7468.0,7514.0,92576
2012-08-24,5474,5658,-184,26488,16130,10358,4413,1117,3296,36375,22905,13470,4643,1034,3609,7030,2924,4106,16,69,-53,11689,4027,7662,7450.0,7490.0,7442.0,7488.0,63615
2012-08-27,6288,6128,160,23081,19318,3763,4376,1117,3259,33745,26563,7182,3044,1199,1845,5927,3082,2845,16,72,-56,8987,4353,4634,7535.0,7551.0,7452.0,7454.0,85683
2012-08-28,5562,6313,-751,24198,19014,5184,4296,1299,2997,34056,26626,7430,3022,1372,1650,5742,3545,2197,16,72,-56,8780,4989,3791,7435.0,7443.0,7375.0,7400.0,90608
2012-08-29,5398,6090,-692,24919,18732,6187,4309,1318,2991,34626,26140,8486,2865,1256,1609,5928,3142,2786,15,72,-57,8808,4470,4338,7404.0,7413.0,7381.0,7403.0,48276
2012-08-30,5871,5831,40,25948,16278,9670,4150,1424,2726,35969,23533,12436,2935,1791,1144,5777,3058,2719,15,72,-57,8727,4921,3806,7360.0,7395.0,7341.0,7367.0,84738
2012-08-31,5505,5973,-468,27201,18621,8580,4083,1482,2601,36789,26076,10713,2571,1903,668,5752,3134,2618,15,82,-67,8338,5119,3219,7375.0,7420.0,7363.0,7383.0,75810
2012-09-03,6176,6644,-468,28619,18994,9625,4234,1398,2836,39029,27036,11993,3615,1656,1959,6661,2846,3815,15,82,-67,10291,4584,5707,7370.0,7465.0,7352.0,7443.0,95691
2012-09-04,5899,7348,-1449,26761,19595,7166,4204,1426,2778,36864,28369,8495,3306,1749,1557,6196,3334,2862,15,82,-67,9517,5165,4352,7443.0,7470.0,7430.0,7449.0,49798
2012-09-05,6181,6946,-765,23269,23169,100,4096,1603,2493,33546,31718,1828,3093,4922,-1829,5569,4275,1294,15,82,-67,8677,9279,-602,7401.0,7411.0,7341.0,7341.0,89655
2012-09-06,6980,6908,72,25443,23256,2187,3962,1855,2107,36385,32019,4366,2945,4162,-1217,5706,4080,1626,15,82,-67,8666,8324,342,7332.0,7368.0,7286.0,7332.0,88818
2012-09-07,7892,5700,2192,24499,24938,-439,4009,1633,2376,36400,32271,4129,3064,3388,-324,5927,4533,1394,15,82,-67,9006,8003,1003,7471.0,7479.0,7404.0,7420.0,86302
2012-09-10,7295,5432,1863,27987,22404,5583,4085,1591,2494,39367,29427,9940,3578,3102,476,7729,4382,3347,15,85,-70,11322,7569,3753,7421.0,7469.0,7414.0,7455.0,67675
2012-09-11,7246,5577,1669,30787,22949,7838,4083,1554,2529,42116,30080,12036,3637,3141,496,8460,4760,3700,15,85,-70,12112,7986,4126,7437.0,7490.0,7436.0,7466.0,59702
2012-09-12,9547,5068,4479,33092,23412,9680,4105,1599,2506,46744,30079,16665,4383,3060,1323,10027,4540,5487,13,80,-67,14423,7680,6743,7525.0,7586.0,7510.0,7586.0,92821
2012-09-13,9285,6502,2783,32500,24320,8180,4084,1588,2496,45869,32410,13459,5068,3758,1310,8925,5418,3507,13,80,-67,14006,9256,4750,7592.0,7609.0,7571.0,7576.0,65782
2012-09-14,8714,7698,1016,35594,27539,8055,4058,1451,2607,48366,36688,11678,5056,2209,2847,9458,5448,4010,13,80,-67,14527,7737,6790,7698.0,7758.0,7671.0,7739.0,103221
2012-09-17,9862,6868,2994,37700,33276,4424,4035,1425,2610,51597,41569,10028,4827,1845,2982,9343,6393,2950,12,85,-73,14182,8323,5859,7739.0,7767.0,7726.0,7753.0,70895
2012-09-18,8045,8987,-942,46528,37279,9249,4264,937,3327,58837,47203,11634,4613,1571,3042,9778,6580,3198,72,85,-13,14463,8236,6227,7742.0,7768.0,7713.0,7750.0,76925
2012-09-19,2489,5279,-2790,33178,25700,7478,4196,658,3538,39863,31637,8226,1874,977,897,6614,3365,3249,80,85,-5,8568,4427,4141,7757.0,7795.0,7739.0,7767.0,46387
2012-09-20,2428,5574,-3146,33047,25857,7190,4139,739,3400,39614,32170,7444,2266,1604,662,6143,3562,2581,80,85,-5,8489,5251,3238,7782.0,7786.0,7716.0,7749.0,81485
2012-09-21,3137,5539,-2402,33668,27495,6173,4114,750,3364,40919,33784,7135,2420,1996,424,6497,3804,2693,79,85,-6,8996,5885,3111,7765.0,7783.0,7748.0,7762.0,61018
2012-09-24,3274,5484,-2210,35462,26702,8760,4086,785,3301,42822,32971,9851,2968,1652,1316,6611,3684,2927,79,85,-6,9658,5421,4237,7747.0,7805.0,7685.0,7776.0,98891
2012-09-25,3650,6020,-2370,34654,28886,5768,4055,818,3237,42359,35724,6635,3107,1296,1811,6415,4603,1812,79,85,-6,9601,5984,3617,7792.0,7810.0,7744.0,7755.0,68390
2012-09-26,3754,6698,-2944,35031,29772,5259,3916,788,3128,42701,37258,5443,3048,1418,1630,6083,4990,1093,79,80,-1,9210,6488,2722,7691.0,7725.0,7670.0,7703.0,74746
2012-09-27,4479,6213,-1734,35216,29471,5745,3910,942,2968,43605,36626,6979,3193,1101,2092,6667,4859,1808,79,65,14,9939,6025,3914,7683.0,7730.0,7679.0,7727.0,67769
2012-09-28,4749,5802,-1053,33140,28794,4346,3881,921,2960,41770,35517,6253,3119,2305,814,6455,5290,1165,79,65,14,9653,7660,1993,7726.0,7748.0,7666.0,7720.0,88739
2012-10-01,4716,6509,-1793,35238,29862,5376,3865,848,3017,43819,37219,6600,3391,3052,339,6408,5695,713,78,55,23,9877,8802,1075,7690.0,7706.0,7666.0,7685.0,50167
2012-10-02,5150,5838,-688,34982,28094,6888,3963,820,3143,44095,34752,9343,3276,2986,290,6510,5630,880,78,47,31,9864,8663,1201,7716.0,7748.0,7693.0,7730.0,67005
2012-10-03,5363,6662,-1299,33210,29159,4051,3952,856,3096,42525,36677,5848,3126,3137,-11,5995,6455,-460,78,47,31,9199,9639,-440,7740.0,7742.0,7687.0,7705.0,58958
2012-10-04,5308,6564,-1256,33175,30845,2330,3915,896,3019,42398,38305,4093,3239,2651,588,6423,6932,-509,78,32,46,9740,9615,125,7707.0,7715.0,7633.0,7706.0,103623
2012-10-05,5190,5917,-727,31422,29999,1423,3880,870,3010,40492,36786,3706,3010,2434,576,6357,7544,-1187,78,32,46,9445,10010,-565,7711.0,7733.0,7680.0,7700.0,74558
2012-10-08,4744,6337,-1593,30901,30620,281,3772,796,2976,39417,37753,1664,2761,3082,-321,6050,8558,-2508,78,0,78,8889,11640,-2751,7677.0,7692.0,7612.0,7625.0,84411
2012-10-09,4199,7098,-2899,30160,31000,-840,3722,880,2842,38081,38978,-897,2862,4080,-1218,6477,9348,-2871,78,0,78,9417,13428,-4011,7629.0,7647.0,7596.0,7597.0,86468
2012-10-11,7287,7438,-151,25562,32540,-6978,3710,840,2870,36559,40818,-4259,3243,4322,-1079,5243,10973,-5730,78,0,78,8564,15295,-6731,7483.0,7506.0,7442.0,7443.0,95582
2012-10-12,9951,7050,2901,23059,30498,-7439,3730,944,2786,36740,38492,-1752,4287,4396,-109,5104,11010,-5906,78,0,78,9469,15406,-5937,7434.0,7463.0,7385.0,7414.0,92390
2012-10-15,9539,7124,2415,28211,33855,-5644,3732,942,2790,41482,41921,-439,3449,5032,-1583,5632,10683,-5051,78,0,78,9159,15715,-6556,7396.0,7434.0,7385.0,7423.0,74135
2012-10-16,12920,8014,4906,24480,32996,-8516,3723,906,2817,41123,41916,-793,3702,3543,159,3234,11059,-7825,78,0,78,7014,14602,-7588,7460.0,7462.0,7435.0,7458.0,62568
2012-10-17,2810,5793,-2983,19946,24409,-4463,3764,787,2977,26520,30989,-4469,1057,1751,-694,2750,7972,-5222,18,0,18,3825,9723,-5898,7510.0,7525.0,7451.0,7460.0,50723
2012-10-18,2561,6030,-3469,21586,24422,-2836,3765,767,2998,27912,31219,-3307,1359,1636,-277,3034,7314,-4280,18,0,18,4411,8950,-4539,7467.0,7479.0,7444.0,7452.0,57034
2012-10-19,2658,7071,-4413,19837,25874,-6037,3772,736,3036,26267,33681,-7414,1678,2871,-1193,2832,8544,-5712,18,0,18,4528,11415,-6887,7468.0,7469.0,7385.0,7385.0,78020
2012-10-22,2933,6820,-3887,20825,24154,-3329,3732,780,2952,27490,31754,-4264,1731,2568,-837,3429,7599,-4170,18,0,18,5178,10167,-4989,7300.0,7360.0,7289.0,7346.0,71985
2012-10-23,3488,5879,-2391,19101,25413,-6312,1563,816,747,24152,32108,-7956,1815,3343,-1528,3354,8456,-5102,19,0,19,5188,11799,-6611,7342.0,7350.0,7293.0,7297.0,65177
2012-10-24,2901,6287,-3386,21657,25677,-4020,1561,835,726,26119,32799,-6680,1849,3267,-1418,3804,8147,-4343,19,0,19,5672,11414,-5742,7230.0,7347.0,7225.0,7302.0,100109
2012-10-25,3317,5799,-2482,19553,26635,-7082,1565,873,692,24435,33307,-8872,2083,3062,-979,3575,9297,-5722,19,0,19,5677,12359,-6682,7303.0,7319.0,7251.0,7258.0,75504
2012-10-26,4093,6089,-1996,22965,31025,-8060,1540,900,640,28598,38014,-9416,2483,4105,-1622,3979,10155,-6176,19,0,19,6481,14260,-7779,7226.0,7287.0,7090.0,7092.0,124395
2012-10-29,2887,7093,-4206,28037,30062,-2025,1566,847,719,32490,38002,-5512,3201,3849,-648,4334,9626,-5292,19,0,19,7554,13475,-5921,7110.0,7153.0,7091.0,7122.0,86593
2012-10-30,3051,6922,-3871,26916,29936,-3020,1613,819,794,31580,37677,-6097,3697,3902,-205,4413,9217,-4804,19,0,19,8129,13119,-4990,7170.0,7220.0,7141.0,7161.0,104953
2012-10-31,3542,6536,-2994,23772,30675,-6903,1663,867,796,28977,38078,-9101,4562,4149,413,4205,10073,-5868,17,20,-3,8784,14242,-5458,7192.0,7212.0,7125.0,7140.0,89170
2012-11-01,4347,4871,-524,23174,30729,-7555,1677,820,857,29198,36420,-7222,3999,2879,1120,4356,9608,-5252,17,20,-3,8372,12507,-4135,7098.0,7192.0,7029.0,7172.0,140249
2012-11-02,5517,4412,1105,23300,30304,-7004,1733,607,1126,30550,35323,-4773,3978,2055,1923,4456,9763,-5307,17,62,-45,8451,11880,-3429,7214.0,7225.0,7182.0,7201.0,74949
2012-11-05,6219,4686,1533,24278,30423,-6145,1774,637,1137,32271,35746,-3475,3869,2752,1117,4459,9917,-5458,17,62,-45,8345,12731,-4386,7190.0,7222.0,7146.0,7180.0,85380
2012-11-06,6336,4799,1537,24550,30728,-6178,1843,618,1225,32729,36145,-3416,3812,2468,1344,4477,8859,-4382,17,62,-45,8306,11389,-3083,7180.0,7259.0,7163.0,7259.0,78730
2012-11-07,8464,4734,3730,23045,31131,-8086,1830,615,1215,33339,36480,-3141,3840,2554,1286,4653,9439,-4786,17,62,-45,8510,12055,-3545,7205.0,7293.0,7192.0,7257.0,138988
2012-11-08,8332,5259,3073,25993,30609,-4616,1875,718,1157,36200,36586,-386,4225,3040,1185,4766,8774,-4008,17,68,-51,9008,11882,-2874,7168.0,7220.0,7160.0,7200.0,87322
2012-11-09,11397,4911,6486,29294,31332,-2038,1873,677,1196,42564,36920,5644,4715,2698,2017,6565,8248,-1683,17,68,-51,11297,11014,283,7136.0,7301.0,7126.0,7285.0,125251
2012-11-12,9639,4626,5013,27865,33004,-5139,1887,666,1221,39391,38296,1095,4190,2695,1495,5312,10310,-4998,17,71,-54,9519,13076,-3557,7265.0,7304.0,7238.0,7241.0,73703
2012-11-13,10364,5604,4760,29010,38292,-9282,1713,819,894,41087,44715,-3628,4682,3368,1314,5336,12838,-7502,17,71,-54,10035,16277,-6242,7227.0,7239.0,7092.0,7096.0,116093
2012-11-14,9257,7493,1764,29589,32117,-2528,1661,832,829,40507,40442,65,6250,3969,2281,5637,10520,-4883,77,93,-16,11964,14582,-2618,7081.0,7150.0,7077.0,7128.0,85707
2012-11-15,9072,7307,1765,31315,33083,-1768,1621,1161,460,42008,41551,457,7119,5675,1444,5587,10368,-4781,77,98,-21,12783,16141,-3358,7095.0,7156.0,7036.0,7121.0,110846
2012-11-16,9936,7670,2266,29054,33542,-4488,1651,1311,340,40641,42523,-1882,7659,5394,2265,5399,11452,-6053,77,98,-21,13135,16944,-3809,7116.0,7179.0,7082.0,7107.0,106108
2012-11-19,8878,6159,2719,26558,32209,-5651,1614,1395,219,37050,39763,-2713,6103,2830,3273,5439,12517,-7078,77,98,-21,11619,15445,-3826,7147.0,7168.0,7120.0,7123.0,85220
2012-11-20,8913,6926,1987,25428,30464,-5036,1632,1387,245,35973,38777,-2804,7561,2824,4737,5310,12216,-6906,77,98,-21,12948,15138,-2190,7174.0,7181.0,7131.0,7160.0,73796
2012-11-21,3319,3866,-547,20959,22199,-1240,1597,1535,62,25875,27600,-1725,2131,2391,-260,5644,11822,-6178,85,98,-13,7860,14311,-6451,7176.0,7178.0,7051.0,7084.0,63354
2012-11-22,2474,4229,-1755,22198,19813,2385,1603,1654,-51,26275,25696,579,2403,2580,-177,5570,10771,-5201,85,93,-8,8058,13444,-5386,7096.0,7115.0,7081.0,7089.0,64895
2012-11-23,2983,5205,-2222,30969,22921,8048,1857,1025,832,35809,29151,6658,3628,2922,706,6234,8783,-2549,85,101,-16,9947,11806,-1859,7123.0,7327.0,7120.0,7322.0,120286
2012-11-26,4009,3798,211,27983,24068,3915,1871,883,988,33863,28749,5114,4051,3137,914,5759,8862,-3103,85,101,-16,9895,12100,-2205,7362.0,7409.0,7357.0,7388.0,66389
2012-11-27,3828,4022,-194,30541,23937,6604,1904,855,1049,36273,28814,7459,4417,2801,1616,5640,8427,-2787,145,108,37,10202,11336,-1134,7410.0,7435.0,7380.0,7424.0,76309
2012-11-28,3472,5138,-1666,32235,23653,8582,1897,884,1013,37604,29675,7929,4598,2640,1958,5621,8420,-2799,145,108,37,10364,11168,-804,7407.0,7439.0,7390.0,7428.0,62717
2012-11-29,2299,5332,-3033,39771,24681,15090,1887,805,1082,43957,30818,13139,6519,3596,2923,6063,8447,-2384,145,119,26,12727,12162,565,7470.0,7539.0,7465.0,7525.0,98874
2012-11-30,2332,5301,-2969,42424,26045,16379,1852,787,1065,46608,32133,14475,7479,3841,3638,5998,8084,-2086,145,119,26,13622,12044,1578,7535.0,7605.0,7524.0,7593.0,97251
2012-12-03,2819,4929,-2110,42188,28585,13603,1807,750,1057,46814,34264,12550,6992,3602,3390,5857,8960,-3103,145,126,19,12994,12688,306,7596.0,7647.0,7560.0,7599.0,94211
2012-12-04,3557,4166,-609,38671,27547,11124,1754,750,1004,43982,32463,11519,7121,3813,3308,5872,9631,-3759,145,126,19,13138,13570,-432,7560.0,7603.0,7548.0,7594.0,76536
2012-12-05,4803,5460,-657,40854,28120,12734,1718,749,969,47375,34329,13046,8110,4228,3882,6269,9816,-3547,145,136,9,14524,14180,344,7593.0,7678.0,7576.0,7653.0,96482
2012-12-06,5532,5593,-61,41589,28679,12910,1703,755,948,48824,35027,13797,7905,3964,3941,5745,9633,-3888,145,136,9,13795,13733,62,7654.0,7673.0,7623.0,7640.0,68952
2012-12-07,5197,5222,-25,40920,28092,12828,1668,725,943,47785,34039,13746,8488,3591,4897,5978,10164,-4186,145,136,9,14611,13891,720,7658.0,7691.0,7642.0,7660.0,73118
2012-12-10,5912,5549,363,41134,28608,12526,1649,753,896,48695,34910,13785,7946,3185,4761,6000,10433,-4433,145,136,9,14091,13754,337,7680.0,7686.0,7600.0,7623.0,76659
2012-12-11,4863,5809,-946,42682,28448,14234,1599,757,842,49144,35014,14130,8840,3318,5522,6630,10458,-3828,145,136,9,15615,13912,1703,7639.0,7645.0,7579.0,7638.0,78461
2012-12-12,5700,6830,-1130,43231,29216,14015,1633,749,884,50564,36795,13769,8589,4549,4040,7110,11293,-4183,145,136,9,15844,15978,-134,7657.0,7725.0,7652.0,7698.0,89122
2012-12-13,7416,6161,1255,40593,29661,10932,1656,794,862,49665,36616,13049,9805,5693,4112,7886,11224,-3338,145,141,4,17836,17058,778,7718.0,7778.0,7708.0,7772.0,82175
2012-12-14,7262,7197,65,38104,31425,6679,1608,946,662,46974,39568,7406,9222,6786,2436,7598,13167,-5569,145,141,4,16965,20094,-3129,7738.0,7747.0,7701.0,7703.0,84818
2012-12-17,8388,8514,-126,40967,35502,5465,1526,976,550,50881,44992,5889,7468,6315,1153,7306,13591,-6285,145,136,9,14919,20042,-5123,7690.0,7707.0,7615.0,7652.0,100268
2012-12-18,7602,8447,-845,44315,38121,6194,1415,1021,394,53332,47589,5743,8220,6149,2071,7535,14060,-6525,145,141,4,15900,20350,-4450,7660.0,7665.0,7621.0,7655.0,70612
2012-12-19,1844,6001,-4157,32380,26042,6338,1359,1002,357,35583,33045,2538,2365,2858,-493,2445,2622,-177,145,141,4,4955,5621,-666,7698.0,7709.0,7655.0,7659.0,46969
2012-12-20,1847,5014,-3167,29509,26261,3248,1334,1119,215,32690,32394,296,2275,3973,-1698,2222,3863,-1641,145,141,4,4642,7977,-3335,7631.0,7633.0,7556.0,7560.0,79058
2012-12-21,2247,4828,-2581,31752,28893,2859,1454,1437,17,35453,35158,295,1544,3731,-2187,2984,4447,-1463,145,153,-8,4673,8331,-3658,7565.0,7578.0,7472.0,7491.0,107770
2012-12-22,2194,4507,-2313,31473,28808,2665,1473,1437,36,35140,34752,388,1881,3495,-1614,2993,3959,-966,145,153,-8,5019,7607,-2588,7556.0,7558.0,7523.0,7525.0,30095
2012-12-24,2253,5634,-3381,32293,27799,4494,1494,1396,98,36040,34829,1211,1651,3477,-1826,3136,3540,-404,145,157,-12,4932,7174,-2242,7500.0,7564.0,7491.0,7518.0,51155
2012-12-25,3644,5107,-1463,31660,29458,2202,1608,1267,341,36912,35832,1080,2180,2135,45,2950,3584,-634,145,157,-12,5275,5876,-601,7555.0,7688.0,7538.0,7674.0,85986
2012-12-26,3732,4656,-924,30117,30687,-570,1617,1220,397,35466,36563,-1097,2254,2914,-660,2905,4975,-2070,147,157,-10,5306,8046,-2740,7651.0,7685.0,7623.0,7634.0,65775
2012-12-27,3576,4936,-1360,31063,31219,-156,1479,1178,301,36118,37333,-1215,3197,3194,3,3039,5565,-2526,147,164,-17,6383,8923,-2540,7602.0,7666.0,7584.0,7629.0,80035
2012-12-28,3802,5045,-1243,31510,31399,111,1514,680,834,36826,37124,-298,2780,2827,-47,2921,5468,-2547,147,164,-17,5848,8459,-2611,7650.0,7708.0,7647.0,7675.0,69670
2013-01-02,5313,5929,-616,32386,29651,2735,1469,653,816,39168,36233,2935,3584,2540,1044,3984,5292,-1308,147,157,-10,7715,7989,-274,7720.0,7804.0,7702.0,7772.0,89092
2013-01-03,7158,4524,2634,32407,33528,-1121,1465,635,830,41030,38687,2343,3605,1815,1790,3888,5222,-1334,147,157,-10,7640,7194,446,7811.0,7836.0,7803.0,7823.0,63225
2013-01-04,7879,4384,3495,33102,34647,-1545,1441,681,760,42422,39712,2710,3585,2172,1413,3509,5272,-1763,145,157,-12,7239,7601,-362,7800.0,7809.0,7751.0,7774.0,71943
2013-01-07,8503,4197,4306,31823,35038,-3215,1472,783,689,41798,40018,1780,3655,3078,577,4112,5777,-1665,205,157,48,7972,9012,-1040,7743.0,7774.0,7700.0,7742.0,81337
2013-01-08,8660,4504,4156,31107,36192,-5085,1390,876,514,41157,41572,-415,3658,4098,-440,3777,7249,-3472,207,157,50,7642,11504,-3862,7732.0,7747.0,7673.0,7705.0,90290
2013-01-09,7082,5748,1334,35557,34397,1160,1398,831,567,44037,40976,3061,3820,2594,1226,3868,6641,-2773,207,157,50,7895,9392,-1497,7686.0,7774.0,7682.0,7740.0,88574
2013-01-10,7643,6747,896,37882,35620,2262,1595,618,977,47120,42985,4135,4431,2737,1694,3921,5405,-1484,207,159,48,8559,8301,258,7762.0,7846.0,7759.0,7836.0,122619
2013-01-11,7167,5517,1650,36414,40570,-4156,1584,688,896,45165,46775,-1610,4151,3333,818,3235,6349,-3114,204,159,45,7590,9841,-2251,7863.0,7867.0,7796.0,7799.0,90984
2013-01-14,9175,5713,3462,36894,40654,-3760,1443,753,690,47512,47120,392,4570,2532,2038,4031,6240,-2209,206,155,51,8807,8927,-120,7730.0,7828.0,7705.0,7827.0,111839
2013-01-15,9038,5572,3466,36005,41640,-5635,1395,919,476,46438,48131,-1693,4075,3910,165,3994,6900,-2906,206,164,42,8275,10974,-2699,7800.0,7812.0,7728.0,7741.0,99174
2013-01-16,3461,4185,-724,28545,28749,-204,1376,825,551,33382,33759,-377,3167,2389,778,2009,6792,-4783,146,189,-43,5322,9370,-4048,7750.0,7769.0,7698.0,7717.0,58511
2013-01-17,3018,3960,-942,33041,30459,2582,1394,1232,162,37453,35651,1802,2945,4184,-1239,2024,7002,-4978,146,199,-53,5115,11385,-6270,7702.0,7767.0,7582.0,7612.0,146042
2013-01-18,4271,3143,1128,32033,30652,1381,1394,887,507,37698,34682,3016,3157,2719,438,2434,5575,-3141,149,190,-41,5740,8484,-2744,7692.0,7723.0,7666.0,7711.0,86279
2013-01-21,4555,3268,1287,31022,29857,1165,1394,819,575,36971,33944,3027,3153,3333,-180,2430,6257,-3827,149,190,-41,5732,9780,-4048,7683.0,7736.0,7645.0,7703.0,94447
2013-01-22,4064,3169,895,33070,28733,4337,1414,748,666,38548,32650,5898,4076,2624,1452,2574,5781,-3207,146,190,-44,6796,8595,-1799,7722.0,7765.0,7672.0,7751.0,106112
2013-01-23,4250,3646,604,30133,30003,130,1481,756,725,35864,34405,1459,3559,3448,111,2046,6992,-4946,146,158,-12,5751,10598,-4847,7777.0,7788.0,7714.0,7723.0,77820
2013-01-24,5015,4084,931,29142,29709,-567,1398,919,479,35555,34712,843,4346,3248,1098,2123,6748,-4625,146,151,-5,6615,10147,-3532,7688.0,7728.0,7625.0,7682.0,121098
2013-01-25,6401,3833,2568,26503,30755,-4252,1384,1005,379,34288,35593,-1305,4461,3816,645,2396,7925,-5529,146,151,-5,7003,11892,-4889,7662.0,7688.0,7612.0,7649.0,98883
2013-01-28,6132,3913,2219,29280,27880,1400,1387,1007,380,36799,32800,3999,4650,2571,2079,2801,7513,-4712,146,158,-12,7597,10242,-2645,7620.0,7731.0,7620.0,7730.0,92771
2013-01-29,8237,7564,673,34067,27512,6555,1579,925,654,43883,36001,7882,6199,1923,4276,3625,8851,-5226,148,161,-13,9972,10935,-963,7759.0,7822.0,7736.0,7819.0,99284
2013-01-30,6697,7045,-348,33107,28625,4482,1559,880,679,41363,36550,4813,5313,1870,3443,3172,9458,-6286,148,156,-8,8633,11484,-2851,7846.0,7859.0,7791.0,7800.0,100596
2013-01-31,7535,6224,1311,35665,28574,7091,1571,881,690,44771,35679,9092,6785,1886,4899,3641,8705,-5064,148,152,-4,10574,10743,-169,7815.0,7850.0,7778.0,7848.0,84766
2013-02-01,8398,7138,1260,33584,28540,5044,1547,846,701,43529,36524,7005,7034,2058,4976,3236,9667,-6431,148,155,-7,10418,11880,-1462,7859.0,7901.0,7825.0,7858.0,87506
2013-02-04,10284,7408,2876,33385,30768,2617,1517,734,783,45186,38910,6276,8745,2443,6302,2928,9964,-7036,148,157,-9,11821,12564,-743,7878.0,7952.0,7872.0,7940.0,87092
2013-02-05,10779,7933,2846,31364,32798,-1434,1507,569,938,43650,41300,2350,7208,2575,4633,2873,10727,-7854,148,157,-9,10229,13459,-3230,7885.0,7913.0,7868.0,7905.0,74233
2013-02-06,10825,8027,2798,31705,32908,-1203,1508,675,833,44038,41610,2428,6721,2992,3729,2948,11529,-8581,148,147,1,9817,14668,-4851,7916.0,7952.0,7891.0,7900.0,72671
2013-02-18,10115,7028,3087,36603,34708,1895,1467,691,776,48185,42427,5758,8067,3280,4787,3519,10580,-7061,148,159,-11,11734,14019,-2285,7967.0,7978.0,7913.0,7935.0,77582
2013-02-19,10586,7507,3079,39295,35230,4065,1465,691,774,51346,43428,7918,8730,3076,5654,3362,10034,-6672,148,159,-11,12240,13269,-1029,7950.0,7970.0,7941.0,7959.0,60019
2013-02-20,2408,4095,-1687,31084,23409,7675,1568,535,1033,35060,28039,7021,2970,2259,711,3702,2047,1655,190,159,31,6862,4465,2397,8008.0,8027.0,7983.0,8023.0,52976
2013-02-21,2326,5251,-2925,31196,24416,6780,1556,586,970,35078,30253,4825,3793,4376,-583,3645,3415,230,190,159,31,7628,7950,-322,7987.0,7998.0,7948.0,7949.0,63895
2013-02-22,2594,5001,-2407,31769,25823,5946,1467,585,882,35830,31409,4421,4329,4633,-304,4346,3790,556,190,154,36,8865,8577,288,7939.0,7976.0,7903.0,7951.0,85371
2013-02-23,3083,4787,-1704,31463,25788,5675,1467,585,882,36013,31160,4853,4609,4705,-96,4386,3440,946,190,137,53,9185,8282,903,7974.0,7994.0,7970.0,7993.0,27144
2013-02-25,3064,4583,-1519,30571,26317,4254,1460,585,875,35095,31485,3610,4462,5530,-1068,5210,4561,649,190,137,53,9862,10228,-366,7985.0,7992.0,7935.0,7941.0,72527
2013-02-26,2129,5577,-3448,32235,25748,6487,1405,683,722,35769,32008,3761,4509,5894,-1385,4793,4397,396,190,137,53,9492,10428,-936,7893.0,7920.0,7862.0,7885.0,82377
2013-02-27,1916,5859,-3943,32160,26176,5984,1405,713,692,35481,32748,2733,4090,5894,-1804,4816,4530,286,190,137,53,9096,10561,-1465,7907.0,7909.0,7862.0,7879.0,53936
2013-03-01,2857,4976,-2119,32986,28067,4919,1406,649,757,37249,33692,3557,4431,5580,-1149,5458,4144,1314,190,137,53,10079,9861,218,7945.0,7950.0,7920.0,7936.0,44461
2013-03-04,2896,5868,-2972,31519,32196,-677,1331,760,571,35746,38824,-3078,4327,8581,-4254,5716,6245,-529,190,141,49,10233,14967,-4734,7935.0,7937.0,7827.0,7845.0,94448
2013-03-05,4030,5438,-1408,34045,28629,5416,1328,728,600,39403,34795,4608,4520,6525,-2005,6855,4695,2160,190,138,52,11565,11358,207,7867.0,7931.0,7862.0,7913.0,74896
2013-03-06,4182,4818,-636,32022,28187,3835,1405,568,837,37609,33573,4036,4365,6946,-2581,6249,4849,1400,190,131,59,10804,11926,-1122,7980.0,7998.0,7935.0,7947.0,83576
2013-03-07,3835,5303,-1468,32961,26637,6324,1418,623,795,38214,32563,5651,4303,6773,-2470,6024,4677,1347,190,134,56,10517,11584,-1067,7933.0,7982.0,7921.0,7938.0,72539
2013-03-08,5042,6418,-1376,36194,25724,10470,1401,605,796,42637,32747,9890,5411,4889,522,6071,3042,3029,190,131,59,11672,8062,3610,7968.0,8032.0,7965.0,8008.0,81964
2013-03-11,6154,4942,1212,34001,25921,8080,1422,604,818,41577,31467,10110,5600,4628,972,6394,2746,3648,190,131,59,12184,7505,4679,8010.0,8068.0,7993.0,8043.0,79351
2013-03-12,4543,5356,-813,33528,25895,7633,1408,634,774,39479,31885,7594,5887,6402,-515,4944,3346,1598,190,131,59,11021,9879,1142,8040.0,8058.0,7983.0,7999.0,75116
2013-03-13,4433,4484,-51,32648,26472,6176,1275,682,593,38356,31638,6718,5721,5422,299,6607,4046,2561,190,131,59,12518,9599,2919,8000.0,8035.0,7951.0,7990.0,106264
2013-03-14,4804,4607,197,31668,29248,2420,1309,851,458,37781,34706,3075,5690,8011,-2321,6825,5768,1057,190,131,59,12705,13910,-1205,7997.0,7997.0,7941.0,7953.0,80451
2013-03-15,4899,3800,1099,30344,30711,-367,1201,917,284,36444,35428,1016,5286,11043,-5757,6639,5958,681,189,131,58,12114,17132,-5018,7969.0,7986.0,7906.0,7910.0,108975
2013-03-18,5966,6411,-445,30679,31672,-993,1195,1031,164,37840,39114,-1274,5459,12263,-6804,6375,6795,-420,190,131,59,12024,19189,-7165,7857.0,7868.0,7790.0,7792.0,102089
2013-03-19,8542,7455,1087,29573,30163,-590,1186,1035,151,39301,38653,648,6430,11872,-5442,6149,5487,662,186,131,55,12765,17490,-4725,7838.0,7852.0,7816.0,7833.0,76505
2013-03-20,2249,6132,-3883,21811,19888,1923,1186,1044,142,25246,27064,-1818,1921,7362,-5441,4756,2386,2370,187,131,56,6864,9879,-3015,7780.0,7842.0,7775.0,7796.0,52532
2013-03-21,2485,7171,-4686,22717,20605,2112,1186,1054,132,26388,28830,-2442,2408,7235,-4827,4953,2393,2560,187,131,56,7548,9759,-2211,7803.0,7816.0,7781.0,7797.0,68584
2013-03-22,2720,8565,-5845,23953,19928,4025,1186,1071,115,27859,29564,-1705,2370,7523,-5153,5283,2040,3243,227,131,96,7880,9694,-1814,7780.0,7814.0,7764.0,7776.0,63792
2013-03-25,2862,6993,-4131,25062,19943,5119,1212,957,255,29136,27893,1243,3028,7559,-4531,5602,1169,4433,227,126,101,8857,8854,3,7842.0,7865.0,7826.0,7851.0,60627
2013-03-26,3304,6813,-3509,23574,20115,3459,1205,955,250,28083,27883,200,2729,7795,-5066,5434,1162,4272,227,126,101,8390,9083,-693,7845.0,7848.0,7822.0,7836.0,52993
2013-03-27,3720,7792,-4072,25672,19720,5952,1203,908,295,30595,28420,2175,2783,7465,-4682,6020,1420,4600,227,126,101,9030,9011,19,7841.0,7876.0,7827.0,7860.0,74979
2013-03-28,2866,7650,-4784,25129,19306,5823,1207,1018,189,29202,27974,1228,2856,8325,-5469,6279,1276,5003,229,130,99,9364,9731,-367,7859.0,7875.0,7820.0,7842.0,64977
2013-03-29,4131,6169,-2038,28793,18646,10147,1315,923,392,34239,25738,8501,3447,7004,-3557,8500,1434,7066,227,130,97,12174,8568,3606,7884.0,7935.0,7871.0,7923.0,73177
2013-04-01,4443,6861,-2418,29367,20352,9015,1373,983,390,35183,28196,6987,3271,7361,-4090,8178,2312,5866,227,130,97,11676,9803,1873,7938.0,7942.0,7907.0,7920.0,45554
2013-04-02,5022,7944,-2922,30939,21460,9479,1247,978,269,37208,30382,6826,3179,8399,-5220,8148,2540,5608,227,130,97,11554,11069,485,7907.0,7927.0,7875.0,7905.0,80431
2013-04-03,7210,6624,586,30174,21873,8301,1242,991,251,38626,29488,9138,3257,9043,-5786,8420,2061,6359,229,130,99,11906,11234,672,7944.0,7953.0,7910.0,7934.0,67602
2013-04-08,5874,5380,494,20905,30055,-9150,1144,1359,-215,27923,36794,-8871,3736,15214,-11478,6245,2995,3250,229,130,99,10210,18339,-8129,7859.0,7870.0,7733.0,7739.0,128621
2013-04-09,6097,5843,254,22555,31409,-8854,1152,1323,-171,29804,38575,-8771,3919,15127,-11208,6314,2885,3429,228,130,98,10461,18142,-7681,7717.0,7750.0,7697.0,7709.0,84475
2013-04-10,6855,5634,1221,23979,31962,-7983,1125,1243,-118,31959,38839,-6880,4041,14848,-10807,6324,2411,3913,227,130,97,10592,17389,-6797,7737.0,7745.0,7713.0,7728.0,59229
2013-04-11,8004,5319,2685,30778,30646,132,1140,1116,24,39922,37081,2841,4315,11719,-7404,7600,1490,6110,227,130,97,12142,13339,-1197,7776.0,7825.0,7759.0,7818.0,84730
2013-04-12,6411,5747,664,30691,30355,336,1215,1139,76,38317,37241,1076,4328,12965,-8637,7538,1739,5799,230,130,100,12096,14834,-2738,7822.0,7832.0,7783.0,7784.0,64379
2013-04-15,7064,7268,-204,33763,29990,3773,1189,1157,32,42016,38415,3601,4629,14110,-9481,7661,1480,6181,233,110,123,12523,15700,-3177,7763.0,7816.0,7729.0,7763.0,109119
2013-04-16,9422,7520,1902,30579,29177,1402,1136,941,195,41137,37638,3499,5049,14238,-9189,7938,1738,6200,329,120,209,13316,16096,-2780,7710.0,7786.0,7693.0,7780.0,118952
2013-04-17,4467,4229,238,25053,22233,2820,1342,728,614,30862,27190,3672,3790,3822,-32,3606,2113,1493,128,10,118,7524,5945,1579,7783.0,7809.0,7772.0,7809.0,57751
2013-04-18,3866,6206,-2340,29112,21546,7566,1356,722,634,34334,28474,5860,5109,4670,439,4729,2187,2542,128,10,118,9966,6867,3099,7715.0,7775.0,7700.0,7751.0,104794
2013-04-19,5239,9215,-3976,42199,24240,17959,1461,607,854,48899,34062,14837,8827,4443,4384,7563,1796,5767,130,10,120,16520,6249,10271,7784.0,7945.0,7782.0,7944.0,139916
2013-04-22,5030,10146,-5116,39061,23502,15559,1462,597,865,45553,34245,11308,8145,4942,3203,6158,1939,4219,131,10,121,14434,6891,7543,7952.0,7976.0,7938.0,7953.0,64238
2013-04-23,4560,9311,-4751,38073,24019,14054,1487,608,879,44120,33938,10182,7534,5855,1679,5654,2071,3583,128,33,95,13316,7959,5357,7942.0,7951.0,7896.0,7928.0,79418
2013-04-24,5473,7032,-1559,36623,24572,12051,1507,671,836,43603,32275,11328,8171,5134,3037,5301,2011,3290,131,43,88,13603,7188,6415,7967.0,8015.0,7949.0,7991.0,110367
2013-04-25,6043,6976,-933,38255,23836,14419,1504,666,838,45802,31478,14324,9145,4729,4416,5777,1869,3908,131,43,88,15053,6641,8412,7976.0,8009.0,7970.0,8004.0,71490
2013-04-26,5126,7533,-2407,39891,23248,16643,1496,621,875,46513,31402,15111,9066,5211,3855,6362,2009,4353,129,78,51,15557,7298,8259,8010.0,8066.0,7996.0,7998.0,94160
2013-04-29,4259,8713,-4454,45568,24166,21402,1492,616,876,51319,33495,17824,9201,4546,4655,6992,2188,4804,129,85,44,16322,6819,9503,8010.0,8042.0,8001.0,8023.0,62673
2013-04-30,5452,8731,-3279,44652,24543,20109,1461,578,883,51565,33852,17713,9547,4409,5138,7025,3201,3824,129,95,34,16701,7705,8996,8067.0,8122.0,8062.0,8098.0,79288
2013-05-02,5943,9366,-3423,48218,24824,23394,1419,578,841,55580,34768,20812,9959,4026,5933,8501,2544,5957,129,108,21,18589,6678,11911,8083.0,8127.0,8083.0,8120.0,63345
2013-05-03,5669,7842,-2173,45442,24939,20503,1399,578,821,52510,33359,19151,9857,4235,5622,8136,2544,5592,129,108,21,18122,6887,11235,8139.0,8174.0,8119.0,8140.0,82194
2013-05-06,6012,7147,-1135,43603,24198,19405,1395,497,898,51010,31842,19168,9778,4375,5403,8292,3293,4999,129,108,21,18199,7776,10423,8200.0,8209.0,8154.0,8169.0,67723
2013-05-07,6729,7271,-542,45295,23138,22157,1371,497,874,53395,30906,22489,10577,4060,6517,9424,3965,5459,129,108,21,20130,8133,11997,8180.0,8187.0,8150.0,8173.0,61199
2013-05-08,7402,9071,-1669,47656,25501,22155,1349,529,820,56407,35101,21306,11084,6101,4983,9252,3857,5395,129,108,21,20465,10066,10399,8188.0,8302.0,8186.0,8268.0,130480
2013-05-09,6867,7937,-1070,47485,28427,19058,1317,496,821,55669,36860,18809,11243,6543,4700,8753,4161,4592,129,108,21,20125,10812,9313,8301.0,8330.0,8290.0,8313.0,83971
2013-05-10,8432,6591,1841,47137,31338,15799,1283,496,787,56852,38425,18427,11294,6504,4790,8620,4038,4582,128,108,20,20042,10650,9392,8294.0,8312.0,8280.0,8312.0,65770
2013-05-13,8938,7111,1827,47528,32071,15457,1262,626,636,57728,39808,17920,11336,7081,4255,8450,4578,3872,128,108,20,19914,11767,8147,8311.0,8314.0,8229.0,8260.0,100298
2013-05-14,7535,7557,-22,51519,35069,16450,1200,666,534,60254,43292,16962,11024,6102,4922,8235,3888,4347,128,108,20,19387,10098,9289,8280.0,8307.0,8244.0,8274.0,98400
2013-05-15,1590,4250,-2660,38074,22255,15819,1167,526,641,40831,27031,13800,5131,929,4202,5440,1757,3683,28,90,-62,10599,2776,7823,8299.0,8311.0,8260.0,8304.0,61581
2013-05-16,4747,4542,205,36726,24520,12206,1205,565,640,42678,29627,13051,6419,1419,5000,5909,3623,2286,28,90,-62,12356,5132,7224,8325.0,8440.0,8320.0,8423.0,122633
2013-05-17,3485,4636,-1151,34352,24868,9484,1192,565,627,39029,30069,8960,5714,1437,4277,5727,3960,1767,28,90,-62,11469,5487,5982,8405.0,8423.0,8386.0,8403.0,60464
2013-05-20,4381,4343,38,32694,24362,8332,1160,571,589,38235,29276,8959,5188,1434,3754,5566,4069,1497,28,90,-62,10782,5593,5189,8398.0,8401.0,8341.0,8386.0,74722
2013-05-21,4490,4873,-383,35497,24477,11020,1141,573,568,41128,29923,11205,4848,1506,3342,5709,3282,2427,28,90,-62,10585,4878,5707,8380.0,8441.0,8357.0,8390.0,102289
2013-05-22,5209,5343,-134,31601,24958,6643,1167,573,594,37977,30874,7103,3868,1888,1980,4801,3103,1698,28,90,-62,8697,5081,3616,8435.0,8449.0,8392.0,8394.0,82669
2013-05-23,8077,6594,1483,27516,25540,1976,1038,814,224,36631,32948,3683,4447,6659,-2212,3710,3056,654,28,78,-50,8185,9793,-1608,8337.0,8355.0,8210.0,8213.0,140140
2013-05-24,7130,6079,1051,27446,25204,2242,1029,906,123,35605,32189,3416,4535,6850,-2315,4379,2644,1735,28,66,-38,8942,9560,-618,8238.0,8248.0,8146.0,8222.0,102660
2013-05-27,6690,4666,2024,31535,26041,5494,1026,872,154,39251,31579,7672,3957,4430,-473,4742,2847,1895,28,66,-38,8727,7343,1384,8184.0,8268.0,8184.0,8256.0,86472
2013-05-28,6797,4977,1820,30049,26447,3602,1043,840,203,37889,32264,5625,3964,4587,-623,4695,3054,1641,28,66,-38,8687,7707,980,8268.0,8283.0,8245.0,8258.0,69512
2013-05-29,6002,4576,1426,33357,25690,7667,1138,676,462,40497,30942,9555,4077,3404,673,5590,2996,2594,28,66,-38,9695,6466,3229,8257.0,8345.0,8246.0,8312.0,106194
2013-05-30,7624,5411,2213,31378,28000,3378,1105,669,436,40107,34080,6027,4464,3889,575,4468,3684,784,30,66,-36,8962,7639,1323,8304.0,8304.0,8204.0,8231.0,121294
2013-05-31,8320,4666,3654,28839,30300,-1461,1070,649,421,38229,35615,2614,4531,6082,-1551,4533,4378,155,28,66,-38,9092,10526,-1434,8277.0,8342.0,8226.0,8242.0,125054
2013-06-03,6508,5185,1323,34817,28879,5938,1016,753,263,42341,34817,7524,4820,5389,-569,6097,3537,2560,28,66,-38,10945,8992,1953,8100.0,8205.0,8092.0,8193.0,107007
2013-06-04,7449,4686,2763,29817,29503,314,1016,783,233,38282,34972,3310,4726,7275,-2549,4776,3948,828,28,66,-38,9530,11289,-1759,8223.0,8228.0,8150.0,8162.0,92115
2013-06-05,6624,5965,659,32213,29319,2894,1008,860,148,39845,36144,3701,4781,6935,-2154,5504,3876,1628,28,66,-38,10313,10877,-564,8130.0,8196.0,8124.0,8145.0,90608
2013-06-06,7236,4802,2434,30326,35118,-4792,1001,911,90,38563,40831,-2268,4586,9080,-4494,4659,5129,-470,28,45,-17,9273,14254,-4981,8098.0,8129.0,8061.0,8103.0,116805
2013-06-07,6621,5548,1073,27404,32997,-5593,1001,887,114,35026,39432,-4406,4546,8982,-4436,4802,5509,-707,30,0,30,9378,14491,-5113,8081.0,8110.0,8049.0,8087.0,99118
2013-06-10,6347,5232,1115,28229,32386,-4157,997,787,210,35573,38405,-2832,3883,8117,-4234,4992,5774,-782,28,0,28,8903,13891,-4988,8142.0,8185.0,8128.0,8147.0,88305
2013-06-11,5695,5426,269,29191,33452,-4261,1111,785,326,35997,39663,-3666,4454,9146,-4692,5041,5665,-624,29,0,29,9524,14811,-5287,8135.0,8157.0,8107.0,8128.0,78773
2013-06-13,7295,6975,320,27390,39090,-11700,1115,1101,14,35800,47166,-11366,5941,14559,-8618,5181,8272,-3091,27,1,26,11149,22832,-11683,8050.0,8055.0,7931.0,7933.0,127540
2013-06-14,6041,7415,-1374,26936,38107,-11171,1090,1085,5,34067,46607,-12540,6167,15011,-8844,5355,8029,-2674,27,1,26,11549,23041,-11492,7983.0,7985.0,7905.0,7920.0,91743
2013-06-17,5265,6189,-924,26175,34964,-8789,1090,964,126,32530,42117,-9587,6069,14044,-7975,6481,6987,-506,27,1,26,12577,21032,-8455,7923.0,7982.0,7920.0,7973.0,80161
2013-06-18,10762,5304,5458,23756,31676,-7920,1139,895,244,35657,37875,-2218,4768,11295,-6527,7687,7178,509,27,1,26,12482,18474,-5992,7971.0,8011.0,7937.0,7994.0,108806
2013-06-19,7604,3580,4024,13361,21422,-8061,1129,594,535,22094,25596,-3502,1869,2100,-231,3049,4395,-1346,27,0,27,4945,6495,-1550,8005.0,8038.0,7987.0,8019.0,60936
2013-06-20,9059,4532,4527,14456,27064,-12608,1045,747,298,24560,32343,-7783,1836,6120,-4284,3204,6123,-2919,28,0,28,5068,12243,-7175,7795.0,7819.0,7739.0,7748.0,107714
2013-06-21,5196,3815,1381,14776,29085,-14309,1090,753,337,21062,33653,-12591,1874,7691,-5817,3535,6948,-3413,27,0,27,5436,14639,-9203,7600.0,7680.0,7589.0,7658.0,124153
2013-06-24,7230,3891,3339,14602,30671,-16069,1093,789,304,22925,35351,-12426,1836,7581,-5745,3853,7094,-3241,27,0,27,5716,14675,-8959,7628.0,7663.0,7602.0,7630.0,91483
2013-06-25,5591,4851,740,15800,31972,-16172,1119,811,308,22510,37634,-15124,2412,8955,-6543,3855,6384,-2529,27,0,27,6294,15339,-9045,7613.0,7683.0,7580.0,7606.0,158891
2013-06-26,6624,4770,1854,14477,29060,-14583,1140,744,396,22241,34574,-12333,2510,8541,-6031,3773,5473,-1700,27,1,26,6310,14015,-7705,7650.0,7689.0,7609.0,7637.0,121002
2013-06-27,8095,4355,3740,11735,26922,-15187,1190,561,629,21020,31838,-10818,3091,6951,-3860,3739,5031,-1292,27,0,27,6857,11982,-5125,7735.0,7746.0,7700.0,7713.0,92515
2013-06-28,4076,3933,143,17311,21436,-4125,1314,523,791,22701,25892,-3191,4133,4291,-158,4474,3225,1249,27,0,27,8634,7516,1118,7755.0,7860.0,7729.0,7828.0,121780
2013-07-01,5581,3732,1849,18928,20804,-1876,1342,374,968,25851,24910,941,5647,3732,1915,4829,2796,2033,41,0,41,10517,6528,3989,7818.0,7916.0,7811.0,7903.0,101184
2013-07-02,5274,3884,1390,18471,20981,-2510,1696,336,1360,25441,25201,240,6208,4032,2176,4585,2753,1832,45,0,45,10838,6785,4053,7905.0,7920.0,7880.0,7906.0,69586
2013-07-03,4851,4900,-49,19326,21858,-2532,1682,367,1315,25859,27125,-1266,3740,5969,-2229,3737,3613,124,47,0,47,7524,9582,-2058,7884.0,7894.0,7806.0,7811.0,99164
2013-07-04,4601,4683,-82,18730,21183,-2453,1683,406,1277,25014,26272,-1258,3733,5128,-1395,3754,3192,562,47,0,47,7534,8320,-786,7839.0,7864.0,7802.0,7844.0,90570
2013-07-05,5653,5543,110,19997,19032,965,1867,468,1399,27517,25043,2474,4664,4476,188,4601,2744,1857,49,0,49,9314,7220,2094,7885.0,7979.0,7871.0,7965.0,109225
2013-07-08,6762,5359,1403,17261,22735,-5474,1863,578,1285,25886,28672,-2786,3243,7893,-4650,3671,4735,-1064,49,0,49,6963,12628,-5665,7955.0,7964.0,7820.0,7830.0,117123
2013-07-09,8316,5764,2552,19872,19208,664,1829,557,1272,30017,25529,4488,3627,4298,-671,4333,2405,1928,49,0,49,8009,6703,1306,7830.0,7931.0,7823.0,7924.0,116183
2013-07-10,7998,6273,1725,23127,18635,4492,1859,510,1349,32984,25418,7566,4129,4216,-87,4076,2388,1688,49,0,49,8254,6604,1650,7938.0,8017.0,7921.0,7961.0,133445
2013-07-11,8085,8272,-187,24670,20677,3993,1876,226,1650,34631,29175,5456,4918,3408,1510,4988,2253,2735,50,0,50,9956,5661,4295,8107.0,8166.0,8061.0,8163.0,117871
2013-07-12,9099,7573,1526,23621,22034,1587,1883,207,1676,34603,29814,4789,5011,3684,1327,4440,2274,2166,51,0,51,9502,5958,3544,8164.0,8188.0,8138.0,8176.0,64591
2013-07-15,9529,5980,3549,24257,24272,-15,1976,147,1829,35762,30399,5363,4818,4155,663,4417,2409,2008,52,0,52,9287,6564,2723,8141.0,8238.0,8135.0,8216.0,110657
2013-07-16,13670,6122,7548,21943,24672,-2729,2205,147,2058,37818,30941,6877,5475,4103,1372,4321,2353,1968,56,0,56,9852,6456,3396,8230.0,8233.0,8193.0,8230.0,77162
2013-07-17,4968,5032,-64,21319,18938,2381,2150,187,1963,28437,24157,4280,2899,3050,-151,2998,1597,1401,54,0,54,5951,4647,1304,8209.0,8257.0,8202.0,8242.0,49919
2013-07-18,7269,5693,1576,21583,22265,-682,2142,222,1920,30994,28180,2814,2735,3630,-895,2917,1900,1017,54,0,54,5706,5530,176,8158.0,8169.0,8088.0,8096.0,99742
2013-07-19,7475,6193,1282,21089,26003,-4914,2074,288,1786,30638,32484,-1846,2456,9310,-6854,2946,4136,-1190,53,0,53,5455,13446,-7991,8059.0,8073.0,7953.0,7955.0,130696
2013-07-22,6298,6041,257,25981,26557,-576,2115,228,1887,34394,32826,1568,2790,7171,-4381,3523,3690,-167,55,0,55,6368,10861,-4493,7974.0,8053.0,7970.0,8022.0,85680
2013-07-23,5606,6081,-475,26849,25723,1126,2174,162,2012,34629,31966,2663,3570,6475,-2905,3782,3592,190,58,0,58,7410,10067,-2657,8068.0,8156.0,8060.0,8134.0,115683
2013-07-24,5808,5821,-13,26737,25743,994,2292,162,2130,34837,31726,3111,3673,6647,-2974,3486,3678,-192,59,0,59,7218,10325,-3107,8142.0,8148.0,8100.0,8126.0,77552
2013-07-25,4042,6234,-2192,27653,24819,2834,2287,167,2120,33982,31220,2762,3950,7331,-3381,3720,3428,292,55,0,55,7725,10759,-3034,8100.0,8158.0,8056.0,8107.0,101640
2013-07-26,3162,6226,-3064,26903,25702,1201,2319,170,2149,32384,32098,286,3779,9075,-5296,3559,3794,-235,55,0,55,7393,12869,-5476,8109.0,8183.0,8088.0,8100.0,107217
2013-07-29,3967,7461,-3494,26547,25656,891,2284,250,2034,32798,33367,-569,3919,10600,-6681,3502,3738,-236,53,0,53,7474,14338,-6864,8082.0,8108.0,8017.0,8035.0,99697
2013-07-30,3653,9022,-5369,31230,24924,6306,2295,252,2043,37178,34198,2980,5924,8532,-2608,3800,2981,819,50,0,50,9774,11513,-1739,8060.0,8145.0,8057.0,8130.0,97473
2013-07-31,3201,8126,-4925,24625,26651,-2026,2370,241,2129,30196,35018,-4822,4796,12185,-7389,3411,4300,-889,51,0,51,8258,16485,-8227,8120.0,8133.0,8046.0,8049.0,89142
2013-08-01,3844,8346,-4502,24177,29674,-5497,2363,317,2046,30384,38337,-7953,5094,14092,-8998,3397,4645,-1248,54,0,54,8545,18737,-10192,8049.0,8080.0,8000.0,8045.0,96228
2013-08-02,5021,6887,-1866,24054,30191,-6137,2366,302,2064,31441,37380,-5939,5258,13963,-8705,2511,4201,-1690,54,0,54,7823,18164,-10341,8098.0,8146.0,8048.0,8060.0,115177
2013-08-05,5933,7359,-1426,26218,28730,-2512,2369,316,2053,34520,36405,-1885,6849,12307,-5458,2774,3488,-714,55,0,55,9678,15795,-6117,8072.0,8108.0,8022.0,8098.0,88505
2013-08-06,7703,6724,979,21304,33906,-12602,2419,357,2062,31426,40987,-9561,6641,17692,-11051,2639,6361,-3722,56,0,56,9336,24053,-14717,8059.0,8075.0,7972.0,7991.0,106562
2013-08-07,8717,7084,1633,20002,33803,-13801,2558,459,2099,31277,41346,-10069,5519,20988,-15469,2844,5826,-2982,54,1,53,8417,26815,-18398,7912.0,7939.0,7845.0,7845.0,98256
2013-08-08,9394,6991,2403,16428,32270,-15842,2581,483,2098,28403,39744,-11341,5000,21623,-16623,3037,5440,-2403,54,1,53,8091,27064,-18973,7875.0,7893.0,7844.0,7846.0,77382
2013-08-09,10291,6352,3939,16007,32296,-16289,2582,565,2017,28880,39213,-10333,5349,21163,-15814,3050,5439,-2389,54,2,52,8453,26604,-18151,7848.0,7882.0,7802.0,7825.0,118651
2013-08-12,10286,6343,3943,17061,31249,-14188,2638,587,2051,29985,38179,-8194,5346,19802,-14456,3003,4901,-1898,54,4,50,8403,24707,-16304,7848.0,7882.0,7820.0,7860.0,75573
2013-08-13,10006,5752,4254,19078,30736,-11658,2715,507,2208,31799,36995,-5196,8052,18136,-10084,3186,4038,-852,54,4,50,11292,22178,-10886,7894.0,7959.0,7887.0,7954.0,88013
2013-08-14,13462,5417,8045,15568,32514,-16946,2759,543,2216,31789,38474,-6685,6489,19434,-12945,2621,4100,-1479,55,4,51,9165,23538,-14373,7959.0,7960.0,7888.0,7928.0,86574
2013-08-15,11842,5205,6637,17468,33894,-16426,2717,527,2190,32027,39626,-7599,7615,19607,-11992,2810,4081,-1271,53,1,52,10478,23689,-13211,7843.0,7878.0,7805.0,7861.0,90020
2013-08-16,10865,5086,5779,19901,32719,-12818,2773,618,2155,33539,38423,-4884,8766,17341,-8575,3523,4293,-770,53,1,52,12342,21635,-9293,7809.0,7944.0,7800.0,7916.0,135604
2013-08-19,14144,5864,8280,18212,34166,-15954,2773,578,2195,35129,40608,-5479,8670,17577,-8907,3391,5162,-1771,53,1,52,12114,22740,-10626,7878.0,7903.0,7855.0,7887.0,76711
2013-08-20,15269,7543,7726,16724,35093,-18369,2813,507,2306,34806,43143,-8337,8670,18010,-9340,3269,6676,-3407,46,1,45,11985,24687,-12702,7850.0,7920.0,7800.0,7805.0,122385
2013-08-22,6011,4115,1896,14689,26629,-11940,2757,556,2201,23457,31300,-7843,2708,4185,-1477,1967,5233,-3266,46,0,46,4721,9418,-4697,7700.0,7823.0,7695.0,7813.0,60397
2013-08-23,5975,4061,1914,16582,25064,-8482,2762,516,2246,25319,29641,-4322,5736,3057,2679,2776,5118,-2342,46,0,46,8558,8175,383,7760.0,7816.0,7753.0,7786.0,87872
2013-08-26,7183,3915,3268,16629,25544,-8915,2746,432,2314,26558,29891,-3333,6005,2507,3498,2926,5219,-2293,47,0,47,8978,7726,1252,7818.0,7844.0,7787.0,7824.0,77414
2013-08-27,8376,5106,3270,18305,26175,-7870,2850,506,2344,29531,31787,-2256,4669,3661,1008,3159,5384,-2225,47,0,47,7875,9045,-1170,7802.0,7818.0,7747.0,7757.0,84175
2013-08-28,6709,4416,2293,21776,25530,-3754,2786,650,2136,31271,30596,675,7121,2245,4876,2293,5161,-2868,47,0,47,9461,7406,2055,7699.0,7781.0,7678.0,7780.0,108500
2013-08-29,5316,4289,1027,25598,24612,986,2891,538,2353,33805,29439,4366,11848,2318,9530,3054,4589,-1535,49,0,49,14951,6907,8044,7798.0,7900.0,7788.0,7896.0,106632
2013-08-30,3310,4885,-1575,23371,23378,-7,2879,479,2400,29560,28742,818,12747,2765,9982,3520,6230,-2710,49,0,49,16316,8995,7321,7898.0,7983.0,7880.0,7969.0,101116
2013-09-02,3303,5794,-2491,25083,22358,2725,2905,459,2446,31291,28611,2680,14634,2820,11814,3554,5732,-2178,51,0,51,18239,8552,9687,7964.0,8025.0,7956.0,8018.0,87835
2013-09-03,4934,4995,-61,21125,21587,-462,2894,426,2468,28953,27008,1945,14232,3221,11011,3166,6086,-2920,51,0,51,17449,9307,8142,8038.0,8079.0,8025.0,8052.0,83489
2013-09-04,6549,5322,1227,21049,21833,-784,2888,398,2490,30486,27553,2933,14677,1892,12785,2811,4953,-2142,51,0,51,17539,6845,10694,8028.0,8074.0,8005.0,8071.0,88373
2013-09-05,5831,4913,918,22846,22137,709,2887,365,2522,31564,27415,4149,15430,2248,13182,3231,5233,-2002,51,0,51,18712,7481,11231,8091.0,8141.0,8071.0,8130.0,98558
2013-09-06,5664,5356,308,24840,21654,3186,2864,312,2552,33368,27322,6046,16347,2254,14093,3214,5003,-1789,43,0,43,19604,7257,12347,8129.0,8153.0,8120.0,8139.0,61960
2013-09-09,5453,5383,70,26142,22595,3547,2868,141,2727,34463,28119,6344,16737,2366,14371,2921,5041,-2120,45,0,45,19703,7407,12296,8150.0,8184.0,8095.0,8159.0,100993
2013-09-10,5264,5766,-502,27169,21307,5862,2859,251,2608,35292,27324,7968,15898,2472,13426,3181,5189,-2008,45,0,45,19124,7661,11463,8189.0,8220.0,8136.0,8171.0,101742
2013-09-11,6427,6259,168,26621,23032,3589,2799,291,2508,35847,29582,6265,15886,2242,13644,3300,4926,-1626,47,0,47,19233,7168,12065,8199.0,8200.0,8131.0,8191.0,110597
2013-09-12,7435,5459,1976,25854,21442,4412,2794,291,2503,36083,27192,8891,15463,2160,13303,4002,4597,-595,47,0,47,19512,6757,12755,8187.0,8217.0,8164.0,8194.0,90528
2013-09-13,7898,6074,1824,26489,24394,2095,2793,304,2489,37180,30772,6408,13844,2487,11357,4811,4654,157,47,0,47,18702,7141,11561,8198.0,8215.0,8146.0,8146.0,71727
2013-09-14,7144,6727,417,28369,24771,3598,2776,314,2462,38289,31812,6477,14674,2646,12028,5388,4660,728,47,0,47,20109,7306,12803,8178.0,8179.0,8148.0,8162.0,32151
2013-09-16,6514,9350,-2836,30647,24141,6506,2766,295,2471,39927,33786,6141,15549,3103,12446,5467,4729,738,47,0,47,21063,7832,13231,8214.0,8259.0,8197.0,8249.0,81309
2013-09-17,6329,7198,-869,32327,27419,4908,2728,370,2358,41384,34987,6397,15076,2019,13057,5448,4743,705,47,0,47,20571,6762,13809,8217.0,8242.0,8209.0,8240.0,61438
2013-09-18,3156,4411,-1255,21645,20119,1526,2601,359,2242,27402,24889,2513,2929,2492,437,3220,1943,1277,39,0,39,6188,4435,1753,8255.0,8268.0,8223.0,8238.0,44188
2013-09-23,4575,4644,-69,25128,20350,4778,2600,359,2241,32303,25353,6950,4594,1446,3148,3841,2041,1800,39,0,39,8474,3487,4987,8185.0,8269.0,8180.0,8256.0,72601
2013-09-24,5708,5040,668,25118,20670,4448,2585,372,2213,33411,26082,7329,6120,1618,4502,3646,2221,1425,38,0,38,9804,3839,5965,8251.0,8273.0,8221.0,8268.0,72399
2013-09-25,7354,4678,2676,23349,22323,1026,2578,411,2167,33281,27412,5869,4667,2083,2584,3383,2125,1258,38,0,38,8088,4208,3880,8250.0,8258.0,8222.0,8233.0,69047
2013-09-26,7518,5023,2495,26564,25471,1093,2521,449,2072,36603,30943,5660,4622,3148,1474,3180,2585,595,35,0,35,7837,5733,2104,8220.0,8241.0,8156.0,8183.0,89062
2013-09-27,7219,5219,2000,26891,24582,2309,2526,449,2077,36636,30250,6386,4862,3124,1738,3570,2300,1270,35,0,35,8467,5424,3043,8190.0,8207.0,8176.0,8183.0,53228
2013-09-30,6160,5381,779,28883,24925,3958,2537,342,2195,37580,30648,6932,6104,4177,1927,3625,2426,1199,35,0,35,9764,6603,3161,8114.0,8156.0,8083.0,8120.0,96072
2013-10-01,5830,5564,266,30097,27549,2548,2536,339,2197,38463,33452,5011,6697,3894,2803,3788,2325,1463,35,0,35,10520,6219,4301,8153.0,8175.0,8138.0,8150.0,72550
2013-10-02,5495,6282,-787,32185,26099,6086,2544,314,2230,40224,32695,7529,5920,2873,3047,3738,2335,1403,35,0,35,9693,5208,4485,8185.0,8192.0,8157.0,8157.0,66374
2013-10-03,4572,8197,-3625,35886,25314,10572,2617,332,2285,43075,33843,9232,9294,2637,6657,4354,2812,1542,35,0,35,13683,5449,8234,8172.0,8385.0,8171.0,8378.0,121376
2013-10-04,4619,8550,-3931,32389,26743,5646,2597,332,2265,39605,35625,3980,7348,2497,4851,3391,2908,483,38,0,38,10777,5405,5372,8357.0,8393.0,8345.0,8366.0,76363
2013-10-07,5006,6631,-1625,29526,27415,2111,2588,332,2256,37120,34378,2742,5631,2789,2842,3093,3317,-224,38,0,38,8762,6106,2656,8367.0,8370.0,8296.0,8326.0,68526
2013-10-08,5317,7096,-1779,28287,23825,4462,2551,332,2219,36155,31253,4902,7033,3247,3786,2997,3062,-65,38,0,38,10068,6309,3759,8302.0,8383.0,8291.0,8374.0,86038
2013-10-09,4556,7930,-3374,28637,23916,4721,2530,856,1674,35723,32702,3021,6129,3497,2632,2200,2451,-251,38,0,38,8367,5948,2419,8324.0,8377.0,8319.0,8335.0,72882
2013-10-11,5174,6025,-851,26718,25586,1132,2550,832,1718,34442,32443,1999,5594,4635,959,2335,2689,-354,38,0,38,7967,7324,643,8439.0,8450.0,8355.0,8361.0,95865
2013-10-14,3217,6117,-2900,25880,25810,70,2516,832,1684,31613,32759,-1146,5785,5448,337,2377,3191,-814,38,0,38,8200,8639,-439,8345.0,8348.0,8273.0,8294.0,94880
2013-10-15,3787,7098,-3311,29988,30726,-738,2508,840,1668,36283,38664,-2381,6130,4911,1219,3135,2793,342,38,0,38,9303,7704,1599,8359.0,8385.0,8338.0,8354.0,86777
2013-10-16,2278,5247,-2969,27082,26291,791,2533,773,1760,31893,32311,-418,2582,2395,187,3623,2414,1209,35,0,35,6240,4809,1431,8372.0,8377.0,8340.0,8345.0,36523
2013-10-17,3033,4624,-1591,26180,27640,-1460,2550,773,1777,31763,33037,-1274,3069,4575,-1506,3556,2359,1197,25,0,25,6650,6934,-284,8380.0,8422.0,8356.0,8363.0,76826
2013-10-18,3579,4583,-1004,28658,27227,1431,2546,673,1873,34783,32483,2300,4694,3704,990,4628,2175,2453,25,0,25,9347,5879,3468,8382.0,8429.0,8373.0,8416.0,71072
2013-10-21,5279,4074,1205,24414,26717,-2303,2539,673,1866,32232,31464,768,4168,4497,-329,3923,2368,1555,25,0,25,8116,6865,1251,8441.0,8445.0,8393.0,8401.0,59834
2013-10-22,4124,4292,-168,28261,25842,2419,2535,773,1762,34920,30907,4013,5235,3568,1667,4466,2255,2211,25,0,25,9726,5823,3903,8377.0,8423.0,8352.0,8414.0,75663
2013-10-23,5332,4337,995,22743,26231,-3488,1292,813,479,29367,31381,-2014,3996,6312,-2316,3329,2354,975,26,0,26,7351,8666,-1315,8436.0,8440.0,8340.0,8361.0,95797
2013-10-24,3982,4355,-373,24548,23441,1107,1286,813,473,29816,28609,1207,3478,4058,-580,4081,2188,1893,26,0,26,7585,6246,1339,8348.0,8400.0,8326.0,8391.0,78189
2013-10-25,5600,4801,799,22497,26280,-3783,1276,833,443,29373,31914,-2541,4003,7979,-3976,3085,2482,603,26,0,26,7114,10461,-3347,8353.0,8366.0,8291.0,8322.0,98615
2013-10-28,4124,4332,-208,24271,23338,933,1275,817,458,29670,28487,1183,3527,3611,-84,4096,2647,1449,27,0,27,7650,6258,1392,8320.0,8410.0,8320.0,8388.0,73935
2013-10-29,3689,4505,-816,29259,23527,5732,1315,806,509,34263,28838,5425,5054,3366,1688,4615,2464,2151,26,0,26,9695,5830,3865,8362.0,8435.0,8359.0,8410.0,98283
2013-10-30,4570,4708,-138,29977,22966,7011,1314,766,548,35861,28440,7421,5422,3009,2413,4797,2597,2200,27,0,27,10246,5606,4640,8424.0,8460.0,8405.0,8441.0,75193
2013-10-31,5016,5133,-117,34060,22887,11173,1311,766,545,40387,28786,11601,6133,3338,2795,5619,2637,2982,28,0,28,11780,5975,5805,8422.0,8465.0,8408.0,8427.0,77387
2013-11-01,6028,5175,853,29167,24347,4820,1276,766,510,36471,30288,6183,2734,5382,-2648,5156,3172,1984,28,0,28,7918,8554,-636,8457.0,8476.0,8372.0,8393.0,101517
2013-11-04,6016,4459,1557,23976,24945,-969,1252,805,447,31244,30209,1035,3349,7326,-3977,4849,3683,1166,29,0,29,8227,11009,-2782,8360.0,8369.0,8313.0,8339.0,81711
2013-11-05,5524,4699,825,23634,26613,-2979,1237,803,434,30395,32115,-1720,3339,10089,-6750,4119,3934,185,29,4,25,7487,14027,-6540,8326.0,8353.0,8255.0,8268.0,99344
2013-11-06,6091,4653,1438,22587,28205,-5618,1228,803,425,29906,33661,-3755,2839,10956,-8117,3775,3414,361,29,23,6,6643,14393,-7750,8281.0,8288.0,8231.0,8269.0,86347
2013-11-07,5627,4619,1008,22835,29603,-6768,1230,828,402,29692,35050,-5358,2758,11612,-8854,3938,3344,594,29,26,3,6725,14982,-8257,8266.0,8279.0,8224.0,8257.0,74161
2013-11-08,3960,5762,-1802,22722,28794,-6072,1235,827,408,27917,35383,-7466,2931,11733,-8802,4838,4177,661,29,49,-20,7798,15959,-8161,8230.0,8269.0,8211.0,8224.0,77595
2013-11-11,4210,6186,-1976,23493,34176,-10683,1239,827,412,28942,41189,-12247,3295,15144,-11849,4334,4482,-148,29,52,-23,7658,19678,-12020,8230.0,8236.0,8179.0,8195.0,74493
2013-11-12,3689,6312,-2623,25505,37478,-11973,1295,777,518,30489,44567,-14078,2955,13816,-10861,4279,4451,-172,28,78,-50,7262,18345,-11083,8225.0,8247.0,8172.0,8216.0,83476
2013-11-13,4421,6092,-1671,22035,38317,-16282,1349,810,539,27805,45219,-17414,3425,18402,-14977,2812,4104,-1292,28,69,-41,6265,22575,-16310,8186.0,8193.0,8101.0,8107.0,90870
2013-11-14,4574,6503,-1929,20812,37451,-16639,1340,876,464,26726,44830,-18104,4229,17289,-13060,3004,4126,-1122,28,174,-146,7261,21589,-14328,8143.0,8157.0,8085.0,8124.0,85513
2013-11-15,5958,7033,-1075,23034,38557,-15523,1344,763,581,30336,46353,-16017,4495,15927,-11432,2472,4091,-1619,28,174,-146,6995,20192,-13197,8177.0,8214.0,8148.0,8159.0,93361
2013-11-18,5720,5707,13,22373,33960,-11587,1281,705,576,29374,40372,-10998,6160,14999,-8839,2896,4012,-1116,28,174,-146,9084,19185,-10101,8194.0,8223.0,8178.0,8189.0,76515
2013-11-19,3288,3370,-82,24957,29366,-4409,1290,372,918,29535,33108,-3573,5664,12436,-6772,3382,3936,-554,28,148,-120,9074,16520,-7446,8224.0,8256.0,8208.0,8249.0,81106
2013-11-20,2871,2256,615,17790,27721,-9931,1294,273,1021,21955,30250,-8295,2996,7033,-4037,2083,2518,-435,28,71,-43,5107,9622,-4515,8230.0,8258.0,8216.0,8219.0,36809
2013-11-21,4629,3185,1444,14551,31684,-17133,1325,293,1032,20505,35162,-14657,3955,11406,-7451,2274,3430,-1156,28,51,-23,6257,14887,-8630,8166.0,8170.0,8062.0,8078.0,96488
2013-11-22,4457,2999,1458,13880,29398,-15518,1315,300,1015,19652,32697,-13045,4142,10065,-5923,2588,3651,-1063,28,52,-24,6758,13768,-7010,8078.0,8110.0,8076.0,8086.0,55847
2013-11-25,3931,2858,1073,18493,27886,-9393,1279,260,1019,23703,31004,-7301,4881,7110,-2229,2619,3038,-419,28,52,-24,7528,10200,-2672,8145.0,8218.0,8142.0,8195.0,77378
2013-11-26,3648,2685,963,24406,26476,-2070,1310,253,1057,29364,29414,-50,6100,4515,1585,2608,2994,-386,29,53,-24,8737,7562,1175,8166.0,8277.0,8154.0,8249.0,100277
2013-11-27,4842,2752,2090,25341,23867,1474,1319,253,1066,31502,26872,4630,7021,3616,3405,2755,3352,-597,29,53,-24,9805,7021,2784,8236.0,8300.0,8232.0,8299.0,73671
2013-11-28,5874,2895,2979,28890,27619,1271,1321,253,1068,36085,30767,5318,7943,3974,3969,3257,3986,-729,29,53,-24,11229,8013,3216,8350.0,8392.0,8338.0,8378.0,73050
2013-11-29,6309,3095,3214,32311,27672,4639,1322,253,1069,39942,31020,8922,9408,3743,5665,3389,3516,-127,29,132,-103,12826,7391,5435,8375.0,8428.0,8372.0,8427.0,65787
2013-12-02,7559,2901,4658,31444,29006,2438,1334,253,1081,40337,32160,8177,8573,3698,4875,3516,3915,-399,29,132,-103,12118,7745,4373,8431.0,8447.0,8391.0,8413.0,73323
2013-12-03,7026,2675,4351,32557,30051,2506,1321,553,768,40904,33279,7625,8111,3539,4572,3450,3556,-106,29,132,-103,11590,7227,4363,8392.0,8424.0,8378.0,8409.0,65908
2013-12-04,6205,3581,2624,34238,31335,2903,1283,567,716,41726,35483,6243,10754,3486,7268,2856,3253,-397,29,132,-103,13639,6871,6768,8375.0,8449.0,8372.0,8436.0,93441
2013-12-05,6242,3147,3095,31069,33356,-2287,1224,567,657,38535,37070,1465,7296,3302,3994,2774,3095,-321,29,87,-58,10099,6484,3615,8423.0,8443.0,8352.0,8379.0,100533
2013-12-06,6114,2850,3264,31557,33784,-2227,1211,567,644,38882,37201,1681,8122,3625,4497,2832,2761,71,29,87,-58,10983,6473,4510,8377.0,8409.0,8354.0,8384.0,77433
2013-12-09,7781,3356,4425,30144,35251,-5107,1246,567,679,39171,39174,-3,8714,5170,3544,3543,3870,-327,31,87,-56,12288,9127,3161,8455.0,8495.0,8445.0,8456.0,76944
2013-12-10,7402,3275,4127,31329,34888,-3559,1243,567,676,39974,38730,1244,9331,4544,4787,3396,3357,39,31,87,-56,12758,7988,4770,8431.0,8458.0,8427.0,8455.0,55279
2013-12-11,6801,3852,2949,33550,36442,-2892,1222,577,645,41573,40871,702,6579,2996,3583,3286,3104,182,31,87,-56,9896,6187,3709,8458.0,8510.0,8422.0,8432.0,110731
2013-12-12,5546,4363,1183,33709,35621,-1912,1165,602,563,40420,40586,-166,5507,2901,2606,3700,3200,500,31,89,-58,9238,6190,3048,8390.0,8406.0,8358.0,8392.0,85000
2013-12-13,4986,3097,1889,36987,42494,-5507,1161,643,518,43134,46234,-3100,6025,4131,1894,3348,3365,-17,32,89,-57,9405,7585,1820,8359.0,8404.0,8352.0,8397.0,78852
2013-12-16,5794,4918,876,45164,52301,-7137,1150,699,451,52108,57918,-5810,6905,7423,-518,3118,3547,-429,31,89,-58,10054,11059,-1005,8375.0,8385.0,8325.0,8336.0,95020
2013-12-17,5697,6397,-700,47683,53940,-6257,1137,662,475,54517,60999,-6482,6816,6592,224,2875,3768,-893,31,89,-58,9722,10449,-727,8383.0,8385.0,8358.0,8362.0,57370
2013-12-18,2936,3019,-83,28409,36496,-8087,1140,756,384,32485,40271,-7786,1941,2357,-416,1556,2875,-1319,24,87,-63,3521,5319,-1798,8380.0,8380.0,8338.0,8338.0,31195
2013-12-19,3999,3793,206,29417,36491,-7074,1203,660,543,34619,40944,-6325,3394,2206,1188,1538,2706,-1168,25,97,-72,4957,5009,-52,8392.0,8431.0,8371.0,8392.0,83798
2013-12-20,3953,3603,350,30709,34171,-3462,1307,665,642,35969,38439,-2470,6054,1955,4099,1622,2929,-1307,25,97,-72,7701,4981,2720,8391.0,8428.0,8382.0,8415.0,63180
2013-12-23,4286,3813,473,30896,35441,-4545,1342,665,677,36524,39919,-3395,7654,2607,5047,2065,3270,-1205,25,98,-73,9744,5975,3769,8449.0,8495.0,8445.0,8475.0,53452
2013-12-24,4285,2775,1510,30914,33389,-2475,1258,549,709,36457,36713,-256,8221,2897,5324,2182,3081,-899,25,98,-73,10428,6076,4352,8480.0,8487.0,8462.0,8483.0,34318
2013-12-25,4519,2467,2052,30762,32634,-1872,1295,578,717,36576,35679,897,8619,2433,6186,2296,3730,-1434,25,98,-73,10940,6261,4679,8500.0,8504.0,8488.0,8500.0,28150
2013-12-26,5140,2349,2791,30436,32837,-2401,1294,641,653,36870,35827,1043,8708,2483,6225,2614,3741,-1127,25,98,-73,11347,6322,5025,8510.0,8514.0,8483.0,8501.0,30200
2013-12-27,5505,2722,2783,32698,33579,-881,1391,641,750,39594,36942,2652,10444,2694,7750,2920,3559,-639,26,90,-64,13390,6343,7047,8496.0,8550.0,8490.0,8543.0,56418
2013-12-30,6109,2791,3318,32746,33782,-1036,1430,641,789,40285,37214,3071,12751,3605,9146,3304,3583,-279,27,91,-64,16082,7279,8803,8549.0,8637.0,8546.0,8625.0,70122
2013-12-31,6358,3299,3059,31672,33866,-2194,1360,641,719,39390,37806,1584,12060,3981,8079,3077,3780,-703,27,91,-64,15164,7852,7312,8650.0,8664.0,8622.0,8633.0,51329
2014-01-02,7128,3396,3732,33765,33360,405,1360,641,719,42253,37397,4856,11369,3337,8032,3002,3271,-269,27,92,-65,14398,6700,7698,8644.0,8649.0,8585.0,8618.0,70152
2014-01-03,6357,3831,2526,32775,38223,-5448,1289,635,654,40421,42689,-2268,7915,4302,3613,2703,3259,-556,27,91,-64,10645,7652,2993,8595.0,8597.0,8530.0,8541.0,82686
2014-01-06,4844,4023,821,33413,39213,-5800,1241,644,597,39498,43880,-4382,8903,5404,3499,3448,4026,-578,27,90,-63,12378,9520,2858,8539.0,8561.0,8503.0,8528.0,81494
2014-01-07,3917,4574,-657,36407,41291,-4884,1251,654,597,41575,46519,-4944,9175,5806,3369,3657,4559,-902,27,91,-64,12859,10456,2403,8528.0,8575.0,8525.0,8551.0,76176
2014-01-08,5193,4307,886,34722,41770,-7048,1378,638,740,41293,46715,-5422,7486,3750,3736,2418,4236,-1818,27,92,-65,9931,8078,1853,8556.0,8599.0,8550.0,8586.0,69802
2014-01-09,5835,4309,1526,33838,45797,-11959,1282,679,603,40955,50785,-9830,6360,4430,1930,2300,4709,-2409,27,92,-65,8687,9231,-544,8565.0,8573.0,8514.0,8528.0,99558
2014-01-10,5189,4230,959,39365,48012,-8647,1309,679,630,45863,52921,-7058,7706,4139,3567,2465,4810,-2345,29,92,-63,10200,9041,1159,8523.0,8548.0,8516.0,8539.0,63745
2014-01-13,5786,4119,1667,34635,45193,-10558,1436,640,796,41857,49952,-8095,6985,3253,3732,2401,5378,-2977,29,88,-59,9415,8719,696,8598.0,8629.0,8566.0,8572.0,95870
2014-01-14,7255,4546,2709,37404,49305,-11901,1547,640,907,46206,54491,-8285,7411,3116,4295,1961,5170,-3209,29,88,-59,9401,8374,1027,8530.0,8559.0,8514.0,8547.0,73027
2014-01-15,4869,2875,1994,30604,38654,-8050,1319,247,1072,36792,41776,-4984,4571,1829,2742,2783,1939,844,25,88,-63,7379,3856,3523,8570.0,8613.0,8563.0,8610.0,52535
2014-01-16,5281,2704,2577,29467,39775,-10308,1308,257,1051,36056,42736,-6680,3370,2239,1131,2150,2272,-122,25,88,-63,5545,4599,946,8650.0,8662.0,8610.0,8618.0,65354
2014-01-17,5852,3311,2541,27678,39887,-12209,1282,257,1025,34812,43455,-8643,3269,4155,-886,2349,2233,116,25,88,-63,5643,6476,-833,8610.0,8625.0,8577.0,8606.0,76169
2014-01-20,6415,3270,3145,29817,40112,-10295,1275,407,868,37507,43789,-6282,3546,3800,-254,2571,1811,760,25,88,-63,6142,5699,443,8585.0,8634.0,8571.0,8622.0,69809
2014-01-21,7198,2717,4481,28423,41856,-13433,1232,407,825,36853,44980,-8127,4224,5425,-1201,2227,1817,410,25,88,-63,6476,7330,-854,8642.0,8647.0,8611.0,8623.0,65389
2014-01-22,7060,2789,4271,29597,40470,-10873,1181,407,774,37838,43666,-5828,3992,3935,57,2343,1627,716,34,88,-54,6369,5650,719,8595.0,8636.0,8585.0,8635.0,61473
2014-01-23,7975,2747,5228,25332,40139,-14807,1126,417,709,34433,43303,-8870,3718,6019,-2301,2604,2577,27,33,88,-55,6355,8684,-2329,8646.0,8650.0,8587.0,8596.0,77610
2014-01-24,6989,4442,2547,31142,39799,-8657,1100,477,623,39231,44718,-5487,4042,3417,625,2964,2242,722,42,88,-46,7048,5747,1301,8570.0,8629.0,8551.0,8619.0,76250
2014-01-27,7861,4543,3318,28981,43139,-14158,1088,806,282,37930,48488,-10558,4399,9287,-4888,2166,3723,-1557,49,88,-39,6614,13098,-6484,8510.0,8547.0,8445.0,8446.0,124091
2014-02-05,6902,5152,1750,24865,41576,-16711,1187,972,215,32954,47700,-14746,4789,13790,-9001,2065,2774,-709,53,9,44,6907,16573,-9666,8302.0,8328.0,8196.0,8243.0,123024
2014-02-06,7802,4325,3477,21715,37774,-16059,1215,928,287,30732,43027,-12295,4848,11472,-6624,2745,2868,-123,53,7,46,7646,14347,-6701,8278.0,8292.0,8247.0,8275.0,81137
2014-02-07,8007,4370,3637,22330,36211,-13881,1225,851,374,31562,41432,-9870,6573,10077,-3504,3487,2778,709,52,8,44,10112,12863,-2751,8327.0,8373.0,8315.0,8339.0,84636
2014-02-10,9630,4802,4828,23288,36824,-13536,1306,696,610,34224,42322,-8098,7204,8576,-1372,3896,3084,812,52,8,44,11152,11668,-516,8375.0,8403.0,8353.0,8355.0,75690
2014-02-11,9682,5217,4465,26574,34011,-7437,1296,618,678,37552,39846,-2294,8877,6301,2576,4216,2905,1311,52,7,45,13145,9213,3932,8354.0,8415.0,8346.0,8414.0,69071
2014-02-12,9868,4216,5652,30312,35285,-4973,1318,410,908,41498,39911,1587,8711,3279,5432,3792,1977,1815,54,7,47,12557,5263,7294,8447.0,8496.0,8437.0,8481.0,84727
2014-02-13,9085,4954,4131,32963,35340,-2377,1339,523,816,43387,40817,2570,9117,3541,5576,4163,1898,2265,55,7,48,13335,5446,7889,8495.0,8495.0,8443.0,8443.0,60328
2014-02-14,9511,6890,2621,32657,31172,1485,1337,272,1065,43505,38334,5171,10864,4165,6699,4748,1678,3070,53,7,46,15665,5850,9815,8496.0,8568.0,8488.0,8508.0,108056
2014-02-17,11956,6761,5195,31879,31330,549,1241,256,985,45076,38347,6729,10718,4354,6364,4756,1663,3093,53,7,46,15527,6024,9503,8547.0,8557.0,8514.0,8528.0,68133
2014-02-18,12351,6735,5616,34172,31543,2629,1220,274,946,47743,38552,9191,11737,3634,8103,4861,1720,3141,50,7,43,16648,5361,11287,8530.0,8564.0,8506.0,8562.0,74608
2014-02-19,3745,5217,-1472,26592,19274,7318,1254,252,1002,31591,24743,6848,6759,816,5943,2555,1501,1054,33,0,33,9347,2317,7030,8535.0,8569.0,8535.0,8557.0,33192
2014-02-20,5079,5115,-36,26948,21545,5403,1168,252,916,33195,26912,6283,5133,1830,3303,3136,1829,1307,33,0,33,8302,3659,4643,8530.0,8548.0,8483.0,8483.0,104153
2014-02-21,3875,4914,-1039,28870,20613,8257,1319,252,1067,34064,25779,8285,8027,2175,5852,3882,1555,2327,33,0,33,11942,3730,8212,8555.0,8598.0,8555.0,8587.0,70932
2014-02-24,3679,5570,-1891,29267,20266,9001,1254,252,1002,34200,26088,8112,5875,2495,3380,3676,1543,2133,33,0,33,9584,4038,5546,8591.0,8605.0,8534.0,8549.0,73629
2014-02-25,3994,6331,-2337,31389,19980,11409,1265,252,1013,36648,26563,10085,6535,2928,3607,3910,1574,2336,35,0,35,10480,4502,5978,8603.0,8608.0,8565.0,8573.0,59959
2014-02-26,4537,7622,-3085,36478,20136,16342,1267,252,1015,42282,28010,14272,9017,2029,6988,4732,1604,3128,35,0,35,13784,3633,10151,8565.0,8627.0,8553.0,8608.0,78863
2014-02-27,5295,7833,-2538,37739,19485,18254,1345,252,1093,44379,27570,16809,10292,2516,7776,4882,1555,3327,35,0,35,15209,4071,11138,8609.0,8631.0,8602.0,8624.0,62426
2014-03-03,5405,6900,-1495,34464,21915,12549,1243,291,952,41112,29106,12006,8670,4234,4436,4569,1840,2729,35,0,35,13274,6074,7200,8559.0,8580.0,8510.0,8566.0,102233
2014-03-04,4845,6356,-1511,31368,21492,9876,1213,261,952,37426,28109,9317,8427,4198,4229,4435,1767,2668,35,0,35,12897,5965,6932,8560.0,8582.0,8539.0,8553.0,68908
2014-03-05,5181,6835,-1654,32180,19799,12381,1339,237,1102,38700,26871,11829,8501,2817,5684,4704,1568,3136,35,0,35,13240,4385,8855,8640.0,8647.0,8610.0,8619.0,59854
2014-03-06,7767,6412,1355,36829,17910,18919,1461,237,1224,46057,24559,21498,14008,3553,10455,5929,1487,4442,37,0,37,19974,5040,14934,8623.0,8709.0,8619.0,8695.0,87968
2014-03-07,8699,6709,1990,39377,17671,21706,1399,237,1162,49475,24617,24858,13859,4270,9589,6299,1391,4908,37,0,37,20195,5661,14534,8730.0,8772.0,8676.0,8705.0,104339
2014-03-10,6862,7340,-478,37499,18026,19473,1355,237,1118,45716,25603,20113,13027,5206,7821,5990,1568,4422,37,0,37,19054,6774,12280,8673.0,8694.0,8654.0,8677.0,69919
2014-03-11,7077,8289,-1212,37291,19002,18289,1368,237,1131,45736,27528,18208,14633,5888,8745,6350,1586,4764,37,0,37,21020,7474,13546,8690.0,8723.0,8678.0,8715.0,67391
2014-03-12,6994,8649,-1655,34549,20915,13634,1309,245,1064,42852,29809,13043,9583,4243,5340,6112,1632,4480,37,0,37,15732,5875,9857,8666.0,8673.0,8645.0,8662.0,73277
2014-03-13,9001,10113,-1112,38479,21047,17432,1478,237,1241,48958,31397,17561,14117,3855,10262,7233,2025,5208,37,0,37,21387,5880,15507,8702.0,8756.0,8694.0,8740.0,84582
2014-03-14,8110,8633,-523,37845,23460,14385,1355,237,1118,47310,32330,14980,12087,4076,8011,6570,2294,4276,37,0,37,18694,6370,12324,8673.0,8701.0,8671.0,8693.0,58515
2014-03-17,8496,7407,1089,34819,23371,11448,1310,248,1062,44625,31026,13599,11517,3334,8183,6778,2328,4450,37,0,37,18332,5662,12670,8703.0,8715.0,8655.0,8701.0,77365
2014-03-18,10714,7016,3698,37702,28986,8716,1375,236,1139,49791,36238,13553,12336,4601,7735,6755,2243,4512,37,0,37,19128,6844,12284,8745.0,8751.0,8712.0,8727.0,65644
2014-03-19,2507,6498,-3991,28720,18602,10118,1052,278,774,32279,25378,6901,5063,1252,3811,3220,1598,1622,34,0,34,8317,2850,5467,8734.0,8742.0,8684.0,8696.0,47587
2014-03-20,3012,6018,-3006,23350,21626,1724,1009,490,519,27371,28134,-763,4082,4127,-45,2253,2126,127,33,0,33,6368,6253,115,8638.0,8639.0,8561.0,8568.0,95027
2014-03-21,3597,5858,-2261,23994,20284,3710,1000,683,317,28591,26825,1766,4487,4551,-64,2671,2055,616,33,2,31,7191,6608,583,8586.0,8598.0,8558.0,8575.0,66251
2014-03-24,3123,5938,-2815,25555,19150,6405,1011,685,326,29689,25773,3916,4402,3870,532,3614,2293,1321,33,2,31,8049,6165,1884,8550.0,8605.0,8523.0,8601.0,99699
2014-03-25,4605,5922,-1317,27898,18314,9584,1084,492,592,33587,24728,8859,8061,3252,4809,3642,1567,2075,33,1,32,11736,4820,6916,8589.0,8660.0,8576.0,8659.0,91751
2014-03-26,5959,5883,76,29659,17592,12067,1234,482,752,36852,23957,12895,9776,2153,7623,3638,1462,2176,33,0,33,13447,3615,9832,8708.0,8722.0,8682.0,8711.0,77869
2014-03-27,7958,7060,898,34036,17190,16846,1292,494,798,43286,24744,18542,13105,2538,10567,5106,1624,3482,35,0,35,18246,4162,14084,8705.0,8756.0,8695.0,8754.0,86325
2014-03-28,7164,7881,-717,33054,18248,14806,1239,494,745,41457,26623,14834,12683,2730,9953,5062,1830,3232,33,0,33,17778,4560,13218,8754.0,8776.0,8729.0,8735.0,78831
2014-03-31,10156,5710,4446,31376,18933,12443,1304,494,810,42836,25137,17699,14281,3000,11281,5435,2352,3083,33,0,33,19749,5352,14397,8779.0,8794.0,8734.0,8789.0,76765
2014-04-01,9683,6232,3451,34468,16894,17574,1366,465,901,45517,23591,21926,16247,3197,13050,6223,2312,3911,33,0,33,22503,5509,16994,8780.0,8833.0,8773.0,8829.0,77021
2014-04-02,9952,6019,3933,31887,16779,15108,1346,222,1124,43185,23020,20165,14972,2373,12599,5726,1453,4273,33,0,33,20731,3826,16905,8850.0,8888.0,8841.0,8855.0,73667
2014-04-03,10693,6358,4335,34151,16783,17368,1414,222,1192,46258,23363,22895,16449,2693,13756,6121,1396,4725,33,0,33,22603,4089,18514,8858.0,8878.0,8845.0,8868.0,58189
2014-04-07,7501,6142,1359,37702,16718,20984,1400,222,1178,46603,23082,23521,16906,3218,13688,6037,1420,4617,33,0,33,22976,4638,18338,8811.0,8861.0,8803.0,8858.0,63927
2014-04-08,8360,5775,2585,36069,15161,20908,1392,222,1170,45821,21158,24663,17970,4388,13582,5860,1437,4423,33,0,33,23863,5825,18038,8853.0,8887.0,8837.0,8879.0,79196
2014-04-09,10194,5955,4239,36735,16026,20709,1444,222,1222,48373,22203,26170,17419,3964,13455,6047,1612,4435,33,0,33,23499,5576,17923,8886.0,8903.0,8878.0,8896.0,52603
2014-04-10,12557,5677,6880,36420,17838,18582,1343,222,1121,50320,23737,26583,17530,4199,13331,5740,1617,4123,33,0,33,23303,5816,17487,8929.0,8939.0,8866.0,8907.0,86825
2014-04-11,11134,7259,3875,40143,18862,21281,1360,422,938,52637,26543,26094,16879,3057,13822,5696,1601,4095,33,42,-9,22608,4700,17908,8850.0,8891.0,8840.0,8870.0,95782
2014-04-14,11325,9000,2325,46275,24799,21476,1261,422,839,58861,34221,24640,17355,3520,13835,5192,1451,3741,33,42,-9,22580,5013,17567,8870.0,8885.0,8853.0,8858.0,65746
2014-04-15,13874,10692,3182,51107,26541,24566,1279,402,877,66260,37635,28625,20706,3853,16853,5119,661,4458,33,42,-9,25858,4556,21302,8861.0,8902.0,8859.0,8896.0,72126
2014-04-16,4821,8547,-3726,34469,13650,20819,1018,182,836,40308,22379,17929,11086,1143,9943,3495,625,2870,33,0,33,14614,1768,12846,8910.0,8956.0,8887.0,8955.0,49182
2014-04-17,6337,7691,-1354,34574,13187,21387,1060,202,858,41971,21080,20891,11283,1176,10107,4249,836,3413,33,0,33,15565,2012,13553,8884.0,8910.0,8872.0,8897.0,77255
2014-04-18,7056,8348,-1292,33545,14227,19318,1048,202,846,41649,22777,18872,9036,1131,7905,4716,1288,3428,33,0,33,13785,2419,11366,8961.0,8972.0,8916.0,8918.0,63285
2014-04-21,7630,7531,99,34219,14040,20179,1095,202,893,42944,21773,21171,9218,1333,7885,5154,1328,3826,33,0,33,14405,2661,11744,8917.0,8926.0,8903.0,8923.0,36842
2014-04-22,6378,6920,-542,36896,13942,22954,1114,202,912,44388,21064,23324,10616,2077,8539,5875,1140,4735,33,0,33,16524,3217,13307,8925.0,8962.0,8917.0,8950.0,60169
2014-04-23,5724,7089,-1365,35909,15546,20363,1049,202,847,42682,22837,19845,7722,1687,6035,5987,981,5006,33,0,33,13742,2668,11074,8970.0,8980.0,8910.0,8922.0,80288
2014-04-24,5659,7117,-1458,37837,15911,21926,1004,222,782,44500,23250,21250,8516,2816,5700,6467,1076,5391,33,0,33,15016,3892,11124,8928.0,8942.0,8915.0,8937.0,54152
2014-04-25,4941,9233,-4292,32938,18492,14446,911,423,488,38790,28148,10642,7500,9648,-2148,5307,2209,3098,33,0,33,12840,11857,983,8925.0,8928.0,8743.0,8750.0,174633
2014-04-28,4689,11371,-6682,38596,16913,21683,935,381,554,44220,28665,15555,8316,7466,850,5532,2193,3339,33,7,26,13881,9666,4215,8698.0,8835.0,8690.0,8819.0,129874
2014-04-29,5336,11274,-5938,37098,16944,20154,948,294,654,43382,28512,14870,9799,8328,1471,5888,2248,3640,33,0,33,15720,10576,5144,8828.0,8855.0,8809.0,8840.0,91179
2014-04-30,6239,10581,-4342,35210,17632,17578,952,359,593,42401,28572,13829,7751,11136,-3385,5807,2086,3721,33,0,33,13591,13222,369,8850.0,8857.0,8750.0,8758.0,122688
2014-05-02,6818,10753,-3935,38346,15938,22408,1004,330,674,46168,27021,19147,8426,8412,14,6671,1832,4839,33,0,33,15130,10244,4886,8768.0,8843.0,8761.0,8841.0,90635
2014-05-05,8519,10432,-1913,32942,15871,17071,1024,334,690,42485,26637,15848,8484,10102,-1618,6040,1945,4095,33,0,33,14557,12047,2510,8864.0,8888.0,8802.0,8827.0,94208
2014-05-06,8186,10504,-2318,34406,16461,17945,1084,364,720,43676,27329,16347,9449,10171,-722,7616,2323,5293,33,0,33,17098,12494,4604,8849.0,8889.0,8813.0,8885.0,97864
2014-05-07,7901,8977,-1076,34599,17622,16977,998,372,626,43498,26971,16527,7282,11256,-3974,7918,2110,5808,33,0,33,15233,13366,1867,8845.0,8861.0,8809.0,8840.0,104464
2014-05-08,8887,8766,121,35520,17346,18174,1075,387,688,45482,26499,18983,8655,11112,-2457,9716,2137,7579,33,0,33,18404,13249,5155,8860.0,8887.0,8836.0,8881.0,88751
2014-05-09,9273,7887,1386,32664,20693,11971,1024,417,607,42961,28997,13964,8635,12333,-3698,8272,2532,5740,33,0,33,16940,14865,2075,8888.0,8889.0,8833.0,8842.0,77008
2014-05-12,9076,8214,862,33107,20751,12356,906,461,445,43089,29426,13663,8900,12627,-3727,7195,2513,4682,33,0,33,16128,15140,988,8842.0,8850.0,8790.0,8821.0,88270
2014-05-13,8571,10314,-1743,36416,20306,16110,948,565,383,45935,31185,14750,9456,14157,-4701,8959,2958,6001,33,0,33,18448,17115,1333,8855.0,8875.0,8821.0,8830.0,83445
2014-05-14,8581,11515,-2934,40118,18857,21261,982,557,425,49681,30929,18752,9201,11346,-2145,11077,2790,8287,33,0,33,20311,14136,6175,8855.0,8885.0,8830.0,8882.0,85759
2014-05-15,8992,9894,-902,37677,20024,17653,980,562,418,47649,30480,17169,8923,11547,-2624,10034,2831,7203,33,0,33,18990,14378,4612,8868.0,8887.0,8857.0,8877.0,59657
2014-05-16,8830,8802,28,39584,22253,17331,892,708,184,49306,31763,17543,9339,11410,-2071,9017,2982,6035,33,0,33,18389,14392,3997,8842.0,8883.0,8816.0,8876.0,88877
2014-05-19,12170,8929,3241,41989,24211,17778,912,662,250,55071,33802,21269,8730,10796,-2066,9388,3083,6305,33,0,33,18151,13879,4272,8876.0,8901.0,8869.0,8888.0,70962
2014-05-20,12340,10880,1460,49597,28039,21558,912,647,265,62849,39566,23283,9197,10486,-1289,8694,2865,5829,33,0,33,17924,13351,4573,8902.0,8926.0,8890.0,8897.0,74046
2014-05-21,3314,7234,-3920,36939,13765,23174,1020,412,608,41273,21411,19862,3852,2013,1839,2485,1873,612,33,0,33,6370,3886,2484,8892.0,8909.0,8850.0,8860.0,54036
2014-05-22,5159,7084,-1925,41610,13261,28349,1267,432,835,48036,20777,27259,6253,1962,4291,4155,647,3508,33,0,33,10441,2609,7832,8873.0,8960.0,8866.0,8959.0,100620
2014-05-23,5233,8096,-2863,43349,14660,28689,1332,402,930,49914,23158,26756,6860,2486,4374,4698,768,3930,33,0,33,11591,3254,8337,8971.0,9014.0,8966.0,9013.0,75182
2014-05-26,5682,7596,-1914,42339,14988,27351,1345,392,953,49366,22976,26390,7331,2720,4611,4475,748,3727,33,0,33,11839,3468,8371,9020.0,9049.0,9009.0,9041.0,51900
2014-05-27,5357,7573,-2216,43001,15484,27517,1359,392,967,49717,23449,26268,7738,2751,4987,4307,823,3484,33,0,33,12078,3574,8504,9047.0,9058.0,9025.0,9056.0,52031
2014-05-28,5839,8788,-2949,45496,14778,30718,1385,393,992,52720,23959,28761,8916,1899,7017,3531,1079,2452,33,0,33,12480,2978,9502,9062.0,9144.0,9055.0,9136.0,94218
2014-05-29,5880,7252,-1372,43523,18522,25001,1334,393,941,50737,26167,24570,8634,2206,6428,3031,1213,1818,33,0,33,11698,3419,8279,9132.0,9149.0,9111.0,9116.0,69424
2014-05-30,5715,8099,-2384,44306,19185,25121,1233,643,590,51254,27927,23327,8329,2236,6093,2628,1320,1308,33,0,33,10990,3556,7434,9121.0,9130.0,9086.0,9091.0,76393
2014-06-03,5115,6200,-1085,40727,18520,22207,1232,665,567,47074,25385,21689,8105,2322,5783,2546,1815,731,33,0,33,10684,4137,6547,9112.0,9133.0,9061.0,9104.0,83254
2014-06-04,4955,7236,-2281,40586,17274,23312,1227,665,562,46768,25175,21593,7700,1931,5769,2592,1465,1127,33,0,33,10325,3396,6929,9118.0,9124.0,9097.0,9102.0,53898
2014-06-05,5451,4681,770,38461,16893,21568,1275,665,610,45187,22239,22948,8126,2064,6062,2773,2727,46,33,0,33,10932,4791,6141,9117.0,9118.0,9074.0,9118.0,67500
2014-06-06,6434,4674,1760,37264,17252,20012,1238,643,595,44936,22569,22367,8135,2050,6085,2892,2539,353,33,0,33,11060,4589,6471,9138.0,9158.0,9120.0,9125.0,59766
2014-06-09,7494,4618,2876,38191,16853,21338,1265,643,622,46950,22114,24836,8458,2171,6287,3290,2607,683,33,0,33,11781,4778,7003,9140.0,9155.0,9129.0,9146.0,45298
2014-06-10,8341,5273,3068,39603,17465,22138,1400,636,764,49344,23374,25970,9440,2688,6752,3921,1836,2085,33,0,33,13394,4524,8870,9159.0,9202.0,9155.0,9185.0,72200
2014-06-11,10549,4924,5625,37471,17335,20136,1389,639,750,49409,22898,26511,9170,2125,7045,4063,1797,2266,33,0,33,13266,3922,9344,9194.0,9212.0,9183.0,9211.0,43499
2014-06-12,12009,4955,7054,36844,17639,19205,1356,645,711,50209,23239,26970,9246,2224,7022,4137,2159,1978,48,0,48,13431,4383,9048,9195.0,9215.0,9181.0,9204.0,46433
2014-06-13,11686,4693,6993,37217,19207,18010,1387,651,736,50290,24551,25739,8560,2265,6295,4125,2531,1594,48,0,48,12733,4796,7937,9170.0,9199.0,9156.0,9198.0,69155
2014-06-16,13078,5419,7659,42211,24344,17867,1447,640,807,56736,30403,26333,8382,2597,5785,4684,2096,2588,48,0,48,13114,4693,8421,9180.0,9214.0,9175.0,9200.0,54947
2014-06-17,12880,7315,5565,48996,31220,17776,1558,660,898,63434,39195,24239,8250,3396,4854,4781,2704,2077,48,0,48,13079,6100,6979,9207.0,9248.0,9203.0,9241.0,66123
2014-06-18,3706,6061,-2355,30308,18134,12174,1234,316,918,35248,24511,10737,2649,2048,601,3573,544,3029,45,0,45,6267,2592,3675,9241.0,9307.0,9208.0,9302.0,64896
2014-06-19,5221,6319,-1098,31749,19660,12089,1321,336,985,38291,26315,11976,2728,3258,-530,4001,691,3310,45,0,45,6774,3949,2825,9187.0,9237.0,9181.0,9225.0,74612
2014-06-20,6367,5606,761,28796,21639,7157,1251,336,915,36414,27581,8833,2821,4026,-1205,2679,701,1978,52,0,52,5552,4727,825,9227.0,9230.0,9178.0,9180.0,74727
2014-06-23,5178,6058,-880,32725,22981,9744,1307,336,971,39210,29375,9835,3255,5004,-1749,3475,745,2730,52,0,52,6782,5749,1033,9179.0,9206.0,9151.0,9166.0,82798
2014-06-24,5148,5454,-306,33961,26209,7752,1334,357,977,40443,32020,8423,2475,4638,-2163,3014,960,2054,84,0,84,5573,5598,-25,9174.0,9198.0,9165.0,9172.0,65966
2014-06-25,4937,5752,-815,35640,26482,9158,1404,372,1032,41981,32606,9375,1733,3097,-1364,2978,1025,1953,84,0,84,4795,4122,673,9146.0,9170.0,9137.0,9157.0,63400
2014-06-26,6485,6700,-215,40015,28023,11992,1599,374,1225,48099,35097,13002,2904,3099,-195,5029,1533,3496,85,0,85,8018,4632,3386,9181.0,9237.0,9176.0,9233.0,75765
2014-06-27,6442,6121,321,38437,28207,10230,1592,368,1224,46471,34696,11775,2726,3174,-448,4837,1621,3216,85,0,85,7648,4795,2853,9231.0,9244.0,9205.0,9207.0,58349
2014-06-30,6920,7771,-851,42359,28325,14034,1755,378,1377,51034,36474,14560,3849,3792,57,5054,1825,3229,85,0,85,8988,5617,3371,9220.0,9307.0,9218.0,9290.0,77543
2014-07-01,6632,6984,-352,41112,30393,10719,1807,371,1436,49551,37748,11803,3871,4459,-588,5430,1945,3485,145,0,145,9446,6404,3042,9299.0,9401.0,9289.0,9384.0,101041
2014-07-02,9740,6951,2789,36423,31370,5053,1814,521,1293,47977,38842,9135,3385,3338,47,5983,3156,2827,147,0,147,9515,6494,3021,9404.0,9488.0,9310.0,9402.0,178185
2014-07-03,9697,7627,2070,39134,31860,7274,2029,545,1484,50860,40032,10828,4754,2987,1767,6529,3570,2959,148,0,148,11431,6557,4874,9396.0,9463.0,9367.0,9455.0,111701
2014-07-04,11577,7350,4227,36187,33602,2585,2090,552,1538,49854,41504,8350,4575,3062,1513,6339,4076,2263,148,0,148,11062,7138,3924,9488.0,9494.0,9411.0,9453.0,105559
2014-07-07,10228,7231,2997,39075,33712,5363,2122,552,1570,51425,41495,9930,4582,3145,1437,7098,4252,2846,148,0,148,11828,7397,4431,9452.0,9453.0,9398.0,9451.0,86345
2014-07-08,10265,8389,1876,43220,34912,8308,2241,672,1569,55726,43973,11753,5957,3971,1986,8076,4276,3800,150,0,150,14183,8247,5936,9452.0,9492.0,9440.0,9477.0,82334
2014-07-09,9526,8641,885,43084,34654,8430,2276,674,1602,54886,43969,10917,4780,3804,976,8264,4632,3632,150,0,150,13194,8436,4758,9450.0,9477.0,9436.0,9465.0,77026
2014-07-10,12481,8997,3484,43862,36263,7599,2311,683,1628,58654,45943,12711,5756,4519,1237,9500,4550,4950,150,4,146,15406,9073,6333,9466.0,9556.0,9462.0,9553.0,100623
2014-07-11,13395,9697,3698,39604,36959,2645,2626,688,1938,55625,47344,8281,5815,8156,-2341,5293,5013,280,152,8,144,11260,13177,-1917,9540.0,9566.0,9450.0,9487.0,157882
2014-07-14,15193,9145,6048,47835,44525,3310,2870,690,2180,65898,54360,11538,5395,7693,-2298,6318,4956,1362,152,8,144,11865,12657,-792,9479.0,9529.0,9478.0,9525.0,85979
2014-07-15,15309,9079,6230,44726,45870,-1144,2981,690,2291,63016,55639,7377,5259,8583,-3324,6362,5121,1241,152,12,140,11773,13716,-1943,9575.0,9581.0,9534.0,9561.0,92920
2014-07-16,9082,7553,1529,32358,32116,242,2646,685,1961,44086,40354,3732,3283,6285,-3002,4333,4736,-403,183,12,171,7799,11033,-3234,9547.0,9564.0,9475.0,9483.0,67424
2014-07-17,10390,9466,924,31705,34275,-2570,2622,743,1879,44717,44484,233,3797,8739,-4942,4124,4894,-770,183,12,171,8104,13645,-5541,9392.0,9402.0,9326.0,9356.0,123718
2014-07-18,10092,10456,-364,37205,35185,2020,2668,719,1949,49965,46360,3605,4822,8328,-3506,4051,5215,-1164,183,12,171,9056,13555,-4499,9285.0,9372.0,9281.0,9339.0,107971
2014-07-21,10595,9373,1222,37142,36083,1059,2653,705,1948,50390,46161,4229,5165,8078,-2913,4172,4938,-766,183,12,171,9520,13028,-3508,9380.0,9406.0,9356.0,9364.0,78887
2014-07-22,10608,10089,519,42900,37768,5132,2684,684,2000,56192,48541,7651,5783,7517,-1734,5240,4938,302,183,12,171,11206,12467,-1261,9384.0,9434.0,9352.0,9433.0,100000
2014-07-24,13722,8733,4989,40240,38238,2002,2732,684,2048,56694,47655,9039,4760,4555,205,4517,4848,-331,184,12,172,9461,9415,46,9456.0,9470.0,9432.0,9469.0,86204
2014-07-25,11701,8176,3525,36833,40420,-3587,2639,688,1951,51173,49284,1889,3997,5544,-1547,3743,8262,-4519,184,12,172,7924,13818,-5894,9460.0,9465.0,9357.0,9390.0,118354
2014-07-28,10542,9050,1492,42085,41099,986,2633,711,1922,55260,50860,4400,5266,5991,-725,3878,8178,-4300,184,12,172,9328,14181,-4853,9370.0,9422.0,9342.0,9387.0,113816
2014-07-29,11212,9958,1254,42237,44266,-2029,2660,919,1741,56109,55143,966,4121,7149,-3028,4366,9637,-5271,184,12,172,8671,16798,-8127,9425.0,9446.0,9343.0,9361.0,128049
2014-07-30,11186,10419,767,47557,44548,3009,2670,859,1811,61413,55826,5587,6376,6446,-70,4796,9562,-4766,183,12,171,11355,16020,-4665,9367.0,9429.0,9366.0,9416.0,99330
2014-07-31,13568,10774,2794,40376,47396,-7020,2645,972,1673,56589,59142,-2553,4627,9924,-5297,4663,10337,-5674,182,12,170,9472,20273,-10801,9433.0,9438.0,9265.0,9290.0,134333
2014-08-01,14925,10374,4551,42466,48595,-6129,2612,1137,1475,60003,60106,-103,5524,10739,-5215,4824,10392,-5568,182,12,170,10530,21143,-10613,9236.0,9264.0,9209.0,9253.0,104509
2014-08-04,15251,8639,6612,40324,48885,-8561,2600,885,1715,58175,58409,-234,6109,11097,-4988,4844,10252,-5408,182,12,170,11135,21361,-10226,9260.0,9297.0,9233.0,9286.0,81817
2014-08-05,19387,7893,11494,34287,51693,-17406,2639,1109,1530,56313,60695,-4382,7754,21508,-13754,4948,10102,-5154,182,12,170,12884,31622,-18738,9249.0,9256.0,9083.0,9095.0,149588
2014-08-06,14574,8513,6061,39546,48997,-9451,2678,1188,1490,56798,58698,-1900,4475,17602,-13127,4453,10032,-5579,180,12,168,9108,27646,-18538,9079.0,9129.0,9059.0,9098.0,121642
2014-08-07,15153,8462,6691,38686,50620,-11934,2641,1227,1414,56480,60309,-3829,4537,18165,-13628,4538,9970,-5432,180,12,168,9255,28147,-18892,9111.0,9134.0,9065.0,9092.0,84268
2014-08-08,12386,8139,4247,42366,49467,-7101,2587,1315,1272,57339,58921,-1582,6155,18213,-12058,4774,10211,-5437,181,12,169,11110,28436,-17326,9052.0,9093.0,8991.0,9090.0,123219
2014-08-11,14220,6740,7480,38321,51683,-13362,2634,1105,1529,55175,59528,-4353,5900,17942,-12042,4745,10174,-5429,181,12,169,10826,28128,-17302,9132.0,9162.0,9110.0,9141.0,80134
2014-08-12,15386,5919,9467,37727,50221,-12494,2712,1066,1646,55825,57206,-1381,6736,18868,-12132,4970,10123,-5153,182,12,170,11888,29003,-17115,9152.0,9158.0,9103.0,9121.0,87612
2014-08-13,14363,6137,8226,39565,45084,-5519,2826,1031,1795,56754,52252,4502,6019,13590,-7571,4798,9950,-5152,181,12,169,10998,23552,-12554,9132.0,9204.0,9120.0,9199.0,94649
2014-08-14,14925,5294,9631,36133,43860,-7727,2814,1012,1802,53872,50166,3706,6079,12778,-6699,4836,9987,-5151,182,12,170,11097,22777,-11680,9228.0,9253.0,9203.0,9218.0,85033
2014-08-15,14551,4612,9939,35023,43975,-8952,2796,1059,1737,52370,49646,2724,5877,13217,-7340,3586,10058,-6472,184,12,172,9647,23287,-13640,9210.0,9218.0,9154.0,9203.0,90406
2014-08-18,15404,4732,10672,36563,51659,-15096,2798,1214,1584,54765,57605,-2840,5376,13019,-7643,3528,10244,-6716,184,12,172,9088,23275,-14187,9212.0,9223.0,9126.0,9141.0,111283
2014-08-19,11072,4089,6983,45686,50771,-5085,2804,1200,1604,59562,56060,3502,7749,9571,-1822,3826,10047,-6221,188,12,176,11763,19630,-7867,9161.0,9249.0,9161.0,9239.0,91282
2014-08-20,7029,3967,3062,33930,37165,-3235,2912,795,2117,43871,41927,1944,4718,5127,-409,3532,5490,-1958,168,12,156,8418,10629,-2211,9253.0,9285.0,9244.0,9275.0,61787
2014-08-21,8450,5020,3430,34265,41350,-7085,2810,712,2098,45525,47082,-1557,5317,6826,-1509,3532,5740,-2208,168,12,156,9017,12578,-3561,9260.0,9266.0,9200.0,9231.0,103529
2014-08-22,8148,5892,2256,41742,42258,-516,3024,715,2309,52914,48865,4049,6557,4963,1594,3827,5846,-2019,168,12,156,10552,10821,-269,9249.0,9388.0,9247.0,9378.0,116443
2014-08-25,8805,5681,3124,42000,46537,-4537,3227,589,2638,54032,52807,1225,6679,5770,909,3836,6033,-2197,168,12,156,10683,11815,-1132,9386.0,9399.0,9365.0,9391.0,61977
2014-08-26,10400,5792,4608,40490,46121,-5631,3284,592,2692,54174,52505,1669,6794,6045,749,3892,6065,-2173,166,12,154,10852,12122,-1270,9386.0,9408.0,9375.0,9390.0,57561
2014-08-27,10950,5304,5646,46345,48586,-2241,3445,592,2853,60740,54482,6258,6672,4551,2121,3765,5992,-2227,167,12,155,10604,10555,49,9421.0,9498.0,9420.0,9477.0,96315
2014-08-28,10990,5580,5410,46718,49707,-2989,3400,592,2808,61108,55879,5229,6574,4628,1946,3794,6005,-2211,167,12,155,10535,10645,-110,9492.0,9500.0,9469.0,9479.0,60649
2014-08-29,10875,5637,5238,47991,50329,-2338,3256,592,2664,62122,56558,5564,6888,5421,1467,3953,6388,-2435,167,12,155,11008,11821,-813,9456.0,9485.0,9432.0,9473.0,77443
2014-09-01,13559,4828,8731,45976,52244,-6268,3367,572,2795,62902,57644,5258,7935,5632,2303,3969,6387,-2418,167,12,155,12071,12031,40,9473.0,9550.0,9470.0,9528.0,68798
2014-09-02,15904,6219,9685,36885,50792,-13907,3161,344,2817,55950,57355,-1405,8051,12168,-4117,3936,6292,-2356,167,12,155,12154,18472,-6318,9512.0,9514.0,9388.0,9410.0,125697
2014-09-03,14038,5771,8267,40745,50938,-10193,3107,374,2733,57890,57083,807,5712,6982,-1270,4016,6292,-2276,167,12,155,9895,13286,-3391,9415.0,9482.0,9399.0,9451.0,101507
2014-09-04,13188,5822,7366,39654,51055,-11401,2446,373,2073,55288,57250,-1962,6590,7742,-1152,4067,6322,-2255,167,12,155,10824,14076,-3252,9447.0,9448.0,9380.0,9425.0,96821
2014-09-05,14740,6170,8570,37719,50906,-13187,2272,372,1900,54731,57448,-2717,6714,9406,-2692,4044,6273,-2229,167,12,155,10925,15691,-4766,9444.0,9463.0,9370.0,9407.0,104786
2014-09-09,14638,6457,8181,41240,51888,-10648,2300,342,1958,58178,58687,-509,6917,9927,-3010,4048,6278,-2230,167,12,155,11132,16217,-5085,9426.0,9530.0,9425.0,9428.0,78139
2014-09-10,15172,6565,8607,38774,54912,-16138,2274,358,1916,56220,61835,-5615,6730,12518,-5788,4061,6276,-2215,167,12,155,10958,18806,-7848,9380.0,9402.0,9310.0,9347.0,106510
2014-09-11,16073,7949,8124,38492,55381,-16889,2088,414,1674,56653,63744,-7091,7362,13398,-6036,3951,6277,-2326,167,12,155,11480,19687,-8207,9376.0,9385.0,9300.0,9302.0,75048
2014-09-12,16683,8849,7834,44030,60997,-16967,2013,509,1504,62726,70355,-7629,8202,15778,-7576,3957,6281,-2324,167,12,155,12326,22071,-9745,9325.0,9328.0,9229.0,9245.0,121575
2014-09-15,14089,7242,6847,52432,65904,-13472,1981,664,1317,68502,73810,-5308,8063,15630,-7567,4023,6275,-2252,167,12,155,12253,21917,-9664,9206.0,9244.0,9172.0,9218.0,119266
2014-09-16,14363,7293,7070,43278,61079,-17801,2009,701,1308,59650,69073,-9423,5299,17387,-12088,3949,6191,-2242,167,12,155,9415,23590,-14175,9219.0,9233.0,9141.0,9154.0,98071
2014-09-17,8491,3876,4615,29049,40931,-11882,2070,561,1509,39610,45368,-5758,1556,7940,-6384,2777,5104,-2327,67,12,55,4400,13056,-8656,9195.0,9248.0,9148.0,9172.0,72499
2014-09-18,9047,4135,4912,27583,42200,-14617,2016,565,1451,38646,46900,-8254,1930,9888,-7958,2910,5154,-2244,67,12,55,4907,15054,-10147,9234.0,9265.0,9213.0,9243.0,90173
2014-09-19,11493,4130,7363,25671,43385,-17714,2033,550,1483,39197,48065,-8868,3255,11123,-7868,2983,5253,-2270,124,12,112,6362,16388,-10026,9281.0,9304.0,9240.0,9265.0,101134
2014-09-22,12404,5248,7156,24637,46109,-21472,1953,885,1068,38994,52242,-13248,4570,14907,-10337,2914,5328,-2414,124,12,112,7608,20247,-12639,9202.0,9205.0,9100.0,9128.0,120832
2014-09-23,9919,5801,4118,26280,43273,-16993,1952,892,1060,38151,49966,-11815,5116,14707,-9591,3346,5620,-2274,124,12,112,8586,20339,-11753,9106.0,9152.0,9102.0,9117.0,87165
2014-09-24,9573,4591,4982,25953,45336,-19383,1956,845,1111,37482,50772,-13290,2918,13377,-10459,3341,5880,-2539,124,12,112,6383,19269,-12886,9095.0,9142.0,9081.0,9127.0,87035
2014-09-25,10711,4320,6391,21397,48761,-27364,1962,1120,842,34070,54201,-20131,3500,17449,-13949,3951,6636,-2685,124,52,72,7575,24137,-16562,9158.0,9168.0,8995.0,9028.0,138558
2014-09-26,9300,6102,3198,26519,46857,-20338,1982,1024,958,37801,53983,-16182,4657,16635,-11978,4121,6786,-2665,124,52,72,8902,23473,-14571,8958.0,9022.0,8937.0,8980.0,115750
2014-09-29,11087,5441,5646,25583,48985,-23402,1990,1061,929,38660,55487,-16827,5239,17651,-12412,4574,7175,-2601,144,52,92,9957,24878,-14921,8991.0,9008.0,8943.0,8982.0,101474
2014-09-30,10563,7167,3396,27088,53974,-26886,1915,877,1038,39566,62018,-22452,5851,17554,-11703,4953,7883,-2930,144,52,92,10948,25489,-14541,8961.0,9021.0,8871.0,8991.0,150107
2014-10-01,10229,4974,5255,28000,52770,-24770,1893,678,1215,40122,58422,-18300,2913,12426,-9513,4966,7977,-3011,144,52,92,8023,20455,-12432,8943.0,9015.0,8911.0,8980.0,114235
2014-10-02,10108,5639,4469,27459,52701,-25242,1890,672,1218,39457,59012,-19555,2928,12525,-9597,5106,7981,-2875,144,72,72,8178,20578,-12400,8920.0,9020.0,8905.0,8993.0,126762
2014-10-03,12427,3491,8936,26683,51393,-24710,2035,636,1399,41145,55520,-14375,4289,11991,-7702,5268,7752,-2484,164,92,72,9721,19835,-10114,9004.0,9107.0,8994.0,9101.0,124812
2014-10-06,14847,3256,11591,21614,55480,-33866,1889,622,1267,38350,59358,-21008,4824,15430,-10606,5202,7839,-2637,163,92,71,10189,23361,-13172,9098.0,9110.0,9056.0,9084.0,95157
2014-10-07,11413,4040,7373,23063,53302,-30239,1874,850,1024,36350,58192,-21842,5344,16102,-10758,5447,7911,-2464,154,92,62,10945,24105,-13160,9034.0,9048.0,8976.0,9017.0,127569
2014-10-08,10954,6086,4868,25388,51058,-25670,1874,958,916,38216,58102,-19886,4006,15550,-11544,5478,8057,-2579,134,102,32,9618,23709,-14091,8986.0,9029.0,8928.0,8933.0,103779
2014-10-09,8706,5652,3054,26643,49777,-23134,1880,885,995,37229,56314,-19085,3915,15711,-11796,6207,8600,-2393,134,102,32,10256,24413,-14157,8997.0,9039.0,8948.0,8981.0,139674
2014-10-13,8675,7582,1093,36533,57942,-21409,1882,993,889,47090,66517,-19427,2858,16924,-14066,6293,9075,-2782,134,90,44,9285,26089,-16804,8798.0,8818.0,8712.0,8712.0,157956
2014-10-14,9153,6917,2236,38512,57527,-19015,1895,1006,889,49560,65450,-15890,3455,16328,-12873,6922,9584,-2662,195,50,145,10572,25962,-15390,8730.0,8759.0,8702.0,8745.0,104866
2014-10-15,6230,4330,1900,21198,41590,-20392,2056,829,1227,29484,46749,-17265,1780,9885,-8105,2527,6505,-3978,155,50,105,4462,16440,-11978,8743.0,8763.0,8641.0,8646.0,82391
2014-10-16,4894,5765,-871,22764,42299,-19535,2223,909,1314,29881,48973,-19092,3228,11241,-8013,2641,6556,-3915,155,50,105,6024,17847,-11823,8583.0,8683.0,8506.0,8632.0,177584
2014-10-17,4947,6908,-1961,24542,43969,-19427,2160,1035,1125,31649,51912,-20263,4770,13470,-8700,2625,6522,-3897,175,50,125,7570,20042,-12472,8658.0,8673.0,8497.0,8500.0,174947
2014-10-20,4943,7891,-2948,26788,39798,-13010,2319,874,1445,34050,48563,-14513,6390,11232,-4842,2827,6640,-3813,175,50,125,9392,17922,-8530,8599.0,8681.0,8588.0,8661.0,121860
2014-10-21,5427,9435,-4008,27294,38995,-11701,2309,899,1410,35030,49329,-14299,7062,12279,-5217,2776,6558,-3782,175,50,125,10013,18887,-8874,8655.0,8663.0,8616.0,8636.0,90638
2014-10-22,5704,7764,-2060,28928,39774,-10846,2335,688,1647,36967,48226,-11259,2034,5861,-3827,3038,5647,-2609,175,50,125,5247,11558,-6311,8748.0,8764.0,8714.0,8744.0,96753
2014-10-23,5651,7724,-2073,28183,38721,-10538,1285,603,682,35119,47048,-11929,2628,7015,-4387,2892,5722,-2830,175,50,125,5695,12787,-7092,8732.0,8740.0,8702.0,8721.0,79233
2014-10-24,5676,6603,-927,29132,43015,-13883,1323,594,729,36131,50212,-14081,3234,10063,-6829,2822,5667,-2845,175,0,175,6231,15730,-9499,8742.0,8746.0,8609.0,8642.0,133051
2014-10-27,5217,9112,-3895,30767,38230,-7463,1221,674,547,37205,48016,-10811,3220,9315,-6095,3068,5615,-2547,184,0,184,6472,14930,-8458,8675.0,8686.0,8592.0,8642.0,108102
2014-10-28,6237,9073,-2836,33341,36725,-3384,1254,435,819,40832,46233,-5401,3269,5328,-2059,3416,5842,-2426,184,0,184,6869,11170,-4301,8666.0,8805.0,8663.0,8793.0,127091
2014-10-29,6076,6770,-694,32858,36942,-4084,1432,431,1001,40366,44143,-3777,3823,4096,-273,2997,5678,-2681,175,0,175,6995,9774,-2779,8833.0,8905.0,8818.0,8879.0,106490
2014-10-30,6609,6184,425,31469,38216,-6747,2312,1248,1064,40390,45648,-5258,2976,4614,-1638,2987,5697,-2710,175,0,175,6138,10311,-4173,8878.0,8889.0,8838.0,8881.0,95556
2014-10-31,6584,3606,2978,30050,36670,-6620,2389,1216,1173,39023,41492,-2469,4601,4498,103,2944,5676,-2732,175,0,175,7720,10174,-2454,8887.0,8978.0,8867.0,8978.0,137623
2014-11-03,7243,3283,3960,28999,36876,-7877,2411,1207,1204,38653,41366,-2713,4260,4590,-330,3160,5823,-2663,175,0,175,7595,10413,-2818,8978.0,9027.0,8942.0,8982.0,117415
2014-11-04,6465,3521,2944,29384,34220,-4836,2352,1189,1163,38201,38930,-729,5052,4562,490,3269,5953,-2684,175,0,175,8496,10515,-2019,8984.0,9055.0,8968.0,8992.0,140218
2014-11-05,6509,4388,2121,28118,34162,-6044,2227,1189,1038,36854,39739,-2885,2576,4862,-2286,3248,5933,-2685,175,0,175,5999,10795,-4796,9030.0,9039.0,8960.0,8984.0,111110
2014-11-06,7067,5993,1074,27229,33916,-6687,2157,1215,942,36453,41124,-4671,2780,7232,-4452,3337,6206,-2869,175,0,175,6292,13438,-7146,8976.0,9005.0,8890.0,8902.0,129127
2014-11-07,6366,5183,1183,27985,33060,-5075,2099,1208,891,36450,39451,-3001,2886,6599,-3713,3400,6052,-2652,175,0,175,6461,12651,-6190,8924.0,8943.0,8862.0,8939.0,117608
2014-11-10,5249,5594,-345,37470,34755,2715,2147,1181,966,44866,41530,3336,5624,7041,-1417,3948,6084,-2136,175,0,175,9747,13125,-3378,8965.0,9092.0,8952.0,9074.0,120952
2014-11-11,7322,5983,1339,32826,38096,-5270,2178,1193,985,42326,45272,-2946,4784,8255,-3471,3531,6127,-2596,175,0,175,8490,14382,-5892,9088.0,9105.0,9048.0,9063.0,91460
2014-11-12,7976,5847,2129,26283,35046,-8763,1909,1241,668,36168,42134,-5966,2594,9042,-6448,3291,6039,-2748,175,0,175,6060,15081,-9021,9028.0,9034.0,8901.0,8905.0,141490
2014-11-13,6178,4680,1498,29886,31943,-2057,1912,1126,786,37976,37749,227,2820,6882,-4062,3573,6053,-2480,175,0,175,6568,12935,-6367,8920.0,8978.0,8903.0,8959.0,112842
2014-11-14,6893,4577,2316,28284,29468,-1184,1956,1104,852,37133,35149,1984,3051,6797,-3746,3628,5954,-2326,175,0,175,6854,12751,-5897,8980.0,8996.0,8933.0,8962.0,109824
2014-11-17,7381,5926,1455,35430,33880,1550,1915,1081,834,44726,40887,3839,4078,7548,-3470,3630,5891,-2261,175,0,175,7883,13439,-5556,8959.0,9043.0,8872.0,8900.0,156670
2014-11-18,4994,6549,-1555,36299,36805,-506,1900,1231,669,43193,44585,-1392,2177,9390,-7213,3552,6130,-2578,255,0,255,5984,15520,-9536,8951.0,8958.0,8839.0,8872.0,124772
2014-11-19,2683,4633,-1950,32489,25062,7427,1865,1086,779,37037,30781,6256,1439,5139,-3700,3007,3044,-37,211,0,211,4657,8183,-3526,8905.0,8985.0,8877.0,8953.0,73761
2014-11-20,3244,5049,-1805,37864,24829,13035,2025,1146,879,43133,31024,12109,2615,4813,-2198,3100,3071,29,211,0,211,5926,7884,-1958,9031.0,9104.0,9012.0,9093.0,113333
2014-11-21,4980,4353,627,33852,26039,7813,1955,1197,758,40787,31589,9198,2866,5576,-2710,2606,3019,-413,211,0,211,5683,8595,-2912,9119.0,9125.0,9081.0,9103.0,83395
2014-11-24,6724,3923,2801,29896,23863,6033,1934,1193,741,38554,28979,9575,3731,6478,-2747,2461,2996,-535,211,0,211,6403,9474,-3071,9135.0,9170.0,9109.0,9130.0,77972
2014-11-25,6736,3870,2866,31972,24220,7752,1923,1296,627,40631,29386,11245,4922,7405,-2483,2519,3030,-511,201,0,201,7642,10435,-2793,9116.0,9150.0,9069.0,9107.0,101177
2014-11-26,6512,3558,2954,30466,23817,6649,1976,1399,577,38954,28774,10180,2694,5094,-2400,2447,3070,-623,201,0,201,5342,8164,-2822,9126.0,9143.0,9102.0,9123.0,73155
2014-11-27,5872,4211,1661,34559,23850,10709,2034,1498,536,42465,29559,12906,4329,5254,-925,2308,3064,-756,201,0,201,6838,8318,-1480,9136.0,9235.0,9136.0,9176.0,109702
2014-11-28,6516,4141,2375,33132,23967,9165,2059,1533,526,41707,29641,12066,4674,5922,-1248,2249,3081,-832,201,0,201,7124,9003,-1879,9202.0,9208.0,9174.0,9181.0,57835
2014-12-01,7084,4613,2471,34112,25142,8970,1863,1495,368,43059,31250,11809,5666,6544,-878,2098,3046,-948,201,34,167,7965,9624,-1659,9036.0,9182.0,8991.0,9119.0,158276
2014-12-02,9420,5502,3918,27180,27901,-721,1634,1557,77,38234,34960,3274,6542,11479,-4937,2065,3080,-1015,201,68,133,8808,14627,-5819,9092.0,9098.0,9001.0,9031.0,145718
2014-12-03,8825,3399,5426,35765,28368,7397,1811,1341,470,46401,33108,13293,4384,3543,841,2693,2985,-292,201,68,133,7278,6596,682,9051.0,9215.0,9035.0,9211.0,149036
2014-12-04,9813,3314,6499,31564,29260,2304,2094,1417,677,43471,33991,9480,5017,4994,23,2500,3039,-539,201,68,133,7718,8101,-383,9213.0,9266.0,9201.0,9220.0,97499
2014-12-05,9115,3270,5845,32355,29243,3112,2021,1462,559,43491,33975,9516,5199,5436,-237,2342,3144,-802,201,68,133,7742,8648,-906,9203.0,9231.0,9182.0,9216.0,87093
2014-12-08,10327,3103,7224,29329,31846,-2517,1895,1461,434,41551,36410,5141,4757,7330,-2573,2305,3272,-967,201,68,133,7263,10670,-3407,9264.0,9265.0,9168.0,9185.0,105218
2014-12-09,9053,3540,5513,30267,31181,-914,1726,1513,213,41046,36234,4812,5095,9652,-4557,2383,3467,-1084,201,68,133,7679,13187,-5508,9142.0,9174.0,9121.0,9132.0,92634
2014-12-10,9698,4163,5535,27985,34691,-6706,1600,1474,126,39283,40328,-1045,3642,12309,-8667,1986,3655,-1669,201,68,133,5829,16032,-10203,9092.0,9136.0,9003.0,9046.0,165103
2014-12-11,7643,4183,3460,29983,32615,-2632,1599,1444,155,39225,38242,983,4053,11540,-7487,2648,3996,-1348,201,68,133,6902,15604,-8702,8976.0,9048.0,8958.0,9010.0,116039
2014-12-12,9791,4665,5126,29592,32852,-3260,1613,1445,168,40996,38962,2034,3993,10880,-6887,3348,4661,-1313,201,68,133,7542,15609,-8067,9023.0,9069.0,9003.0,9006.0,98839
2014-12-15,8659,4495,4164,35464,35755,-291,1617,1661,-44,45740,41911,3829,4608,10478,-5870,3435,4377,-942,201,68,133,8244,14923,-6679,8958.0,9038.0,8925.0,9036.0,125072
2014-12-16,7525,4527,2998,39902,45634,-5732,1690,1644,46,49117,51805,-2688,4260,12687,-8427,3329,4519,-1190,201,68,133,7790,17274,-9484,8971.0,9041.0,8963.0,8981.0,122633
2014-12-17,4405,4035,370,27612,36505,-8893,1522,1634,-112,33539,42174,-8635,1277,7844,-6567,1142,1572,-430,201,68,133,2620,9484,-6864,8970.0,8985.0,8834.0,8844.0,81915
2014-12-18,3989,3495,494,26892,34101,-7209,1555,1629,-74,32436,39225,-6789,2225,7873,-5648,1297,1508,-211,201,50,151,3723,9431,-5708,8902.0,8927.0,8857.0,8857.0,101962
2014-12-19,2745,4260,-1515,35841,30509,5332,1803,1549,254,40389,36318,4071,5245,5196,49,1384,1321,63,202,50,152,6831,6567,264,8962.0,9040.0,8958.0,9019.0,148633
2014-12-22,4212,4413,-201,39008,28901,10107,2089,1452,637,45309,34766,10543,7253,4858,2395,1400,1246,154,202,50,152,8855,6154,2701,9031.0,9100.0,9023.0,9096.0,102111
2014-12-23,4137,5013,-876,36710,27530,9180,2090,1433,657,42937,33976,8961,7634,5162,2472,1446,1295,151,202,50,152,9282,6507,2775,9134.0,9140.0,9097.0,9115.0,69691
2014-12-24,4855,5217,-362,37563,27394,10169,2208,1506,702,44626,34117,10509,7896,3361,4535,1484,1258,226,202,50,152,9582,4669,4913,9120.0,9183.0,9103.0,9176.0,93125
2014-12-25,5068,5224,-156,37082,26597,10485,2259,1503,756,44409,33324,11085,8586,3640,4946,1472,1261,211,202,50,152,10260,4951,5309,9171.0,9195.0,9162.0,9183.0,44950
2014-12-26,5886,5525,361,37089,26877,10212,2242,1499,743,45217,33901,11316,8967,4437,4530,1445,1311,134,202,50,152,10614,5798,4816,9178.0,9230.0,9173.0,9226.0,73031
2014-12-27,6337,4974,1363,36957,27189,9768,2202,1500,702,45496,33663,11833,10266,4622,5644,1447,1311,136,202,50,152,11915,5983,5932,9235.0,9257.0,9226.0,9256.0,27720
2014-12-29,6504,7260,-756,40987,26499,14488,2124,1487,637,49615,35246,14369,12621,5812,6809,1477,1275,202,202,50,152,14300,7137,7163,9245.0,9336.0,9241.0,9314.0,98576
2014-12-30,6725,6909,-184,37325,26452,10873,1874,1483,391,45924,34844,11080,11773,6139,5634,1480,1418,62,202,50,152,13455,7607,5848,9320.0,9343.0,9268.0,9286.0,92786
2014-12-31,5656,8038,-2382,37651,25818,11833,1791,1513,278,45098,35369,9729,7530,4206,3324,1572,1484,88,202,50,152,9304,5740,3564,9286.0,9303.0,9252.0,9283.0,75117
2015-01-05,6605,7550,-945,37032,25526,11506,1772,1552,220,45409,34628,10781,8070,5381,2689,1762,1463,299,202,50,152,10034,6894,3140,9238.0,9276.0,9155.0,9252.0,120487
2015-01-06,5654,5919,-265,31590,27901,3689,1611,1572,39,38855,35392,3463,3028,6749,-3721,1599,1575,24,202,50,152,4829,8374,-3545,9144.0,9153.0,9017.0,9058.0,148125
2015-01-07,4530,5724,-1194,34473,28812,5661,1424,1576,-152,40427,36112,4315,2444,6964,-4520,1450,1541,-91,202,60,142,4096,8565,-4469,9042.0,9092.0,9033.0,9045.0,93314
2015-01-08,7589,6820,769,40613,27432,13181,1757,1340,417,49959,35592,14367,8328,5960,2368,1722,1369,353,202,60,142,10252,7389,2863,9116.0,9259.0,9115.0,9257.0,131883
2015-01-09,6410,5015,1395,34043,29005,5038,1737,1343,394,42190,35363,6827,7276,8239,-963,1553,1778,-225,202,60,142,9031,10077,-1046,9328.0,9335.0,9217.0,9230.0,117874
2015-01-12,5555,7397,-1842,38781,28692,10089,1727,1347,380,46063,37436,8627,7928,8546,-618,1611,1654,-43,202,60,142,9741,10260,-519,9190.0,9238.0,9157.0,9185.0,97827
2015-01-13,6638,8721,-2083,43010,29131,13879,1722,1546,176,51370,39398,11972,8772,8360,412,1638,1737,-99,202,60,142,10612,10157,455,9194.0,9275.0,9159.0,9249.0,127705
2015-01-14,4655,7789,-3134,37433,29034,8399,1657,1826,-169,43745,38649,5096,5399,7036,-1637,1564,1956,-392,202,60,142,7165,9052,-1887,9235.0,9247.0,9151.0,9171.0,122662
2015-01-15,4993,6179,-1186,39626,30273,9353,1670,1838,-168,46289,38290,7999,5380,6758,-1378,1699,1758,-59,202,60,142,7281,8576,-1295,9187.0,9230.0,9130.0,9195.0,116348
2015-01-16,5194,6526,-1332,40818,32095,8723,1742,1885,-143,47754,40506,7248,4558,7590,-3032,1593,2100,-507,202,60,142,6353,9750,-3397,9175.0,9229.0,9082.0,9115.0,160290
2015-01-19,4803,4835,-32,40176,30000,10176,1821,1885,-64,46800,36720,10080,5810,8587,-2777,1672,1990,-318,202,63,139,7684,10640,-2956,9211.0,9260.0,9142.0,9181.0,134142
2015-01-20,4799,7181,-2382,47693,32673,15020,1837,1924,-87,54329,41778,12551,8205,8508,-303,1899,1762,137,202,63,139,10306,10333,-27,9220.0,9269.0,9183.0,9268.0,121592
2015-01-21,1811,4766,-2955,35824,20527,15297,1641,1937,-296,39276,27230,12046,3306,4339,-1033,1897,706,1191,222,63,159,5425,5108,317,9282.0,9316.0,9274.0,9308.0,64253
2015-01-22,2422,4611,-2189,38881,22093,16788,1774,2074,-300,43077,28778,14299,4274,5309,-1035,2100,782,1318,222,63,159,6596,6154,442,9360.0,9404.0,9342.0,9388.0,108180
2015-01-23,2130,6142,-4012,41224,21883,19341,1940,2140,-200,45294,30165,15129,5235,4854,381,2134,745,1389,222,63,159,7591,5662,1929,9455.0,9488.0,9443.0,9461.0,92808
2015-01-26,2485,5002,-2517,43349,22409,20940,1931,2173,-242,47765,29584,18181,6269,4906,1363,2087,724,1363,222,63,159,8578,5693,2885,9448.0,9478.0,9433.0,9466.0,68310
2015-01-27,2820,6309,-3489,41099,22967,18132,1920,2198,-278,45839,31474,14365,7551,5713,1838,1985,760,1225,222,63,159,9758,6536,3222,9522.0,9539.0,9480.0,9523.0,90397
2015-01-28,2534,6013,-3479,43992,22447,21545,2007,2292,-285,48533,30752,17781,6813,3749,3064,2229,855,1374,222,63,159,9264,4667,4597,9478.0,9534.0,9474.0,9526.0,75013
2015-01-29,1889,7285,-5396,40516,25526,14990,1960,2469,-509,44365,35280,9085,4424,6042,-1618,2147,901,1246,222,63,159,6793,7006,-213,9497.0,9502.0,9426.0,9428.0,116368
2015-01-30,1632,7086,-5454,39440,25351,14089,1912,2567,-655,42984,35004,7980,4907,7489,-2582,2176,962,1214,222,63,159,7305,8514,-1209,9460.0,9472.0,9385.0,9400.0,97244
2015-02-02,2136,8074,-5938,44431,27429,17002,1975,2684,-709,48542,38187,10355,6039,8487,-2448,2250,900,1350,222,63,159,8511,9450,-939,9389.0,9433.0,9370.0,9419.0,85483
2015-02-03,2671,6829,-4158,44825,28594,16231,1991,2481,-490,49487,37904,11583,7532,9241,-1709,2396,903,1493,222,63,159,10150,10207,-57,9434.0,9485.0,9407.0,9464.0,95115
2015-02-04,3045,6006,-2961,43731,27608,16123,2052,2463,-411,48828,36077,12751,7200,7594,-394,2407,899,1508,222,63,159,9829,8556,1273,9526.0,9556.0,9512.0,9521.0,86781
2015-02-05,3528,5739,-2211,43823,26308,17515,2005,2509,-504,49356,34556,14800,7731,8550,-819,2534,895,1639,222,63,159,10487,9508,979,9521.0,9521.0,9470.0,9514.0,79030
2015-02-06,5192,4973,219,38812,27735,11077,1874,2553,-679,45878,35261,10617,6063,9703,-3640,2280,917,1363,222,63,159,8565,10683,-2118,9536.0,9543.0,9459.0,9469.0,96048
2015-02-09,4488,6095,-1607,42828,28134,14694,1778,2597,-819,49094,36826,12268,6566,10351,-3785,2367,917,1450,222,63,159,9155,11331,-2176,9439.0,9466.0,9416.0,9450.0,78599
2015-02-10,5750,7352,-1602,40412,31365,9047,1559,2612,-1053,47721,41329,6392,6071,11870,-5799,2090,974,1116,222,63,159,8383,12907,-4524,9468.0,9473.0,9419.0,9432.0,86724
2015-02-11,4889,5992,-1103,44267,31785,12482,1764,2578,-814,50920,40355,10565,4194,8649,-4455,2389,1142,1247,222,63,159,6805,9854,-3049,9462.0,9509.0,9457.0,9480.0,88756
2015-02-12,6109,5845,264,46696,37018,9678,1590,2622,-1032,54395,45485,8910,2500,6798,-4298,2270,1146,1124,222,63,159,4992,8007,-3015,9499.0,9500.0,9461.0,9480.0,80128
2015-02-13,6077,6519,-442,50324,36194,14130,1774,2530,-756,58175,45243,12932,3354,6675,-3321,2530,1102,1428,222,63,159,6106,7840,-1734,9510.0,9548.0,9505.0,9514.0,85659
2015-02-24,3372,3139,233,42779,25018,17761,1682,2621,-939,47833,30778,17055,3508,1154,2354,2905,784,2121,182,63,119,6595,2001,4594,9582.0,9640.0,9582.0,9622.0,46780
2015-02-25,2662,2779,-117,44639,23756,20883,1684,2601,-917,48985,29136,19849,6265,1227,5038,2552,816,1736,182,63,119,8999,2106,6893,9694.0,9696.0,9660.0,9684.0,66977
2015-02-26,3060,2968,92,42408,25545,16863,1631,2645,-1014,47099,31158,15941,5368,2386,2982,2529,831,1698,182,31,151,8079,3248,4831,9691.0,9692.0,9633.0,9649.0,72451
2015-03-02,4401,3224,1177,39728,28116,11612,1618,2659,-1041,45747,33999,11748,5537,4636,901,2547,873,1674,182,31,151,8266,5540,2726,9658.0,9683.0,9615.0,9631.0,77036
2015-03-03,5898,4154,1744,37693,29868,7825,1651,2647,-996,45242,36669,8573,5236,5484,-248,2494,897,1597,182,31,151,7912,6412,1500,9645.0,9658.0,9580.0,9614.0,88385
2015-03-04,4169,3049,1120,39979,28771,11208,1645,2666,-1021,45793,34486,11307,3810,2592,1218,2781,903,1878,182,31,151,6773,3526,3247,9580.0,9638.0,9571.0,9622.0,73997
2015-03-05,4741,2691,2050,39317,31315,8002,1540,2686,-1146,45598,36692,8906,4632,4378,254,2656,972,1684,182,31,151,7470,5381,2089,9622.0,9632.0,9551.0,9589.0,94585
2015-03-06,6129,2455,3674,40852,30837,10015,1522,2677,-1155,48503,35969,12534,5816,4257,1559,2615,1050,1565,182,31,151,8613,5338,3275,9591.0,9644.0,9566.0,9638.0,87662
2015-03-09,6235,3103,3132,39342,33129,6213,1576,2763,-1187,47153,38995,8158,5001,5509,-508,2306,1249,1057,182,31,151,7489,6789,700,9580.0,9595.0,9547.0,9576.0,89409
2015-03-10,7051,3591,3460,39980,35636,4344,1587,3138,-1551,48618,42365,6253,5700,7726,-2026,2142,1419,723,182,31,151,8024,9176,-1152,9574.0,9585.0,9514.0,9528.0,103983
2015-03-11,5384,4174,1210,43615,32741,10874,1727,3264,-1537,50726,40179,10547,3415,4340,-925,2934,1462,1472,182,31,151,6531,5833,698,9466.0,9544.0,9450.0,9519.0,103946
2015-03-12,7273,3716,3557,45727,32116,13611,1750,3179,-1429,54750,39011,15739,5645,4409,1236,3199,1319,1880,182,31,151,9026,5759,3267,9529.0,9609.0,9508.0,9607.0,101568
2015-03-13,6253,4560,1693,44319,35021,9298,1767,3179,-1412,52339,42760,9579,5518,5345,173,2827,1324,1503,182,31,151,8527,6700,1827,9616.0,9634.0,9584.0,9598.0,82971
2015-03-16,4989,5910,-921,44666,37266,7400,1711,3250,-1539,51366,46426,4940,3577,4800,-1223,2483,1634,849,182,43,139,6242,6477,-235,9585.0,9594.0,9535.0,9546.0,100282
2015-03-17,5187,6147,-960,46420,39853,6567,1714,3115,-1401,53321,49115,4206,4247,5833,-1586,2357,1829,528,182,43,139,6786,7705,-919,9580.0,9644.0,9547.0,9554.0,123433
2015-03-18,2355,5414,-3059,47190,28226,18964,1765,2845,-1080,51310,36485,14825,5772,4090,1682,2310,981,1329,182,43,139,8264,5114,3150,9558.0,9649.0,9558.0,9633.0,67737
2015-03-19,4816,5840,-1024,46801,29175,17626,1917,2920,-1003,53534,37935,15599,6970,5288,1682,2229,997,1232,182,43,139,9381,6328,3053,9734.0,9769.0,9708.0,9766.0,100024
2015-03-20,5340,5521,-181,45524,32494,13030,1910,2943,-1033,52774,40958,11816,5742,5770,-28,1980,1041,939,182,43,139,7904,6854,1050,9742.0,9770.0,9733.0,9757.0,66890
2015-03-23,5820,4800,1020,42928,31623,11305,1965,2940,-975,50713,39363,11350,6514,6081,433,2009,1097,912,182,43,139,8705,7221,1484,9761.0,9769.0,9726.0,9749.0,75804
2015-03-24,5299,4938,361,42434,33115,9319,1939,3276,-1337,49672,41329,8343,6117,6596,-479,2006,1107,899,202,43,159,8325,7746,579,9728.0,9755.0,9696.0,9721.0,89879
2015-03-25,4129,6892,-2763,38929,33042,5887,1836,3336,-1500,44894,43270,1624,3498,6860,-3362,1908,1186,722,202,43,159,5608,8089,-2481,9721.0,9731.0,9673.0,9689.0,95109
2015-03-26,4517,7043,-2526,39244,34040,5204,1765,3645,-1880,45526,44728,798,2548,8015,-5467,1965,1462,503,202,43,159,4715,9520,-4805,9580.0,9635.0,9567.0,9609.0,110206
2015-03-27,6363,7256,-893,34614,38359,-3745,1627,4756,-3129,42604,50371,-7767,2853,11053,-8200,1540,1534,6,202,43,159,4595,12630,-8035,9609.0,9628.0,9525.0,9541.0,126327
2015-03-30,5785,7426,-1641,35566,38010,-2444,1601,4746,-3145,42952,50182,-7230,2740,10627,-7887,1679,1589,90,202,43,159,4621,12259,-7638,9511.0,9562.0,9511.0,9552.0,83437
2015-03-31,5788,6647,-859,35606,37745,-2139,1491,4496,-3005,42885,48888,-6003,3258,9932,-6674,1812,1684,128,202,43,159,5272,11659,-6387,9600.0,9610.0,9545.0,9582.0,98624
2015-04-01,4946,7193,-2247,36635,38616,-1981,1600,4645,-3045,43181,50454,-7273,2606,8884,-6278,1740,1987,-247,202,43,159,4548,10914,-6366,9540.0,9552.0,9487.0,9507.0,111444
2015-04-02,6239,6968,-729,39350,35227,4123,1717,4491,-2774,47306,46686,620,4259,7730,-3471,1955,1532,423,202,0,202,6416,9262,-2846,9538.0,9630.0,9535.0,9613.0,114119
2015-04-07,7775,6613,1162,36695,35652,1043,1961,4446,-2485,46431,46711,-280,4373,8226,-3853,2128,1530,598,202,0,202,6703,9756,-3053,9653.0,9660.0,9612.0,9629.0,72558
2015-04-08,6488,6669,-181,35076,38188,-3112,1894,4526,-2632,43458,49383,-5925,2590,8941,-6351,1870,1744,126,202,0,202,4662,10685,-6023,9633.0,9635.0,9558.0,9570.0,93175
2015-04-09,5769,7930,-2161,36934,35555,1379,1903,4549,-2646,44606,48034,-3428,2967,8210,-5243,1935,1692,243,202,0,202,5104,9902,-4798,9579.0,9676.0,9564.0,9572.0,149624
2015-04-10,6796,7990,-1194,38496,36086,2410,1900,4570,-2670,47192,48646,-1454,3894,7398,-3504,2376,1444,932,202,0,202,6472,8842,-2370,9628.0,9665.0,9592.0,9631.0,120457
2015-04-13,8691,6326,2365,37942,38104,-162,2181,4569,-2388,48814,48999,-185,4308,8279,-3971,2236,1366,870,202,0,202,6746,9645,-2899,9673.0,9683.0,9633.0,9658.0,93462
2015-04-14,8618,6563,2055,40500,41914,-1414,2204,4553,-2349,51322,53030,-1708,3980,8718,-4738,2470,1490,980,202,0,202,6652,10208,-3556,9641.0,9672.0,9626.0,9645.0,84520
2015-04-15,5003,5178,-175,32787,36875,-4088,1680,4664,-2984,39470,46717,-7247,2602,3020,-418,1310,1998,-688,202,0,202,4114,5018,-904,9626.0,9654.0,9507.0,9519.0,83539
2015-04-16,5347,3573,1774,36221,28578,7643,1824,4644,-2820,43392,36795,6597,8247,2418,5829,1917,1350,567,202,0,202,10366,3768,6598,9561.0,9649.0,9548.0,9647.0,125788
2015-04-17,3956,4897,-941,31624,32256,-632,1820,4658,-2838,37400,41811,-4411,6114,4504,1610,1530,1477,53,202,0,202,7846,5981,1865,9619.0,9629.0,9569.0,9584.0,105924
2015-04-20,3068,6042,-2974,34005,33435,570,1734,4760,-3026,38807,44237,-5430,6707,5071,1636,1822,1386,436,202,0,202,8731,6457,2274,9530.0,9583.0,9506.0,9561.0,124844
2015-04-21,3131,6297,-3166,33668,38781,-5113,1715,4787,-3072,38514,49865,-11351,6462,6273,189,1574,1508,66,202,0,202,8238,7781,457,9585.0,9613.0,9535.0,9556.0,109112
2015-04-22,3300,5532,-2232,36122,30631,5491,1798,4559,-2761,41220,40722,498,7281,3586,3695,2306,1189,1117,203,0,203,9790,4775,5015,9561.0,9636.0,9561.0,9613.0,140112
2015-04-23,8764,5642,3122,43015,31555,11460,2013,4160,-2147,53792,41357,12435,16509,4813,11696,2510,991,1519,207,0,207,19226,5804,13422,9656.0,9854.0,9652.0,9838.0,186347
2015-04-24,10908,6316,4592,43869,38653,5216,2147,3811,-1664,56924,48780,8144,18834,7093,11741,2611,1797,814,210,0,210,21655,8890,12765,9880.0,10000.0,9860.0,9920.0,206172
2015-04-27,12397,5947,6450,50569,41389,9180,2047,3674,-1627,65013,51010,14003,20865,7783,13082,3433,1804,1629,202,0,202,24500,9587,14913,9958.0,10031.0,9945.0,10019.0,147811
2015-04-28,11924,5846,6078,49930,44229,5701,2056,3680,-1624,63910,53755,10155,19976,8621,11355,4449,2949,1500,202,0,202,24627,11570,13057,10022.0,10033.0,9963.0,9990.0,105272
2015-04-29,6881,5380,1501,56554,49719,6835,1921,3799,-1878,65356,58898,6458,12946,5755,7191,4796,3520,1276,202,0,202,17944,9275,8669,9978.0,10022.0,9882.0,9909.0,173931
2015-04-30,7448,5725,1723,57103,53290,3813,1806,3911,-2105,66357,62926,3431,12506,7120,5386,5961,4719,1242,202,0,202,18669,11839,6830,9902.0,9930.0,9858.0,9874.0,130960
2015-05-04,9219,5830,3389,56154,54110,2044,1839,3921,-2082,67212,63861,3351,12537,8410,4127,6910,5812,1098,202,0,202,19649,14222,5427,9897.0,9911.0,9824.0,9886.0,112699
2015-05-05,8333,6025,2308,54953,55626,-673,1832,3960,-2128,65118,65611,-493,13351,9045,4306,7577,6827,750,202,0,202,21130,15872,5258,9866.0,9878.0,9814.0,9849.0,102568
2015-05-06,9081,6846,2235,56440,58268,-1828,1775,3817,-2042,67296,68931,-1635,14151,9531,4620,8020,7267,753,202,0,202,22373,16798,5575,9802.0,9865.0,9763.0,9847.0,117999
2015-05-07,9478,9242,236,51340,59706,-8366,1576,3891,-2315,62394,72839,-10445,13407,11667,1740,2028,8749,-6721,202,0,202,15637,20416,-4779,9786.0,9808.0,9745.0,9753.0,130534
2015-05-08,8572,8870,-298,50859,62733,-11874,1440,3953,-2513,60871,75556,-14685,14303,12051,2252,2028,9903,-7875,202,0,202,16533,21954,-5421,9769.0,9783.0,9713.0,9721.0,92550
2015-05-11,10673,9991,682,51365,67352,-15987,1475,3962,-2487,63513,81305,-17792,16693,14329,2364,1987,11016,-9029,202,0,202,18882,25345,-6463,9800.0,9814.0,9657.0,9723.0,155184
2015-05-12,9349,8270,1079,55287,71519,-16232,1473,4455,-2982,66109,84244,-18135,15988,14233,1755,2021,11543,-9522,202,0,202,18211,25776,-7565,9707.0,9748.0,9673.0,9706.0,115207
2015-05-13,9012,9142,-130,58301,72753,-14452,1498,4495,-2997,68811,86390,-17579,13212,8103,5109,2063,11661,-9598,202,0,202,15477,19764,-4287,9712.0,9776.0,9697.0,9739.0,114681
2015-05-14,10417,8880,1537,52377,75207,-22830,1459,4796,-3337,64253,88883,-24630,14779,12877,1902,1750,12511,-10761,202,0,202,16731,25388,-8657,9737.0,9741.0,9599.0,9604.0,138661
2015-05-15,10692,9615,1077,49493,67488,-17995,1443,4829,-3386,61628,81932,-20304,15323,12489,2834,1751,12979,-11228,202,0,202,17276,25468,-8192,9635.0,9642.0,9541.0,9575.0,129471
2015-05-18,10756,8964,1792,49547,67237,-17690,1522,4575,-3053,61825,80776,-18951,14872,11572,3300,1972,13032,-11060,202,0,202,17046,24604,-7558,9612.0,9614.0,9552.0,9598.0,102650
2015-05-19,9908,8120,1788,57543,70393,-12850,1722,4217,-2495,69173,82730,-13557,15090,8489,6601,2197,12892,-10695,202,0,202,17489,21381,-3892,9616.0,9723.0,9602.0,9702.0,131463
2015-05-20,8230,2765,5465,34919,50854,-15935,1657,3874,-2217,44806,57493,-12687,4171,2727,1444,2047,11709,-9662,202,0,202,6420,14436,-8016,9704.0,9725.0,9657.0,9668.0,73133
2015-05-21,9282,3372,5910,33590,51634,-18044,1622,4086,-2464,44494,59092,-14598,5437,6197,-760,1834,12416,-10582,202,0,202,7473,18613,-11140,9645.0,9648.0,9512.0,9541.0,128659
2015-05-22,9279,3179,6100,34832,47620,-12788,1753,4080,-2327,45864,54879,-9015,7939,4275,3664,2079,12021,-9942,202,0,202,10220,16296,-6076,9562.0,9649.0,9546.0,9625.0,110540
2015-05-25,9139,2982,6157,35496,45278,-9782,1733,4077,-2344,46368,52337,-5969,9046,4505,4541,2073,12120,-10047,202,0,202,11321,16625,-5304,9603.0,9640.0,9550.0,9630.0,94010
2015-05-26,9004,3137,5867,34447,44373,-9926,1803,3803,-2000,45254,51313,-6059,9487,5583,3904,1932,12266,-10334,202,0,202,11621,17849,-6228,9613.0,9725.0,9606.0,9659.0,113898
2015-05-27,6443,3792,2651,37606,42193,-4587,1791,3896,-2105,45840,49881,-4041,7792,3346,4446,2182,12123,-9941,202,0,202,10176,15469,-5293,9607.0,9698.0,9601.0,9661.0,109490
2015-05-28,7001,3544,3457,40653,41769,-1116,1809,3673,-1864,49463,48986,477,10695,3951,6744,2124,12089,-9965,202,0,202,13021,16040,-3019,9711.0,9750.0,9683.0,9731.0,113114
2015-05-29,7218,3254,3964,39757,45602,-5845,1780,3729,-1949,48755,52585,-3830,9748,5019,4729,2014,12291,-10277,202,0,202,11964,17310,-5346,9741.0,9765.0,9688.0,9703.0,105530
2015-06-01,8351,4003,4348,37995,48902,-10907,1595,3923,-2328,47941,56828,-8887,10094,7541,2553,1980,12828,-10848,202,0,202,12276,20369,-8093,9668.0,9713.0,9601.0,9630.0,117845
2015-06-02,6803,4409,2394,38886,45681,-6795,1577,4104,-2527,47266,54194,-6928,10390,8509,1881,2021,12339,-10318,202,0,202,12613,20848,-8235,9586.0,9639.0,9565.0,9607.0,103681
2015-06-03,8178,3841,4337,29635,47476,-17841,1568,4153,-2585,39381,55470,-16089,5088,6878,-1790,2008,12854,-10846,202,0,202,7298,19732,-12434,9640.0,9648.0,9535.0,9547.0,124180
2015-06-04,9532,5497,4035,26099,51269,-25170,1402,4772,-3370,37033,61538,-24505,5945,9298,-3353,2001,12685,-10684,202,0,202,8148,21983,-13835,9531.0,9553.0,9301.0,9310.0,202135
2015-06-05,8469,6020,2449,29957,50706,-20749,1436,4670,-3234,39862,61396,-21534,6789,9261,-2472,2068,12309,-10241,202,0,202,9059,21570,-12511,9324.0,9347.0,9269.0,9308.0,125037
2015-06-08,8687,5132,3555,30368,51707,-21339,1472,4538,-3066,40527,61377,-20850,8262,10063,-1801,2263,12148,-9885,202,0,202,10727,22211,-11484,9312.0,9404.0,9235.0,9348.0,134575
2015-06-09,7606,7150,456,33877,52023,-18146,1444,4755,-3311,42927,63928,-21001,9196,11616,-2420,2284,12054,-9770,202,0,202,11682,23670,-11988,9303.0,9346.0,9201.0,9237.0,142752
2015-06-10,7928,7392,536,35512,53993,-18481,1502,4368,-2866,44942,65753,-20811,7759,9491,-1732,2351,11969,-9618,202,0,202,10312,21460,-11148,9256.0,9328.0,9252.0,9284.0,122486
2015-06-11,7856,6098,1758,35361,54499,-19138,1440,4390,-2950,44657,64987,-20330,7708,9114,-1406,2401,11958,-9557,202,0,202,10311,21072,-10761,9328.0,9333.0,9224.0,9288.0,119493
2015-06-12,9265,7672,1593,39084,55662,-16578,1467,4432,-2965,49816,67766,-17950,8393,10389,-1996,2417,12063,-9646,202,0,202,11012,22452,-11440,9272.0,9314.0,9230.0,9267.0,106398
2015-06-15,7526,7116,410,37309,52112,-14803,1483,4470,-2987,46318,63698,-17380,8234,8430,-196,2495,12025,-9530,202,0,202,10931,20455,-9524,9272.0,9318.0,9220.0,9244.0,119565
2015-06-16,7563,7434,129,38197,52499,-14302,1561,4780,-3219,47321,64713,-17392,8832,10169,-1337,2366,12188,-9822,202,0,202,11400,22357,-10957,9244.0,9258.0,9164.0,9215.0,119914
2015-06-17,6809,2748,4061,20564,30938,-10374,1619,4472,-2853,28992,38158,-9166,3231,7485,-4254,461,10872,-10411,202,0,202,3894,18357,-14463,9215.0,9237.0,9177.0,9182.0,61706
2015-06-18,7509,2649,4860,22391,30865,-8474,1681,4708,-3027,31581,38222,-6641,3686,7910,-4224,550,10896,-10346,202,0,202,4438,18806,-14368,9044.0,9078.0,9011.0,9049.0,101634
2015-06-22,7622,3043,4579,26520,31163,-4643,1846,4338,-2492,35988,38544,-2556,4432,6790,-2358,342,10753,-10411,202,0,202,4976,17543,-12567,9108.0,9203.0,9105.0,9182.0,103562
2015-06-23,8151,2880,5271,26838,32219,-5381,1846,4277,-2431,36835,39376,-2541,4587,6551,-1964,190,10718,-10528,202,0,202,4979,17269,-12290,9221.0,9268.0,9208.0,9231.0,106239
2015-06-24,6602,3458,3144,28507,27678,829,1806,4117,-2311,36915,35253,1662,3670,4454,-784,217,10566,-10349,202,0,202,4089,15020,-10931,9215.0,9248.0,9193.0,9247.0,80540
2015-06-25,5981,3983,1998,31951,29061,2890,1902,3920,-2018,39834,36964,2870,5746,6012,-266,358,10380,-10022,202,0,202,6306,16392,-10086,9268.0,9370.0,9263.0,9340.0,134204
2015-06-26,6755,3615,3140,30318,31019,-701,2455,3794,-1339,39528,38428,1100,6444,6399,45,435,10404,-9969,221,0,221,7100,16803,-9703,9348.0,9348.0,9300.0,9321.0,72218
2015-06-29,7044,5047,1997,28611,30496,-1885,2687,4030,-1343,38342,39573,-1231,6301,8229,-1928,258,10613,-10355,243,0,243,6802,18842,-12040,9195.0,9222.0,9109.0,9138.0,128844
2015-06-30,6033,5159,874,31571,28610,2961,2820,4058,-1238,40424,37827,2597,7116,7505,-389,516,10424,-9908,248,0,248,7880,17929,-10049,9146.0,9217.0,9124.0,9212.0,103641
2015-07-01,6130,4012,2118,33160,27027,6133,2943,3885,-942,42233,34924,7309,5307,3721,1586,685,10442,-9757,248,0,248,6240,14163,-7923,9185.0,9319.0,9184.0,9294.0,124416
2015-07-02,7206,3058,4148,31393,28326,3067,3133,3854,-721,41732,35238,6494,5698,4235,1463,429,10442,-10013,248,0,248,6375,14677,-8302,9300.0,9325.0,9260.0,9277.0,91473
2015-07-03,7140,2928,4212,32349,28689,3660,3157,3854,-697,42646,35471,7175,7044,5721,1323,321,8816,-8495,252,0,252,7617,14537,-6920,9258.0,9305.0,9171.0,9304.0,133033
2015-07-06,6885,3646,3239,32055,30122,1933,3150,3982,-832,42090,37750,4340,7398,8170,-772,204,8944,-8740,252,0,252,7854,17114,-9260,9235.0,9297.0,9182.0,9197.0,124973
2015-07-07,5958,5237,721,34587,29743,4844,3091,3914,-823,43636,38894,4742,7057,8445,-1388,166,8835,-8669,252,0,252,7475,17280,-9805,9260.0,9303.0,9210.0,9242.0,131787
2015-07-08,7572,5394,2178,30634,37454,-6820,2970,4472,-1502,41176,47320,-6144,3374,9843,-6469,103,10002,-9899,257,0,257,3734,19845,-16111,9205.0,9210.0,8912.0,8943.0,208496
2015-07-09,8224,5663,2561,29493,36639,-7146,2990,4740,-1750,40707,47042,-6335,3855,10338,-6483,91,9470,-9379,257,0,257,4203,19808,-15605,8801.0,8939.0,8724.0,8873.0,193187
2015-07-13,12527,6035,6492,34252,37659,-3407,3088,4502,-1414,49867,48196,1671,5088,7481,-2393,122,9103,-8981,262,0,262,5472,16584,-11112,8935.0,9005.0,8902.0,8994.0,156806
2015-07-14,10514,4917,5597,38606,38860,-254,3385,4405,-1020,52505,48182,4323,5676,6742,-1066,328,9259,-8931,269,0,269,6273,16001,-9728,9040.0,9084.0,8982.0,8984.0,136144
2015-07-15,5119,2817,2302,28110,27754,356,3685,4321,-636,36914,34892,2022,3940,4893,-953,168,8415,-8247,94,180,-86,4202,13488,-9286,9040.0,9078.0,8989.0,9030.0,88463
2015-07-16,5426,3042,2384,25914,29026,-3112,3774,3870,-96,35114,35938,-824,5065,6610,-1545,199,8422,-8223,94,180,-86,5358,15212,-9854,8935.0,8983.0,8900.0,8918.0,132945
2015-07-17,5657,2864,2793,27360,27826,-466,3709,3855,-146,36726,34545,2181,6043,6580,-537,273,8452,-8179,94,180,-86,6410,15212,-8802,8906.0,8935.0,8871.0,8912.0,112382
2015-07-20,5350,3945,1405,26439,29542,-3103,3705,3929,-224,35494,37416,-1922,7207,9341,-2134,196,8620,-8424,95,180,-85,7498,18141,-10643,8970.0,9027.0,8804.0,8851.0,155272
2015-07-21,5335,3929,1406,26747,25584,1163,3718,4013,-295,35800,33526,2274,8675,8493,182,254,8442,-8188,95,180,-85,9024,17115,-8091,8887.0,8940.0,8815.0,8936.0,130287
2015-07-22,4612,5100,-488,22927,30124,-7197,3777,3981,-204,31316,39205,-7889,3337,8163,-4826,154,9064,-8910,101,180,-79,3592,17407,-13815,8882.0,8883.0,8795.0,8815.0,141837
2015-07-23,6053,5211,842,21027,31757,-10730,3785,4267,-482,30865,41235,-10370,3987,10463,-6476,119,9150,-9031,88,180,-92,4194,19793,-15599,8778.0,8822.0,8670.0,8755.0,172952
2015-07-24,5878,5177,701,21291,31448,-10157,3731,4446,-715,30900,41071,-10171,4335,11380,-7045,124,9363,-9239,88,180,-92,4547,20923,-16376,8720.0,8740.0,8653.0,8684.0,119108
2015-07-27,6425,6835,-410,23368,30034,-6666,3590,4718,-1128,33383,41587,-8204,4518,13633,-9115,71,9250,-9179,96,180,-84,4685,23063,-18378,8637.0,8670.0,8493.0,8522.0,166804
2015-07-28,6804,6907,-103,22283,32130,-9847,3597,4267,-670,32684,43304,-10620,4446,15514,-11068,66,9416,-9350,96,180,-84,4608,25110,-20502,8500.0,8591.0,8480.0,8541.0,144721
2015-07-29,7497,6772,725,22356,33763,-11407,3717,4264,-547,33570,44799,-11229,2745,13363,-10618,74,9114,-9040,98,180,-82,2917,22657,-19740,8533.0,8548.0,8440.0,8484.0,163354
2015-07-30,6847,6879,-32,24903,30898,-5995,3620,4048,-428,35370,41825,-6455,3500,10097,-6597,725,8789,-8064,98,180,-82,4323,19066,-14743,8520.0,8632.0,8509.0,8610.0,145799
2015-07-31,7110,5804,1306,23791,34003,-10212,3651,3910,-259,34552,43717,-9165,3056,9683,-6627,128,8987,-8859,98,180,-82,3282,18850,-15568,8593.0,8606.0,8508.0,8570.0,134719
2015-08-03,5927,6808,-881,27534,33850,-6316,3550,3964,-414,37011,44622,-7611,4046,8832,-4786,130,8861,-8731,103,180,-77,4279,17873,-13594,8546.0,8548.0,8400.0,8452.0,136785
2015-08-04,4364,8859,-4495,27326,31418,-4092,3443,3963,-520,35133,44240,-9107,3720,9341,-5621,195,8822,-8627,103,180,-77,4018,18343,-14325,8487.0,8552.0,8416.0,8465.0,167590
2015-08-05,5353,7936,-2583,25663,30177,-4514,3470,3764,-294,34486,41877,-7391,3528,8422,-4894,290,8789,-8499,105,180,-75,3923,17391,-13468,8504.0,8547.0,8448.0,8523.0,145106
2015-08-06,4969,8873,-3904,26227,35137,-8910,3447,3827,-380,34643,47837,-13194,4356,10375,-6019,81,9281,-9200,105,180,-75,4542,19836,-15294,8541.0,8579.0,8366.0,8390.0,179725
2015-08-07,4883,9778,-4895,28167,31790,-3623,3624,4021,-397,36674,45589,-8915,5368,10718,-5350,241,8899,-8658,93,180,-87,5702,19797,-14095,8360.0,8423.0,8312.0,8389.0,148962
2015-08-10,6507,9528,-3021,27658,32476,-4818,3684,3998,-314,37849,46002,-8153,6729,10956,-4227,540,8870,-8330,93,180,-87,7362,20006,-12644,8405.0,8461.0,8345.0,8445.0,143249
2015-08-11,5027,11195,-6168,30786,32750,-1964,3678,3638,40,39491,47583,-8092,7650,12903,-5253,551,8973,-8422,93,180,-87,8294,22056,-13762,8505.0,8556.0,8358.0,8360.0,185332
2015-08-12,5401,14142,-8741,28984,28301,683,3661,3659,2,38046,46102,-8056,3662,8769,-5107,741,4805,-4064,95,180,-85,4498,13754,-9256,8365.0,8390.0,8243.0,8299.0,184836
2015-08-13,6982,12862,-5880,25054,28918,-3864,3684,3580,104,35720,45360,-9640,3593,9258,-5665,605,4929,-4324,79,180,-101,4277,14367,-10090,8348.0,8363.0,8275.0,8306.0,151639
2015-08-14,6632,14939,-8307,23646,24619,-973,3762,3570,192,34040,43128,-9088,4544,9073,-4529,1178,4034,-2856,60,180,-120,5782,13287,-7505,8262.0,8334.0,8262.0,8325.0,112509
2015-08-17,6061,14287,-8226,25400,28755,-3355,3738,3578,160,35199,46620,-11421,5345,9472,-4127,928,4343,-3415,60,180,-120,6333,13995,-7662,8321.0,8330.0,8223.0,8238.0,125957
2015-08-18,6079,13845,-7766,30199,31083,-884,3699,3683,16,39977,48611,-8634,5633,9857,-4224,1111,4756,-3645,60,180,-120,6804,14793,-7989,8241.0,8276.0,8161.0,8171.0,130582
2015-08-19,4865,9411,-4546,23052,23668,-616,3590,3970,-380,31507,37049,-5542,1717,5976,-4259,110,5427,-5317,220,0,220,2047,11403,-9356,8178.0,8179.0,7993.0,8002.0,101864
2015-08-20,4768,10160,-5392,27998,24092,3906,3623,3932,-309,36389,38184,-1795,3204,6140,-2936,76,4747,-4671,254,0,254,3534,10887,-7353,7949.0,8040.0,7898.0,7976.0,187942
2015-08-21,4131,13441,-9310,32122,24132,7990,3638,4302,-664,39891,41875,-1984,5415,8426,-3011,96,4871,-4775,207,0,207,5718,13297,-7579,7858.0,7887.0,7740.0,7746.0,174438
2015-08-24,5759,20322,-14563,44238,19625,24613,3941,4884,-943,53938,44831,9107,14782,11284,3498,801,4189,-3388,207,0,207,15790,15473,317,7609.0,7676.0,7010.0,7340.0,364785
2015-08-25,5512,19233,-13721,45998,20153,25845,3975,4409,-434,55485,43795,11690,16720,12938,3782,728,4196,-3468,207,0,207,17655,17134,521,7400.0,7606.0,7318.0,7577.0,233175
2015-08-26,4882,18489,-13607,44876,20502,24374,3803,4290,-487,53561,43281,10280,8268,5483,2785,591,4216,-3625,207,0,207,9066,9699,-633,7525.0,7678.0,7432.0,7607.0,238178
2015-08-27,5896,18199,-12303,44565,21190,23375,3846,4233,-387,54307,43622,10685,10230,6558,3672,857,4933,-4076,202,0,202,11289,11491,-202,7656.0,7729.0,7631.0,7680.0,169791
2015-08-28,5729,19507,-13778,46514,18875,27639,3883,4286,-403,56126,42668,13458,11763,6995,4768,1455,5563,-4108,202,0,202,13420,12558,862,7812.0,7902.0,7791.0,7876.0,167248
2015-08-31,7450,18977,-11527,42645,21042,21603,4208,4450,-242,54303,44469,9834,13479,9843,3636,1504,5347,-3843,194,0,194,15177,15190,-13,7831.0,8034.0,7802.0,7969.0,144165
2015-09-01,7588,19419,-11831,40309,19920,20389,4308,4866,-558,52205,44205,8000,13596,11007,2589,1438,5542,-4104,194,16,178,15228,16565,-1337,7901.0,7964.0,7802.0,7834.0,174196
2015-09-02,7859,19502,-11643,41069,16683,24386,4290,5254,-964,53218,41439,11779,9423,6768,2655,2230,1501,729,198,28,170,11851,8297,3554,7768.0,7997.0,7761.0,7945.0,197665
2015-09-03,8732,18527,-9795,40426,19665,20761,4310,5365,-1055,53468,43557,9911,10167,7068,3099,2466,1659,807,198,0,198,12831,8727,4104,7961.0,8003.0,7874.0,7977.0,151197
2015-09-04,8144,20734,-12590,41430,17719,23711,4217,5686,-1469,53791,44139,9652,10851,8334,2517,2472,1657,815,201,0,201,13524,9991,3533,7931.0,8039.0,7872.0,7890.0,176043
2015-09-07,9039,20753,-11714,41317,17255,24062,4115,5921,-1806,54471,43929,10542,12564,10910,1654,2555,1501,1054,201,0,201,15320,12411,2909,7850.0,8008.0,7843.0,7932.0,169579
2015-09-08,9838,20550,-10712,43043,18532,24511,4057,5815,-1758,56938,44897,12041,14586,12090,2496,2327,1577,750,201,0,201,17114,13667,3447,7930.0,7979.0,7880.0,7976.0,137093
2015-09-09,11663,20110,-8447,43769,18854,24915,4020,5449,-1429,59452,44413,15039,11333,10454,879,2473,1475,998,201,0,201,14007,11929,2078,8114.0,8340.0,8104.0,8332.0,194442
2015-09-10,11837,16613,-4776,39090,24720,14370,4026,5424,-1398,54953,46757,8196,10039,11932,-1893,2268,2458,-190,201,0,201,12508,14390,-1882,8226.0,8292.0,8192.0,8262.0,146244
2015-09-11,11621,15219,-3598,38154,24553,13601,4101,5417,-1316,53876,45189,8687,11305,13102,-1797,2273,2433,-160,201,0,201,13779,15535,-1756,8221.0,8295.0,8202.0,8263.0,120481
2015-09-14,11859,13162,-1303,46754,35029,11725,4015,5417,-1402,62628,53608,9020,12602,12355,247,2256,2591,-335,201,0,201,15059,14946,113,8319.0,8340.0,8210.0,8273.0,149956
2015-09-15,10513,13736,-3223,47450,37065,10385,3943,5691,-1748,61906,56492,5414,12467,14322,-1855,2253,2583,-330,201,0,201,14921,16905,-1984,8300.0,8333.0,8230.0,8237.0,137170
2015-09-16,3871,8017,-4146,33673,16369,17304,3923,5601,-1678,41467,29987,11480,3329,4896,-1567,2270,351,1919,201,0,201,5800,5247,553,8310.0,8358.0,8270.0,8318.0,80906
2015-09-17,3430,9099,-5669,35345,14914,20431,4150,5712,-1562,42925,29725,13200,5179,7362,-2183,2652,358,2294,201,0,201,8032,7720,312,8368.0,8478.0,8364.0,8437.0,141074
2015-09-18,4278,8322,-4044,33222,15766,17456,4181,5978,-1797,41681,30066,11615,6031,8088,-2057,2345,433,1912,197,0,197,8573,8521,52,8418.0,8459.0,8383.0,8437.0,122478
2015-09-21,4116,8509,-4393,33352,17669,15683,4078,6286,-2208,41546,32464,9082,6381,9526,-3145,2179,640,1539,197,0,197,8757,10166,-1409,8328.0,8335.0,8233.0,8270.0,126365
2015-09-22,4510,8286,-3776,34702,15240,19462,4316,6424,-2108,43528,29950,13578,7234,9900,-2666,2528,433,2095,197,0,197,9959,10333,-374,8295.0,8340.0,8276.0,8330.0,99115
2015-09-23,4195,9746,-5551,34673,16821,17852,4204,6928,-2724,43072,33495,9577,2952,7546,-4594,2492,827,1665,197,0,197,5641,8373,-2732,8234.0,8250.0,8135.0,8140.0,138538
2015-09-24,4391,9728,-5337,35217,15658,19559,4051,7286,-3235,43659,32672,10987,3420,8187,-4767,2432,820,1612,197,0,197,6049,9007,-2958,8188.0,8219.0,8047.0,8091.0,163890
2015-09-25,4845,9512,-4667,35361,14078,21283,3950,7822,-3872,44156,31412,12744,4335,8835,-4500,2468,685,1783,186,0,186,6989,9520,-2531,8142.0,8152.0,8033.0,8120.0,161413
2015-09-30,5405,9450,-4045,37989,14741,23248,3951,7946,-3995,47345,32137,15208,2172,9094,-6922,2862,432,2430,186,0,186,5220,9526,-4306,8015.0,8178.0,7983.0,8135.0,165188
2015-10-01,6857,9882,-3025,38032,14266,23766,4011,7655,-3644,48900,31803,17097,6366,11305,-4939,2726,475,2251,184,0,184,9276,11780,-2504,8174.0,8330.0,8116.0,8309.0,178858
2015-10-02,6278,9600,-3322,34985,14379,20606,3889,7733,-3844,45152,31712,13440,5650,12848,-7198,2201,485,1716,184,0,184,8035,13333,-5298,8283.0,8319.0,8254.0,8277.0,104901
2015-10-05,7760,8981,-1221,33570,14514,19056,3844,7733,-3889,45174,31228,13946,6792,13422,-6630,2417,409,2008,184,0,184,9393,13831,-4438,8358.0,8377.0,8275.0,8335.0,131099
2015-10-06,7349,8673,-1324,34277,14240,20037,3850,7827,-3977,45476,30740,14736,7863,14195,-6332,2205,506,1699,184,0,184,10252,14701,-4449,8431.0,8478.0,8365.0,8370.0,147140
2015-10-07,7444,9048,-1604,38286,13326,24960,3996,7890,-3894,49726,30264,19462,7680,11820,-4140,2720,578,2142,184,8,176,10584,12406,-1822,8377.0,8497.0,8357.0,8492.0,140147
2015-10-08,6377,8597,-2220,36487,13220,23267,4104,8174,-4070,46968,29991,16977,7361,13633,-6272,2860,612,2248,184,0,184,10405,14245,-3840,8534.0,8544.0,8422.0,8441.0,142571
2015-10-12,8002,9726,-1724,38869,13500,25369,3995,8418,-4423,50866,31644,19222,10114,15959,-5845,3475,568,2907,184,16,168,13773,16543,-2770,8494.0,8580.0,8464.0,8552.0,125543
2015-10-13,7433,9165,-1732,36963,13352,23611,4082,8551,-4469,48478,31068,17410,11007,16942,-5935,3419,660,2759,184,0,184,14610,17602,-2992,8554.0,8575.0,8511.0,8553.0,99975
2015-10-14,6468,9056,-2588,37207,13944,23263,4044,8689,-4645,47719,31689,16030,7078,13324,-6246,3075,620,2455,184,0,184,10337,13944,-3607,8521.0,8554.0,8492.0,8519.0,108262
2015-10-15,6290,9647,-3357,39914,15773,24141,4070,8633,-4563,50274,34053,16221,7138,14410,-7272,3540,621,2919,184,0,184,10862,15031,-4169,8565.0,8668.0,8565.0,8608.0,138824
2015-10-16,6809,8700,-1891,37762,16817,20945,3984,8634,-4650,48555,34151,14404,7135,14964,-7829,3727,1003,2724,184,0,184,11046,15967,-4921,8588.0,8627.0,8571.0,8607.0,98558
2015-10-19,8253,7948,305,41882,20917,20965,3984,8788,-4804,54119,37653,16466,6939,13770,-6831,4459,1037,3422,184,0,184,11582,14807,-3225,8627.0,8670.0,8588.0,8624.0,117062
2015-10-20,7377,7420,-43,45371,24406,20965,3935,9058,-5123,56683,40884,15799,7734,14380,-6646,4564,1009,3555,184,0,184,12482,15389,-2907,8644.0,8663.0,8629.0,8659.0,83770
2015-10-21,2686,6296,-3610,35677,16564,19113,3927,9364,-5437,42290,32224,10066,2133,5122,-2989,1955,911,1044,184,0,184,4272,6033,-1761,8690.0,8704.0,8593.0,8617.0,71803
2015-10-22,2880,6948,-4068,38781,14243,24538,3965,9528,-5563,45626,30719,14907,2477,5800,-3323,2030,702,1328,184,0,184,4691,6502,-1811,8588.0,8633.0,8566.0,8595.0,97736
2015-10-23,3861,6557,-2696,37382,15064,22318,2578,9524,-6946,43821,31145,12676,3295,7169,-3874,2215,947,1268,184,0,184,5694,8116,-2422,8742.0,8752.0,8669.0,8692.0,108905
2015-10-26,4437,5684,-1247,38829,15462,23367,2622,9411,-6789,45888,30557,15331,3611,8236,-4625,2291,904,1387,184,0,184,6086,9140,-3054,8730.0,8765.0,8716.0,8736.0,79592
2015-10-27,5381,5813,-432,37993,17234,20759,2621,9542,-6921,45995,32589,13406,3837,9713,-5876,1954,948,1006,184,0,184,5975,10661,-4686,8722.0,8728.0,8655.0,8691.0,99136
2015-10-28,5301,6016,-715,35488,17578,17910,2504,9565,-7061,43293,33159,10134,1836,9865,-8029,1788,1005,783,184,0,184,3808,10870,-7062,8685.0,8710.0,8613.0,8638.0,115433
2015-10-29,6117,6485,-368,37547,19038,18509,2531,9758,-7227,46195,35281,10914,2912,10948,-8036,1803,1051,752,183,0,183,4898,11999,-7101,8681.0,8685.0,8545.0,8550.0,142670
2015-10-30,4528,5952,-1424,40020,18615,21405,2470,9875,-7405,47018,34442,12576,3291,11320,-8029,2032,729,1303,183,0,183,5506,12049,-6543,8560.0,8600.0,8484.0,8568.0,155466
2015-11-02,5240,5909,-669,40466,18393,22073,2493,9916,-7423,48199,34218,13981,4304,11485,-7181,2399,715,1684,183,0,183,6886,12200,-5314,8535.0,8598.0,8502.0,8583.0,114793
2015-11-03,5060,6568,-1508,42329,16124,26205,2562,9768,-7206,49951,32460,17491,4809,12322,-7513,2921,700,2221,183,0,183,7913,13022,-5109,8665.0,8740.0,8645.0,8721.0,123033
2015-11-04,6915,6175,740,42015,18429,23586,2538,9767,-7229,51468,34371,17097,3527,10018,-6491,3084,748,2336,183,0,183,6794,10766,-3972,8765.0,8900.0,8751.0,8882.0,160402
2015-11-05,6305,5336,969,39807,18812,20995,2516,9865,-7349,48628,34013,14615,2848,10030,-7182,2372,735,1637,183,0,183,5403,10765,-5362,8879.0,8899.0,8832.0,8870.0,96100
2015-11-06,7835,6110,1725,37987,22567,15420,2334,10249,-7915,48156,38926,9230,4715,16099,-11384,1826,1224,602,183,0,183,6724,17323,-10599,8850.0,8858.0,8650.0,8689.0,185282
2015-11-09,9202,6515,2687,37608,21782,15826,2213,10449,-8236,49023,38746,10277,4098,17797,-13699,1861,1119,742,183,0,183,6142,18916,-12774,8677.0,8748.0,8597.0,8631.0,165493
2015-11-10,11180,7696,3484,35712,21686,14026,2059,10770,-8711,48951,40152,8799,4789,21330,-16541,1949,902,1047,183,36,147,6921,22268,-15347,8581.0,8592.0,8512.0,8532.0,131070
2015-11-11,12775,7986,4789,36252,23624,12628,2003,11078,-9075,51030,42688,8342,1301,20696,-19395,1849,1159,690,203,12,191,3353,21867,-18514,8507.0,8549.0,8372.0,8380.0,179202
2015-11-12,13389,6517,6872,37254,21374,15880,1930,11210,-9280,52573,39101,13472,1734,19424,-17690,1898,1196,702,315,0,315,3947,20620,-16673,8404.0,8461.0,8354.0,8461.0,148495
2015-11-13,12433,8317,4116,38067,24300,13767,1933,11199,-9266,52433,43816,8617,2212,21138,-18926,1868,1322,546,191,28,163,4271,22488,-18217,8380.0,8472.0,8318.0,8356.0,178126
2015-11-16,14133,9152,4981,39905,22248,17657,1931,11163,-9232,55969,42563,13406,2347,21400,-19053,1978,1272,706,243,0,243,4568,22672,-18104,8245.0,8307.0,8212.0,8290.0,139331
2015-11-17,12750,7050,5700,44675,26024,18651,2013,10780,-8767,59438,43854,15584,2890,21092,-18202,2000,1848,152,219,0,219,5109,22940,-17831,8370.0,8490.0,8369.0,8440.0,152201
2015-11-18,3572,4792,-1220,33421,17219,16202,2036,10884,-8848,39029,32895,6134,1197,4418,-3221,1691,1492,199,163,0,163,3051,5910,-2859,8440.0,8450.0,8326.0,8336.0,81613
2015-11-19,4383,4240,143,34515,14831,19684,2243,10571,-8328,41141,29642,11499,4016,4038,-22,1718,689,1029,291,0,291,6025,4727,1298,8371.0,8460.0,8323.0,8447.0,155548
2015-11-20,4732,4462,270,33243,16037,17206,2313,10541,-8228,40288,31040,9248,3865,4819,-954,1724,1053,671,163,4,159,5752,5876,-124,8430.0,8475.0,8396.0,8444.0,114281
2015-11-23,5894,4779,1115,34857,17154,17703,2378,10507,-8129,43129,32440,10689,5257,5253,4,1746,1429,317,199,16,183,7202,6698,504,8488.0,8511.0,8407.0,8478.0,124827
2015-11-24,5512,7198,-1686,35387,16930,18457,2341,10718,-8377,43240,34846,8394,5947,6992,-1045,1704,1459,245,223,0,223,7874,8451,-577,8461.0,8494.0,8362.0,8402.0,159334
2015-11-25,4704,6017,-1313,35316,15583,19733,2256,10811,-8555,42276,32411,9865,4003,4743,-740,1693,1350,343,179,4,175,5875,6097,-222,8412.0,8418.0,8320.0,8388.0,137748
2015-11-26,5029,5903,-874,37050,12917,24133,2229,10470,-8241,44308,29290,15018,7264,7506,-242,1708,656,1052,187,4,183,9159,8166,993,8412.0,8525.0,8410.0,8502.0,134327
2015-11-27,4312,6215,-1903,34955,15701,19254,2519,10716,-8197,41786,32632,9154,5919,9882,-3963,1691,1360,331,163,116,47,7773,11358,-3585,8520.0,8534.0,8377.0,8393.0,137736
2015-11-30,7779,7141,638,33988,19507,14481,2440,10969,-8529,44207,37617,6590,8418,12694,-4276,1762,1119,643,275,0,275,10455,13813,-3358,8311.0,8345.0,8202.0,8300.0,167237
2015-12-01,6433,6550,-117,38082,15409,22673,2363,10579,-8216,46878,32538,14340,12906,15331,-2425,2046,362,1684,287,0,287,15239,15693,-454,8360.0,8463.0,8317.0,8456.0,158141
2015-12-02,6669,6845,-176,38150,16417,21733,2307,10448,-8141,47126,33710,13416,7613,9635,-2022,1724,370,1354,187,0,187,9524,10005,-481,8433.0,8510.0,8415.0,8452.0,146804
2015-12-03,6727,6746,-19,40020,17415,22605,2301,10362,-8061,49048,34523,14525,9703,10449,-746,1787,336,1451,231,32,199,11721,10817,904,8388.0,8490.0,8363.0,8476.0,147876
2015-12-04,6665,6773,-108,38310,18178,20132,2216,10413,-8197,47191,35364,11827,10556,10960,-404,1798,340,1458,163,32,131,12517,11332,1185,8361.0,8410.0,8326.0,8397.0,142112
2015-12-07,6009,6647,-638,39053,18852,20201,2226,10154,-7928,47288,35653,11635,11656,12117,-461,1730,894,836,163,16,147,13549,13027,522,8495.0,8550.0,8455.0,8468.0,140025
2015-12-08,7406,7542,-136,36153,23976,12177,2159,10469,-8310,45718,41987,3731,8414,13646,-5232,1718,1970,-252,163,140,23,10295,15756,-5461,8438.0,8451.0,8318.0,8334.0,148126
2015-12-09,8563,7902,661,34369,24237,10132,2033,10666,-8633,44965,42805,2160,3016,11612,-8596,1783,2204,-421,163,60,103,4962,13876,-8914,8311.0,8328.0,8212.0,8221.0,155405
2015-12-10,9598,6869,2729,37523,27072,10451,2344,10699,-8355,49465,44640,4825,2679,11928,-9249,2004,2114,-110,247,0,247,4930,14042,-9112,8182.0,8208.0,8101.0,8188.0,173415
2015-12-11,9849,8941,908,41985,27686,14299,2209,10838,-8629,54043,47465,6578,3021,11886,-8865,1978,2199,-221,227,12,215,5226,14097,-8871,8200.0,8220.0,8068.0,8071.0,164753
2015-12-14,7597,9369,-1772,43151,23213,19938,2176,10588,-8412,52924,43170,9754,5539,12269,-6730,2106,1271,835,203,0,203,7848,13540,-5692,7976.0,8065.0,7949.0,8058.0,144310
2015-12-15,8511,8964,-453,47426,30226,17200,2291,10231,-7940,58228,49421,8807,5342,12613,-7271,2085,961,1124,163,8,155,7590,13582,-5992,8077.0,8137.0,8048.0,8066.0,139344
2015-12-16,5283,5372,-89,34699,16020,18679,2303,9944,-7641,42285,31336,10949,2860,7355,-4495,2049,392,1657,163,0,163,5072,7747,-2675,8180.0,8209.0,8112.0,8198.0,87705
2015-12-17,6210,5373,837,33953,14922,19031,2712,9709,-6997,42875,30004,12871,3849,7118,-3269,2652,271,2381,267,0,267,6768,7389,-621,8202.0,8303.0,8176.0,8281.0,144410
2015-12-18,6358,5986,372,32866,15861,17005,2807,9683,-6876,42031,31530,10501,4772,8251,-3479,2089,407,1682,163,156,7,7024,8814,-1790,8248.0,8319.0,8206.0,8231.0,145205
2015-12-21,6898,5109,1789,34881,16366,18515,2731,9793,-7062,44510,31268,13242,5967,9230,-3263,2401,265,2136,331,0,331,8699,9495,-796,8173.0,8283.0,8133.0,8280.0,137963
2015-12-22,7931,5529,2402,33940,16585,17355,2736,9697,-6961,44607,31811,12796,6598,10506,-3908,2173,141,2032,283,0,283,9054,10647,-1593,8257.0,8297.0,8220.0,8277.0,126517
2015-12-23,7098,6576,522,36155,15242,20913,2752,9518,-6766,46005,31336,14669,4077,7817,-3740,2033,93,1940,179,28,151,6289,7938,-1649,8301.0,8347.0,8267.0,8290.0,134900
2015-12-24,6485,7654,-1169,37116,14292,22824,2760,9536,-6776,46361,31482,14879,4818,8445,-3627,2229,83,2146,163,36,127,7210,8564,-1354,8346.0,8388.0,8293.0,8317.0,114489
2015-12-25,6519,7424,-905,37714,12783,24931,2765,9395,-6630,46998,29602,17396,5540,8298,-2758,2530,129,2401,195,0,195,8265,8427,-162,8335.0,8378.0,8306.0,8376.0,69641
2015-12-28,5681,7808,-2127,36743,12610,24133,2825,9371,-6546,45249,29789,15460,5614,9664,-4050,2214,122,2092,163,124,39,7991,9910,-1919,8370.0,8394.0,8349.0,8356.0,74401
2015-12-29,5841,7897,-2056,33661,14426,19235,2773,9540,-6767,42275,31863,10412,6523,12565,-6042,2174,110,2064,163,68,95,8860,12743,-3883,8321.0,8347.0,8263.0,8287.0,110566
2015-12-30,6139,7696,-1557,31801,16209,15592,2714,9680,-6966,40654,33585,7069,4182,12024,-7842,2100,244,1856,163,84,79,6445,12352,-5907,8313.0,8329.0,8226.0,8260.0,115891
2015-12-31,5018,7960,-2942,34551,14347,20204,2451,9626,-7175,42020,31933,10087,4423,12830,-8407,2043,218,1825,211,0,211,6677,13048,-6371,8240.0,8300.0,8234.0,8272.0,103781
2016-01-04,7545,9021,-1476,37169,19349,17820,2508,10062,-7554,47222,38432,8790,5885,14629,-8744,2063,1038,1025,163,76,87,8111,15743,-7632,8262.0,8294.0,8036.0,8075.0,191331
2016-01-05,6504,10199,-3695,38299,15467,22832,2247,10243,-7996,47050,35909,11141,7088,17297,-10209,2012,1140,872,163,188,-25,9263,18625,-9362,8099.0,8130.0,8011.0,8025.0,164756
2016-01-06,7477,9899,-2422,37669,17489,20180,2100,10621,-8521,47246,38009,9237,4410,13631,-9221,1446,1429,17,171,56,115,6027,15116,-9089,8038.0,8048.0,7901.0,7971.0,200598
2016-01-07,7890,9182,-1292,37011,19130,17881,2439,10869,-8430,47340,39181,8159,6007,17265,-11258,1551,1592,-41,267,0,267,7825,18857,-11032,7956.0,7971.0,7731.0,7799.0,246399
2016-01-08,8689,8749,-60,37318,20700,16618,2648,10270,-7622,48655,39719,8936,7457,19081,-11624,1749,1874,-125,211,4,207,9417,20959,-11542,7755.0,7884.0,7734.0,7868.0,182333
2016-01-11,8181,9324,-1143,40486,21207,19279,2704,10220,-7516,51371,40751,10620,8082,19100,-11018,1905,1833,72,227,0,227,10214,20933,-10719,7730.0,7793.0,7672.0,7740.0,184748
2016-01-12,7533,10783,-3250,42822,21988,20834,2603,10113,-7510,52958,42884,10074,9945,20724,-10779,2032,1790,242,163,88,75,12140,22602,-10462,7800.0,7808.0,7680.0,7709.0,176648
2016-01-13,8970,10914,-1944,44399,21033,23366,2645,9859,-7214,56014,41806,14208,7206,17315,-10109,2094,1556,538,187,8,179,9487,18879,-9392,7784.0,7849.0,7736.0,7806.0,188268
2016-01-14,8459,13702,-5243,46563,22915,23648,2595,10204,-7609,57617,46821,10796,5648,16807,-11159,1994,942,1052,307,0,307,7949,17749,-9800,7647.0,7724.0,7607.0,7716.0,171850
2016-01-15,9453,12383,-2930,46445,23234,23211,2693,10154,-7461,58591,45771,12820,5601,16794,-11193,2433,1406,1027,175,4,171,8209,18204,-9995,7801.0,7809.0,7636.0,7665.0,183418
2016-01-18,10680,10670,10,50908,25800,25108,2713,9915,-7202,64301,46385,17916,5212,15275,-10063,2563,558,2005,315,0,315,8090,15833,-7743,7513.0,7828.0,7503.0,7814.0,241486
2016-01-19,12751,8653,4098,49044,32106,16938,2971,9735,-6764,64766,50494,14272,5686,17796,-12110,2397,759,1638,163,100,63,8246,18655,-10409,7786.0,7868.0,7750.0,7867.0,165954
2016-01-20,4848,7437,-2589,36852,20380,16472,3058,9925,-6867,44758,37742,7016,1817,4818,-3001,1760,772,988,167,68,99,3744,5658,-1914,7797.0,7804.0,7673.0,7705.0,116624
2016-01-21,4708,8025,-3317,40147,17318,22829,2978,9975,-6997,47833,35318,12515,3561,4650,-1089,1796,624,1172,175,76,99,5532,5350,182,7659.0,7706.0,7601.0,7613.0,202230
2016-01-22,5040,8222,-3182,42547,18439,24108,2932,9765,-6833,50519,36426,14093,5593,4303,1290,2534,580,1954,219,0,219,8346,4883,3463,7730.0,7752.0,7641.0,7748.0,183045
2016-01-25,5103,7430,-2327,43176,19106,24070,2920,9249,-6329,51199,35785,15414,6528,6258,270,2148,326,1822,167,40,127,8843,6624,2219,7768.0,7881.0,7766.0,7833.0,145944
2016-01-26,6064,7328,-1264,41745,18239,23506,2988,9568,-6580,50797,35135,15662,7696,7176,520,1922,666,1256,167,88,79,9785,7930,1855,7784.0,7810.0,7745.0,7779.0,145032
2016-01-27,5746,9120,-3374,44270,17985,26285,2912,9473,-6561,52928,36578,16350,6616,4841,1775,2702,573,2129,291,0,291,9609,5414,4195,7850.0,7859.0,7778.0,7839.0,145619
2016-01-28,5620,7948,-2328,47519,17299,30220,2908,9288,-6380,56047,34535,21512,7174,5706,1468,2419,443,1976,275,0,275,9868,6149,3719,7800.0,7903.0,7793.0,7855.0,153244
2016-01-29,5336,7267,-1931,49900,18890,31010,3073,9078,-6005,58309,35235,23074,10374,7199,3175,2600,504,2096,407,0,407,13381,7703,5678,7841.0,8073.0,7820.0,8053.0,236477
2016-01-30,5275,9252,-3977,49293,19137,30156,3123,8658,-5535,57691,37047,20644,10573,8244,2329,2794,526,2268,167,16,151,13534,8786,4748,8103.0,8167.0,8091.0,8163.0,68665
2016-02-01,7222,7327,-105,44151,20681,23470,3098,8663,-5565,54471,36671,17800,9854,9717,137,2242,722,1520,167,40,127,12263,10479,1784,8131.0,8150.0,8067.0,8124.0,152839
2016-02-02,6605,7175,-570,43764,20052,23712,3014,8640,-5626,53383,35867,17516,10673,10560,113,2183,916,1267,191,4,187,13047,11480,1567,8079.0,8149.0,8061.0,8105.0,133729
2016-02-03,5820,6628,-808,44818,20827,23991,2706,8856,-6150,53344,36311,17033,4491,5037,-546,2030,1079,951,167,24,143,6688,6140,548,8026.0,8085.0,7993.0,8034.0,158007
2016-02-15,6352,6653,-301,51392,23818,27574,2550,9223,-6673,60294,39694,20600,5132,5549,-417,2596,587,2009,243,4,239,7971,6140,1831,7920.0,8068.0,7907.0,8049.0,132682
2016-02-16,7928,9288,-1360,54672,24394,30278,2608,9423,-6815,65208,43105,22103,8311,8181,130,3728,530,3198,511,0,511,12550,8711,3839,8080.0,8232.0,8077.0,8205.0,153558
2016-02-17,2895,6655,-3760,43968,13149,30819,2867,9955,-7088,49730,29759,19971,7300,4426,2874,2747,551,2196,183,44,139,10230,5021,5209,8232.0,8251.0,8193.0,8212.0,73251
2016-02-18,3883,7125,-3242,43442,13334,30108,2984,10255,-7271,50309,30714,19595,7748,5131,2617,2781,639,2142,183,248,-65,10712,6018,4694,8290.0,8332.0,8233.0,8284.0,123075
2016-02-19,3989,7605,-3616,45640,12571,33069,2847,10563,-7716,52476,30739,21737,8486,5235,3251,3617,626,2991,335,0,335,12438,5861,6577,8278.0,8318.0,8253.0,8304.0,93479
2016-02-22,5369,6120,-751,41676,13565,28111,2913,10846,-7933,49958,30531,19427,8065,6514,1551,3214,623,2591,187,12,175,11466,7149,4317,8289.0,8404.0,8261.0,8302.0,140771
2016-02-23,6316,6556,-240,44555,13859,30696,2946,11045,-8099,53817,31460,22357,9896,6439,3457,3951,592,3359,275,20,255,14122,7051,7071,8321.0,8331.0,8271.0,8318.0,109053
2016-02-24,5318,8360,-3042,45203,13249,31954,3105,11724,-8619,53626,33333,20293,6314,5048,1266,3463,625,2838,183,668,-485,9960,6341,3619,8300.0,8382.0,8216.0,8248.0,163799
2016-02-25,4625,10191,-5566,50145,12314,37831,2981,11971,-8990,57751,34476,23275,8568,5399,3169,4199,677,3522,535,0,535,13302,6076,7226,8287.0,8375.0,8271.0,8337.0,146795
2016-02-26,5048,8844,-3796,47308,13587,33721,2986,12089,-9103,55342,34520,20822,8975,6784,2191,4465,589,3876,183,248,-65,13623,7621,6002,8390.0,8416.0,8311.0,8391.0,139525
2016-03-01,6036,8668,-2632,49469,13355,36114,2950,12300,-9350,58455,34323,24132,10575,7320,3255,4728,637,4091,351,0,351,15654,7957,7697,8372.0,8484.0,8360.0,8448.0,136259
2016-03-02,6157,7930,-1773,47159,15461,31698,3072,12566,-9494,56388,35957,20431,8814,5990,2824,3828,743,3085,183,48,135,12825,6781,6044,8540.0,8575.0,8500.0,8517.0,130846
2016-03-03,7422,8368,-946,49202,14845,34357,2933,13169,-10236,59557,36382,23175,10849,6623,4226,3951,650,3301,235,0,235,15035,7273,7762,8530.0,8606.0,8517.0,8566.0,133529
2016-03-04,8051,8630,-579,49510,15065,34445,3006,13635,-10629,60567,37330,23237,12493,7863,4630,4272,668,3604,215,0,215,16980,8531,8449,8570.0,8618.0,8548.0,8602.0,124749
2016-03-07,7969,7946,23,51417,17168,34249,2875,14212,-11337,62261,39326,22935,13439,8839,4600,4251,847,3404,195,0,195,17885,9686,8199,8605.0,8685.0,8573.0,8605.0,128900
2016-03-08,8320,7368,952,54297,17498,36799,2788,15305,-12517,65405,40171,25234,15137,9079,6058,4922,769,4153,183,76,107,20242,9924,10318,8611.0,8620.0,8525.0,8614.0,136044
2016-03-09,7549,6639,910,55145,16802,38343,2696,16089,-13393,65390,39530,25860,10180,4672,5508,5099,1099,4000,183,80,103,15462,5851,9611,8613.0,8632.0,8555.0,8620.0,117377
2016-03-10,8168,8478,-310,53207,14823,38384,2661,16173,-13512,64036,39474,24562,9461,5309,4152,5176,1622,3554,194,64,130,14831,6995,7836,8629.0,8676.0,8601.0,8641.0,120396
2016-03-11,9524,7721,1803,53415,14114,39301,2654,16873,-14219,65593,38708,26885,11142,6359,4783,5699,1798,3901,294,0,294,17135,8157,8978,8618.0,8707.0,8608.0,8707.0,132707
2016-03-14,9781,7492,2289,53585,19630,33955,2746,16686,-13940,66112,43808,22304,10768,8082,2686,5196,2427,2769,182,132,50,16146,10641,5505,8727.0,8778.0,8725.0,8741.0,112139
2016-03-15,9976,9127,849,56632,22121,34511,2842,17986,-15144,69450,49234,20216,10725,8400,2325,4546,2444,2102,182,608,-426,15453,11452,4001,8739.0,8750.0,8578.0,8603.0,167109
2016-03-16,3952,9366,-5414,52747,11020,41727,2407,18425,-16018,59106,38811,20295,7603,4224,3379,2983,922,2061,182,572,-390,10768,5718,5050,8636.0,8705.0,8633.0,8691.0,64232
2016-03-17,4965,8676,-3711,52898,11787,41111,2315,19747,-17432,60178,40210,19968,7496,5001,2495,3037,1502,1535,182,620,-438,10715,7123,3592,8754.0,8819.0,8681.0,8698.0,165522
2016-03-18,5801,8675,-2874,52873,11930,40943,2236,19926,-17690,60910,40531,20379,8802,6178,2624,3328,1203,2125,182,556,-374,12312,7937,4375,8725.0,8779.0,8703.0,8763.0,124958
2016-03-21,6432,7626,-1194,53297,13836,39461,2112,20231,-18119,61841,41693,20148,10295,6741,3554,3091,1567,1524,182,644,-462,13568,8952,4616,8798.0,8810.0,8690.0,8745.0,118631
2016-03-22,6425,8760,-2335,57969,13150,44819,2094,20845,-18751,66488,42755,23733,12449,8366,4083,3216,824,2392,182,656,-474,15847,9846,6001,8775.0,8776.0,8660.0,8752.0,145545
2016-03-23,4988,8874,-3886,57632,12310,45322,1962,21378,-19416,64582,42562,22020,8915,6316,2599,3136,1359,1777,182,660,-478,12233,8335,3898,8761.0,8787.0,8698.0,8721.0,137212
2016-03-24,5562,8835,-3273,57575,11029,46546,1903,21578,-19675,65040,41442,23598,12360,8167,4193,3158,1283,1875,182,628,-446,15700,10078,5622,8685.0,8751.0,8627.0,8714.0,151791
2016-03-25,6066,8478,-2412,56855,11296,45559,1926,21948,-20022,64847,41722,23125,11992,9445,2547,3165,1788,1377,182,648,-466,15339,11881,3458,8727.0,8759.0,8671.0,8702.0,106496
2016-03-28,5605,8675,-3070,56597,11757,44840,1888,22263,-20375,64090,42695,21395,12839,10513,2326,3174,2028,1146,182,652,-470,16195,13193,3002,8720.0,8733.0,8653.0,8683.0,108424
2016-03-29,5814,10663,-4849,57747,14644,43103,1994,22927,-20933,65555,48234,17321,12980,11956,1024,3108,2027,1081,182,588,-406,16270,14571,1699,8682.0,8697.0,8564.0,8600.0,158070
2016-03-30,5434,10190,-4756,65493,11820,53673,2044,23061,-21017,72971,45071,27900,13434,7935,5499,3386,1634,1752,182,424,-242,17002,9993,7009,8645.0,8747.0,8626.0,8740.0,148145
2016-03-31,5476,9799,-4323,61021,12406,48615,1747,24113,-22366,68244,46318,21926,12118,9688,2430,3181,2323,858,182,704,-522,15481,12715,2766,8784.0,8815.0,8691.0,8715.0,166161
2016-04-01,6400,9252,-2852,59968,13561,46407,1694,24447,-22753,68062,47260,20802,11832,11131,701,3044,2801,243,182,668,-486,15058,14600,458,8670.0,8694.0,8598.0,8629.0,156482
2016-04-06,6508,9228,-2720,57373,18669,38704,1490,25096,-23606,65371,52993,12378,9062,11849,-2787,3060,4184,-1124,182,592,-410,12304,16625,-4321,8591.0,8599.0,8453.0,8460.0,156407
2016-04-07,6269,10141,-3872,60068,17584,42484,1504,24331,-22827,67841,52056,15785,10023,10654,-631,3084,2629,455,182,528,-346,13289,13811,-522,8470.0,8493.0,8381.0,8438.0,152741
2016-04-08,6729,9663,-2934,61977,16238,45739,1593,24275,-22682,70299,50176,20123,13045,10168,2877,3150,2079,1071,182,224,-42,16377,12471,3906,8388.0,8500.0,8375.0,8484.0,141629
2016-04-11,6585,10125,-3540,64737,16468,48269,1524,24159,-22635,72846,50752,22094,14098,10520,3578,3435,1534,1901,182,80,102,17715,12134,5581,8456.0,8530.0,8415.0,8514.0,130911
2016-04-12,6735,9997,-3262,65554,16668,48886,1471,24440,-22969,73760,51105,22655,15063,11233,3830,3188,1418,1770,182,128,54,18433,12779,5654,8541.0,8584.0,8468.0,8495.0,148275
2016-04-13,8742,10143,-1401,68473,16807,51666,1348,24971,-23623,78563,51921,26642,18312,10651,7661,3866,1586,2280,182,80,102,22360,12317,10043,8542.0,8644.0,8529.0,8638.0,147192
2016-04-14,11585,10487,1098,66428,19217,47211,1318,25251,-23933,79331,54955,24376,19468,12853,6615,3349,1858,1491,182,188,-6,22999,14899,8100,8705.0,8724.0,8645.0,8661.0,119974
2016-04-15,12244,11654,590,68815,19088,49727,1390,25530,-24140,82449,56272,26177,22152,13683,8469,3758,1243,2515,182,80,102,26092,15006,11086,8620.0,8719.0,8591.0,8716.0,136854
2016-04-18,12016,9679,2337,66326,23188,43138,1646,25616,-23970,79988,58483,21505,15988,9439,6549,3314,1953,1361,194,204,-10,19496,11596,7900,8651.0,8684.0,8630.0,8645.0,111226
2016-04-19,12325,10008,2317,69857,28555,41302,1667,26052,-24385,83849,64615,19234,15132,10213,4919,3421,2759,662,182,532,-350,18735,13504,5231,8700.0,8748.0,8598.0,8636.0,158491
2016-04-20,5303,7730,-2427,59416,18844,40572,1581,26691,-25110,66300,53265,13035,5299,7808,-2509,3194,1266,1928,166,700,-534,8659,9774,-1115,8657.0,8684.0,8498.0,8519.0,105896
2016-04-21,5769,10063,-4294,65896,15728,50168,1599,26593,-24994,73264,52384,20880,8632,5966,2666,3146,961,2185,166,624,-458,11944,7551,4393,8513.0,8535.0,8455.0,8530.0,121720
2016-04-22,5867,9946,-4079,66811,15075,51736,1781,26551,-24770,74459,51572,22887,9204,8037,1167,3144,1178,1966,166,448,-282,12514,9663,2851,8513.0,8560.0,8461.0,8498.0,150062
2016-04-25,5942,11913,-5971,67925,12946,54979,1866,26496,-24630,75733,51355,24378,11518,8692,2826,3549,667,2882,166,452,-286,15233,9811,5422,8519.0,8540.0,8477.0,8527.0,98787
2016-04-26,6162,13686,-7524,68650,12109,56541,1842,26196,-24354,76654,51991,24663,11920,10479,1441,3679,726,2953,166,340,-174,15765,11545,4220,8533.0,8619.0,8523.0,8573.0,135704
2016-04-27,5091,10915,-5824,68071,12414,55657,1813,26323,-24510,74975,49652,25323,10901,8888,2013,3704,683,3021,166,400,-234,14771,9971,4800,8560.0,8590.0,8506.0,8557.0,116757
2016-04-28,5690,7435,-1745,65561,26086,39475,1730,26947,-25217,72981,60468,12513,9145,13825,-4680,3178,1980,1198,166,504,-338,12489,16309,-3820,8586.0,8599.0,8408.0,8417.0,190019
2016-04-29,7214,6490,724,67338,30443,36895,1487,27289,-25802,76039,64222,11817,10519,15582,-5063,3206,1634,1572,166,456,-290,13891,17672,-3781,8375.0,8400.0,8303.0,8309.0,132260
2016-05-03,8150,6023,2127,63916,30013,33903,1503,27617,-26114,73569,63653,9916,11712,18076,-6364,3259,1540,1719,166,412,-246,15137,20028,-4891,8319.0,8330.0,8220.0,8259.0,123157
2016-05-04,9311,6118,3193,61236,29936,31300,1489,27863,-26374,72036,63917,8119,10198,17975,-7777,3292,1396,1896,166,364,-198,13656,19735,-6079,8238.0,8257.0,8105.0,8177.0,176592
2016-05-05,11195,5476,5719,57933,33427,24506,1871,27115,-25244,70999,66018,4981,9613,19133,-9520,3430,1903,1527,166,316,-150,13209,21352,-8143,8160.0,8181.0,8095.0,8142.0,137990
2016-05-06,9904,6179,3725,57901,31224,26677,2197,26515,-24318,70002,63918,6084,10024,19411,-9387,3220,1834,1386,166,292,-126,13410,21537,-8127,8118.0,8140.0,8061.0,8102.0,132563
2016-05-09,9827,6139,3688,57720,29439,28281,2380,25936,-23556,69927,61514,8413,10769,19438,-8669,3060,2265,795,166,312,-146,13995,22015,-8020,8141.0,8160.0,8065.0,8114.0,122435
2016-05-10,10084,6584,3500,55757,28378,27379,2476,25068,-22592,68317,60030,8287,11172,20123,-8951,3121,2144,977,166,228,-62,14459,22495,-8036,8116.0,8180.0,8057.0,8153.0,151146
2016-05-11,11782,6089,5693,53949,31149,22800,2718,23874,-21156,68449,61112,7337,7790,17293,-9503,3047,2276,771,166,292,-126,11003,19861,-8858,8177.0,8192.0,8081.0,8125.0,152178
2016-05-12,9651,7320,2331,55911,31385,24526,2718,23195,-20477,68280,61900,6380,5957,16902,-10945,2739,2042,697,166,264,-98,8862,19208,-10346,8096.0,8155.0,8066.0,8084.0,138711
2016-05-13,8633,7814,819,62156,33400,28756,2867,23056,-20189,73656,64270,9386,5446,15555,-10109,2768,1861,907,166,200,-34,8380,17616,-9236,8067.0,8075.0,7953.0,8019.0,170540
2016-05-16,7580,8447,-867,64941,32976,31965,2905,21917,-19012,75426,63340,12086,6302,14777,-8475,2952,1472,1480,380,430,-50,9634,16679,-7045,8021.0,8085.0,7988.0,8062.0,132897
2016-05-17,8253,8138,115,66956,37758,29198,2926,20942,-18016,78135,66838,11297,8088,14844,-6756,3434,1226,2208,450,528,-78,11972,16598,-4626,8076.0,8152.0,8020.0,8150.0,164654
2016-05-18,3616,4981,-1365,53889,22129,31760,2966,20512,-17546,60471,47622,12849,5230,7361,-2131,2912,959,1953,142,336,-194,8284,8656,-372,8093.0,8153.0,8056.0,8148.0,77042
2016-05-19,4327,4869,-542,55052,26287,28765,3084,20642,-17558,62463,51798,10665,5598,10410,-4812,2922,1348,1574,142,556,-414,8662,12314,-3652,8118.0,8130.0,8006.0,8034.0,142629
2016-05-20,4989,7548,-2559,59362,22060,37302,3092,20536,-17444,67443,50144,17299,9279,8581,698,3259,1066,2193,142,360,-218,12680,10007,2673,8035.0,8125.0,8023.0,8104.0,161767
2016-05-23,6332,6791,-459,59092,21085,38007,3310,19168,-15858,68734,47044,21690,12004,9421,2583,3370,984,2386,142,48,94,15516,10453,5063,8121.0,8355.0,8051.0,8346.0,210720
2016-05-24,6107,6317,-210,52521,21767,30754,3493,19040,-15547,62121,47124,14997,8986,9636,-650,2849,1336,1513,142,172,-30,11977,11144,833,8329.0,8345.0,8276.0,8283.0,101231
2016-05-25,5739,6603,-864,54201,18871,35330,3656,18591,-14935,63596,44065,19531,9015,7517,1498,3299,1040,2259,142,132,10,12456,8689,3767,8341.0,8412.0,8332.0,8385.0,130270
2016-05-26,5794,7513,-1719,53447,17234,36213,3841,18605,-14764,63082,43352,19730,9443,7776,1667,3521,1105,2416,146,152,-6,13110,9033,4077,8401.0,8408.0,8352.0,8385.0,89102
2016-05-27,5845,8902,-3057,57910,17814,40096,3917,18413,-14496,67672,45129,22543,11754,8102,3652,4034,1067,2967,232,198,34,16020,9367,6653,8416.0,8468.0,8390.0,8462.0,107120
2016-05-30,7399,8753,-1354,58415,19605,38810,3921,18290,-14369,69735,46648,23087,12967,8558,4409,4036,958,3078,273,271,2,17276,9787,7489,8481.0,8533.0,8433.0,8508.0,118598
2016-05-31,7761,9069,-1308,59562,20304,39258,3841,18928,-15087,71164,48301,22863,12980,9191,3789,3881,1096,2785,290,296,-6,17151,10583,6568,8499.0,8545.0,8455.0,8515.0,126395
2016-06-01,8556,10310,-1754,64198,17355,46843,3594,19845,-16251,76348,47510,28838,13791,7863,5928,4102,944,3158,286,192,94,18179,8999,9180,8490.0,8590.0,8486.0,8563.0,127418
2016-06-02,8831,11429,-2598,64113,16672,47441,3650,21103,-17453,76594,49204,27390,13694,8534,5160,3980,975,3005,322,240,82,17996,9749,8247,8568.0,8610.0,8518.0,8552.0,131250
2016-06-03,9347,10888,-1541,63306,16304,47002,3508,21338,-17830,76161,48530,27631,13436,8871,4565,3808,963,2845,322,240,82,17566,10074,7492,8561.0,8585.0,8537.0,8566.0,89927
2016-06-04,9366,10361,-995,64204,16302,47902,3466,21920,-18454,77036,48583,28453,14068,8954,5114,3779,931,2848,322,240,82,18169,10125,8044,8566.0,8590.0,8560.0,8576.0,29951
2016-06-06,10399,10405,-6,67532,18525,49007,3478,22450,-18972,81409,51380,30029,14194,9536,4658,3762,934,2828,322,320,2,18278,10790,7488,8575.0,8655.0,8507.0,8575.0,135249
2016-06-07,10756,10507,249,71335,17189,54146,3551,23717,-20166,85642,51413,34229,17529,11430,6099,4169,931,3238,344,382,-38,22042,12743,9299,8614.0,8684.0,8606.0,8666.0,127819
2016-06-08,11890,10849,1041,72487,17978,54509,3528,24910,-21382,87905,53737,34168,16477,10846,5631,3813,918,2895,324,378,-54,20614,12142,8472,8673.0,8742.0,8671.0,8718.0,135065
2016-06-13,11739,11557,182,70866,22386,48480,3432,26051,-22619,86037,59994,26043,12234,11090,1144,3178,1102,2076,322,505,-183,15734,12697,3037,8635.0,8636.0,8502.0,8525.0,156484
2016-06-14,13475,12152,1323,80268,28025,52243,3257,26262,-23005,97000,66439,30561,14009,10943,3066,3664,961,2703,322,263,59,17995,12167,5828,8495.0,8578.0,8483.0,8575.0,113683
2016-06-15,6547,12739,-6192,62762,14087,48675,3219,26637,-23418,72528,53463,19065,7776,5956,1820,1522,733,789,322,180,142,9620,6869,2751,8552.0,8607.0,8508.0,8601.0,86838
2016-06-16,6531,15614,-9083,66778,15038,51740,3269,27659,-24390,76578,58311,18267,8084,7716,368,1770,911,859,292,143,149,10146,8770,1376,8410.0,8410.0,8247.0,8283.0,161494
2016-06-17,7019,16939,-9920,72174,13601,58573,3194,27954,-24760,82387,58494,23893,12136,8505,3631,2494,813,1681,274,120,154,14904,9438,5466,8348.0,8431.0,8345.0,8395.0,135050
2016-06-20,7261,16896,-9635,70342,14852,55490,3152,27989,-24837,80755,59737,21018,10177,8778,1399,1877,857,1020,574,120,454,12628,9755,2873,8503.0,8520.0,8428.0,8469.0,116528
2016-06-21,8494,16179,-7685,69491,15257,54234,3282,28113,-24831,81267,59549,21718,11565,8756,2809,1981,858,1123,724,120,604,14270,9734,4536,8459.0,8525.0,8435.0,8510.0,106832
2016-06-22,6866,13419,-6553,69936,15272,54664,3227,28788,-25561,80029,57479,22550,10644,8291,2353,2109,848,1261,724,120,604,13477,9259,4218,8510.0,8530.0,8460.0,8509.0,113230
2016-06-23,7386,13912,-6526,70033,15843,54190,3211,29277,-26066,80630,59032,21598,10396,8427,1969,1774,852,922,733,120,613,12903,9399,3504,8515.0,8526.0,8467.0,8510.0,80671
2016-06-24,7535,14984,-7449,73660,17443,56217,3724,31398,-27674,84919,63825,21094,13467,16610,-3143,1717,788,929,747,120,627,15931,17518,-1587,8500.0,8553.0,8140.0,8237.0,350484
2016-06-27,8048,16496,-8448,78757,17452,61305,3642,30713,-27071,90447,64661,25786,14607,14043,564,1934,763,1171,757,130,627,17298,14936,2362,8250.0,8339.0,8239.0,8325.0,123131
2016-06-28,9314,16433,-7119,75423,16764,58659,3569,30418,-26849,88306,63615,24691,15107,14196,911,2183,752,1431,757,130,627,18047,15078,2969,8274.0,8387.0,8260.0,8376.0,128666
2016-06-29,7573,14403,-6830,76539,15297,61242,3838,31251,-27413,87950,60951,26999,12242,10353,1889,2388,759,1629,757,370,387,15387,11482,3905,8392.0,8493.0,8391.0,8436.0,136847
2016-06-30,8692,13628,-4936,80536,14657,65879,4150,32019,-27869,93378,60304,33074,16764,10471,6293,2322,741,1581,757,370,387,19843,11582,8261,8492.0,8542.0,8440.0,8518.0,149910
2016-07-01,8510,14215,-5705,83492,14708,68784,4169,33307,-29138,96171,62230,33941,19989,12372,7617,2515,940,1575,767,380,387,23271,13692,9579,8568.0,8638.0,8551.0,8626.0,125937
2016-07-04,9905,12187,-2282,78449,14553,63896,4064,34219,-30155,92418,60959,31459,18988,12493,6495,2031,742,1289,772,468,304,21791,13703,8088,8636.0,8679.0,8598.0,8630.0,117023
2016-07-05,10333,13475,-3142,78950,14218,64732,4022,34647,-30625,93305,62340,30965,20389,13164,7225,2336,754,1582,778,510,268,23503,14428,9075,8600.0,8635.0,8567.0,8609.0,99016
2016-07-06,9915,11866,-1951,73262,14420,58842,3748,35886,-32138,86925,62172,24753,13629,10802,2827,1868,838,1030,770,500,270,16267,12140,4127,8552.0,8559.0,8443.0,8468.0,166638
2016-07-07,9776,12505,-2729,76539,12969,63570,3564,35169,-31605,89879,60643,29236,15781,10734,5047,3024,795,2229,770,500,270,19575,12029,7546,8508.0,8571.0,8505.0,8562.0,99013
2016-07-11,10183,12911,-2728,75714,12934,62780,3739,35135,-31396,89636,60980,28656,16786,12446,4340,2777,770,2007,771,500,271,20334,13716,6618,8683.0,8748.0,8677.0,8736.0,120241
2016-07-12,10374,13205,-2831,78462,13249,65213,3886,35691,-31805,92722,62145,30577,18543,12838,5705,2873,725,2148,774,500,274,22190,14063,8127,8751.0,8795.0,8736.0,8777.0,108508
2016-07-13,9982,13578,-3596,82360,14218,68142,4463,36022,-31559,96805,63818,32987,18279,10814,7465,3116,707,2409,764,490,274,22159,12011,10148,8825.0,8837.0,8726.0,8793.0,149460
2016-07-14,10422,13487,-3065,84580,15588,68992,4345,36997,-32652,99347,66072,33275,19108,11344,7764,2956,725,2231,717,495,222,22781,12564,10217,8800.0,8841.0,8769.0,8813.0,115361
2016-07-15,10830,15243,-4413,86568,15085,71483,4332,36643,-32311,101730,66971,34759,20911,12916,7995,3239,690,2549,719,495,224,24869,14101,10768,8846.0,8925.0,8823.0,8911.0,135980
2016-07-18,11452,14023,-2571,82014,13815,68199,4359,36147,-31788,97825,63985,33840,19923,13225,6698,3141,987,2154,540,495,45,23604,14707,8897,8918.0,9001.0,8912.0,8998.0,121872
2016-07-19,14505,14442,63,85389,19211,66178,4449,36750,-32301,104343,70403,33940,19965,12544,7421,3211,1241,1970,829,495,334,24005,14280,9725,9020.0,9035.0,8962.0,9033.0,135725
2016-07-20,7865,13604,-5739,74737,12167,62570,4462,37337,-32875,87064,63108,23956,9988,5607,4381,2850,680,2170,681,335,346,13519,6622,6897,9010.0,9042.0,8972.0,9003.0,94642
2016-07-21,9245,13479,-4234,76337,13154,63183,4361,37628,-33267,89943,64261,25682,10467,5666,4801,3030,686,2344,659,335,324,14156,6687,7469,8922.0,9009.0,8916.0,8984.0,120520
2016-07-22,8028,13286,-5258,73838,11398,62440,4188,37641,-33453,86054,62325,23729,9049,6083,2966,2916,1096,1820,659,335,324,12624,7514,5110,8965.0,8984.0,8925.0,8925.0,108745
2016-07-25,9592,12922,-3330,72959,10236,62723,4050,38330,-34280,86601,61488,25113,10070,7346,2724,2833,1126,1707,659,335,324,13562,8807,4755,8967.0,9027.0,8803.0,8891.0,175723
2016-07-26,9440,13246,-3806,78414,9869,68545,3963,38370,-34407,91817,61485,30332,11542,6579,4963,3149,705,2444,659,335,324,15350,7619,7731,8871.0,8970.0,8862.0,8965.0,121917
2016-07-27,8377,12579,-4202,76419,11158,65261,3878,38554,-34676,88674,62291,26383,10778,8003,2775,2856,1049,1807,674,350,324,14308,9402,4906,9016.0,9049.0,8952.0,8976.0,150067
2016-07-28,8104,13480,-5376,80742,11642,69100,3878,39104,-35226,92724,64226,28498,11700,7793,3907,3054,938,2116,676,350,326,15430,9081,6349,8982.0,9027.0,8926.0,8981.0,124950
2016-07-29,8217,13963,-5746,79225,11185,68040,3652,40211,-36559,91094,65359,25735,12209,9716,2493,2800,1568,1232,676,350,326,15685,11634,4051,9003.0,9014.0,8889.0,8893.0,153817
2016-08-01,9285,12939,-3654,85400,11849,73551,3684,40315,-36631,98369,65103,33266,15906,8946,6960,3236,1452,1784,509,350,159,19651,10748,8903,8940.0,9043.0,8936.0,9041.0,121841
2016-08-02,9387,12718,-3331,79638,12182,67456,3854,40338,-36484,92879,65238,27641,14448,9905,4543,2843,1880,963,543,470,73,17834,12255,5579,9014.0,9035.0,8993.0,9015.0,84612
2016-08-03,5954,11057,-5103,81753,12264,69489,3436,41603,-38167,91143,64924,26219,14301,10398,3903,3305,1990,1315,511,470,41,18117,12858,5259,8914.0,8972.0,8861.0,8933.0,141402
2016-08-04,6765,9972,-3207,79643,12019,67624,3372,41306,-37934,89780,63297,26483,16394,10183,6211,2827,1498,1329,271,664,-393,19492,12345,7147,8990.0,8992.0,8891.0,8971.0,125262
2016-08-05,7600,10168,-2568,82553,11488,71065,3482,42214,-38732,93635,63870,29765,17300,11055,6245,3357,1188,2169,256,649,-393,20913,12892,8021,8996.0,9074.0,8973.0,9063.0,127647
2016-08-08,9286,9802,-516,80255,13062,67193,3407,41841,-38434,92948,64705,28243,17279,12842,4437,2553,1492,1061,142,857,-715,19974,15191,4783,9133.0,9148.0,9063.0,9116.0,111631
2016-08-09,9016,10460,-1444,82184,12552,69632,3458,42272,-38814,94658,65284,29374,17514,12743,4771,2558,1478,1080,142,857,-715,20214,15078,5136,9122.0,9145.0,9096.0,9118.0,94114
2016-08-10,10236,10360,-124,83806,13534,70272,3353,42994,-39641,97395,66888,30507,18792,11975,6817,2592,1133,1459,91,807,-716,21475,13915,7560,9136.0,9167.0,9090.0,9145.0,123597
2016-08-11,14718,11708,3010,83618,15885,67733,3110,44664,-41554,101446,72257,29189,17661,13019,4642,2632,1512,1120,75,792,-717,20368,15323,5045,9125.0,9159.0,8998.0,9085.0,165714
2016-08-12,13086,11748,1338,88027,16506,71521,3198,45126,-41928,104311,73380,30931,19732,13765,5967,2638,1097,1541,73,788,-715,22443,15650,6793,9129.0,9149.0,9102.0,9130.0,109885
2016-08-15,13280,10137,3143,89459,19852,69607,3338,46064,-42726,106077,76053,30024,19479,13299,6180,2493,1427,1066,73,788,-715,22045,15514,6531,9147.0,9161.0,9087.0,9125.0,130933
2016-08-16,11714,9763,1951,87781,18777,69004,3239,47586,-44347,102734,76126,26608,18059,15454,2605,2532,2045,487,73,506,-433,20664,18005,2659,9155.0,9156.0,9052.0,9088.0,162847
2016-08-17,4250,6956,-2706,77167,10301,66866,2867,49349,-46482,84284,66606,17678,8718,5725,2993,469,824,-355,751,26,725,9938,6575,3363,9073.0,9123.0,9067.0,9121.0,68207
2016-08-18,5185,6676,-1491,80197,9717,70480,2915,49270,-46355,88297,65663,22634,11572,6070,5502,1003,818,185,751,26,725,13326,6914,6412,9010.0,9059.0,8980.0,9042.0,102776
2016-08-19,5820,7553,-1733,80474,14094,66380,3224,49954,-46730,89518,71601,17917,10057,8505,1552,299,1708,-1409,750,26,724,11106,10239,867,9050.0,9109.0,8942.0,8946.0,180514
2016-08-22,5139,7919,-2780,85771,13332,72439,2757,51191,-48434,93667,72442,21225,11303,8578,2725,424,1444,-1020,750,26,724,12477,10048,2429,8941.0,8949.0,8853.0,8892.0,140625
2016-08-23,5393,10245,-4852,90184,10280,79904,2930,50162,-47232,98507,70687,27820,15339,7999,7340,1278,1029,249,750,26,724,17367,9054,8313,8921.0,8988.0,8912.0,8984.0,110642
2016-08-24,4799,9302,-4503,86943,10597,76346,3103,49991,-46888,94845,69890,24955,11959,6626,5333,732,1081,-349,750,26,724,13441,7733,5708,9002.0,9023.0,8948.0,8956.0,100206
2016-08-25,5646,12462,-6816,96632,9954,86678,3250,49315,-46065,105528,71731,33797,19463,7632,11831,1843,1054,789,750,26,724,22056,8712,13344,8942.0,9073.0,8939.0,9072.0,131838
2016-08-26,5427,11085,-5658,90626,9743,80883,3262,48985,-45723,99315,69813,29502,18498,8205,10293,956,1083,-127,742,26,716,20196,9314,10882,9055.0,9090.0,9036.0,9080.0,86770
2016-08-29,6421,8663,-2242,87948,11887,76061,2925,49558,-46633,97294,70108,27186,17373,8817,8556,993,1222,-229,832,26,806,19198,10065,9133,9045.0,9075.0,8948.0,9042.0,148143
2016-08-30,5883,9155,-3272,86447,11200,75247,2989,49542,-46553,95319,69897,25422,16310,9326,6984,1095,1295,-200,832,26,806,18237,10647,7590,9075.0,9085.0,9021.0,9036.0,106337
2016-08-31,5293,9755,-4462,87935,10489,77446,3044,50331,-47287,96272,70575,25697,13067,7553,5514,853,1470,-617,785,26,759,14705,9049,5656,9018.0,9060.0,8959.0,8976.0,144241
2016-09-01,5846,9090,-3244,88811,13016,75795,2728,51009,-48281,97385,73115,24270,12498,7602,4896,908,1627,-719,791,26,765,14197,9255,4942,8971.0,8980.0,8883.0,8941.0,151424
2016-09-02,6958,10186,-3228,91034,13146,77888,2630,51094,-48464,100622,74426,26196,13468,7808,5660,1075,1533,-458,791,26,765,15334,9367,5967,8948.0,8973.0,8904.0,8931.0,110392
2016-09-05,7102,13645,-6543,98810,11234,87576,2963,50064,-47101,108875,74943,33932,18701,8130,10571,2281,1506,775,793,26,767,21775,9662,12113,9000.0,9067.0,8997.0,9062.0,105105
2016-09-06,7445,14392,-6947,102097,12470,89627,3006,49643,-46637,112548,76505,36043,20710,9167,11543,2943,1525,1418,793,26,767,24446,10718,13728,9073.0,9160.0,9062.0,9150.0,103692
2016-09-07,6916,15664,-8748,107576,14366,93210,2997,48562,-45565,117489,78592,38897,22452,9518,12934,3304,1536,1768,793,32,761,26549,11086,15463,9156.0,9262.0,9150.0,9253.0,121479
2016-09-08,6458,13656,-7198,101034,15325,85709,2946,48801,-45855,110438,77782,32656,20474,9719,10755,2594,1532,1062,793,32,761,23861,11283,12578,9251.0,9253.0,9215.0,9239.0,74430
2016-09-09,6824,10430,-3606,91505,16515,74990,2634,50270,-47636,100963,77215,23748,14353,9642,4711,1587,1511,76,786,32,754,16726,11185,5541,9182.0,9184.0,9113.0,9127.0,128752
2016-09-10,6927,9309,-2382,92199,16092,76107,2394,51721,-49327,101520,77122,24398,13652,10397,3255,1564,1533,31,786,32,754,16002,11962,4040,8930.0,9001.0,8923.0,8953.0,75595
2016-09-12,7188,8667,-1479,90195,16237,73958,2436,52441,-50005,99819,77345,22474,11433,10703,730,1219,2299,-1080,786,32,754,13438,13034,404,8990.0,8994.0,8898.0,8899.0,137444
2016-09-13,8459,8464,-5,90173,18624,71549,2441,52566,-50125,101073,79654,21419,12190,10922,1268,1282,2047,-765,784,32,752,14256,13001,1255,8974.0,8979.0,8816.0,8906.0,173830
2016-09-14,10342,10558,-216,88976,16806,72170,2298,52761,-50463,101616,80125,21491,12463,11404,1059,1187,2396,-1209,783,32,751,14433,13832,601,8866.0,8942.0,8854.0,8874.0,129885
2016-09-19,10423,11571,-1148,99499,17831,81668,2710,49796,-47086,112632,79198,33434,19325,11167,8158,2108,1910,198,783,32,751,22216,13109,9107,8949.0,9158.0,8947.0,9151.0,162262
2016-09-20,9802,10151,-349,103955,26634,77321,2693,50443,-47750,116450,87228,29222,16309,8493,7816,1953,2157,-204,784,33,751,19046,10683,8363,9142.0,9164.0,9113.0,9141.0,107397
2016-09-21,5430,9631,-4201,85211,10514,74697,2848,49556,-46708,93489,69701,23788,10569,2369,8200,1155,1460,-305,556,29,527,12280,3858,8422,9129.0,9224.0,9115.0,9221.0,76502
2016-09-22,6569,9856,-3287,85484,10904,74580,2903,50505,-47602,94956,71265,23691,11381,3851,7530,1376,1479,-103,760,29,731,13517,5359,8158,9221.0,9262.0,9154.0,9188.0,123322
2016-09-23,7080,11145,-4065,89500,9569,79931,2980,50408,-47428,99560,71122,28438,12367,2957,9410,1816,1476,340,760,269,491,14943,4702,10241,9234.0,9248.0,9189.0,9236.0,95279
2016-09-26,6029,11823,-5794,88681,10622,78059,2948,51423,-48475,97658,73868,23790,12000,4646,7354,1168,1479,-311,760,269,491,13928,6394,7534,9222.0,9226.0,9148.0,9154.0,95532
2016-09-29,5240,14003,-8763,94589,9110,85479,3240,50623,-47383,103069,73736,29333,12977,5846,7131,2024,1531,493,760,269,491,15761,7646,8115,9226.0,9297.0,9206.0,9253.0,134752
2016-09-30,5850,14320,-8470,90805,10299,80506,2954,51687,-48733,99609,76306,23303,13005,8725,4280,1002,1713,-711,760,269,491,14767,10707,4060,9183.0,9206.0,9127.0,9128.0,131337
2016-10-03,6253,13857,-7604,92641,10462,82179,3094,51644,-48550,101988,75963,26025,13546,8793,4753,1143,1500,-357,760,269,491,15449,10562,4887,9205.0,9230.0,9161.0,9194.0,100555
2016-10-04,7267,13858,-6591,96802,10305,86497,3769,51391,-47622,107838,75554,32284,15144,7399,7745,2030,1539,491,760,269,491,17934,9207,8727,9202.0,9259.0,9187.0,9247.0,95262
2016-10-05,5303,12595,-7292,98243,11121,87122,3663,51399,-47736,107209,75115,32094,15643,8548,7095,2125,1629,496,760,269,491,18528,10446,8082,9210.0,9266.0,9201.0,9240.0,81576
2016-10-06,5844,12449,-6605,98338,11021,87317,3733,51088,-47355,107915,74558,33357,16286,8972,7314,2343,1640,703,760,269,491,19389,10881,8508,9281.0,9283.0,9207.0,9256.0,100967
2016-10-07,6669,14074,-7405,100800,12649,88151,3593,51007,-47414,111062,77730,33332,16171,9274,6897,2197,1676,521,756,269,487,19124,11219,7905,9250.0,9269.0,9236.0,9253.0,66389
2016-10-11,7155,13661,-6506,103884,21202,82682,3248,51833,-48585,114287,86696,27591,17557,14560,2997,1658,1887,-229,745,269,476,19960,16716,3244,9300.0,9343.0,9143.0,9191.0,178389
2016-10-12,6182,11917,-5735,110838,19136,91702,2977,50929,-47952,119997,81982,38015,20837,10493,10344,2720,1879,841,745,269,476,24302,12641,11661,9180.0,9274.0,9164.0,9260.0,113440
2016-10-13,10513,11942,-1429,105110,24413,80697,3119,51137,-48018,118742,87492,31250,20086,14117,5969,2046,2015,31,157,266,-109,22289,16398,5891,9268.0,9282.0,9179.0,9203.0,138511
2016-10-14,10771,12739,-1968,103073,23658,79415,2988,51909,-48921,116832,88306,28526,20816,16863,3953,1720,1988,-268,157,266,-109,22693,19117,3576,9207.0,9224.0,9147.0,9169.0,130516
2016-10-17,12665,11739,926,109666,32807,76859,2967,51968,-49001,125298,96514,28784,21389,14858,6531,2007,1989,18,157,266,-109,23553,17113,6440,9178.0,9193.0,9060.0,9166.0,202913
2016-10-18,12180,13741,-1561,110510,28721,81789,3055,50295,-47240,125745,92757,32988,24215,13201,11014,2221,1997,224,157,266,-109,26593,15464,11129,9183.0,9218.0,9154.0,9212.0,133283
2016-10-19,3816,12016,-8200,95396,11427,83969,3232,49151,-45919,102444,72594,29850,17104,3895,13209,1507,1740,-233,427,0,427,19038,5635,13403,9223.0,9300.0,9219.0,9280.0,87933
2016-10-20,4277,12278,-8001,97625,12322,85303,3243,48838,-45595,105145,73438,31707,17871,3766,14105,1716,1756,-40,427,0,427,20014,5522,14492,9269.0,9295.0,9235.0,9278.0,101510
2016-10-21,4371,13142,-8771,99541,12816,86725,3260,48778,-45518,107172,74736,32436,17666,4407,13259,1663,1768,-105,652,0,652,19981,6175,13806,9259.0,9322.0,9241.0,9264.0,118712
2016-10-24,4914,12834,-7920,102465,12146,90319,3319,48584,-45265,110698,73564,37134,18557,4801,13756,1972,1748,224,652,0,652,21181,6549,14632,9294.0,9325.0,9269.0,9309.0,97060
2016-10-25,6219,13856,-7637,105662,12554,93108,3160,47749,-44589,115041,74159,40882,18376,5523,12853,2906,1603,1303,652,0,652,21934,7126,14808,9328.0,9394.0,9308.0,9374.0,112280
2016-10-26,3383,11769,-8386,100396,13468,86928,3110,48171,-45061,106889,73408,33481,15427,6468,8959,1472,1540,-68,652,0,652,17551,8008,9543,9340.0,9363.0,9323.0,9336.0,89110
2016-10-27,3531,10888,-7357,96916,14176,82740,2693,48511,-45818,103140,73575,29565,14359,7407,6952,1143,1530,-387,292,0,292,15794,8937,6857,9324.0,9348.0,9260.0,9287.0,127682
2016-10-28,3373,10296,-6923,96548,13990,82558,2676,48506,-45830,102597,72792,29805,11766,7632,4134,949,1526,-577,292,0,292,13007,9158,3849,9286.0,9313.0,9261.0,9280.0,95640
2016-10-31,3172,10744,-7572,95438,12781,82657,2677,47804,-45127,101287,71329,29958,12055,8153,3902,1603,1495,108,67,0,67,13725,9648,4077,9263.0,9300.0,9174.0,9283.0,146504
2016-11-01,4290,10041,-5751,92871,13516,79355,2716,47606,-44890,99877,71163,28714,12872,8425,4447,1599,1505,94,67,0,67,14538,9930,4608,9259.0,9292.0,9226.0,9280.0,101255
2016-11-02,4284,8341,-4057,87488,16505,70983,2589,48974,-46385,94361,73820,20541,11483,12500,-1017,1184,1741,-557,67,180,-113,12734,14421,-1687,9199.0,9225.0,9144.0,9160.0,150857
2016-11-03,3468,7171,-3703,84565,19321,65244,2503,49676,-47173,90536,76168,14368,11658,15253,-3595,447,2382,-1935,67,360,-293,12172,17995,-5823,9131.0,9160.0,9078.0,9088.0,134541
2016-11-04,3577,6337,-2760,84175,19424,64751,2468,49729,-47261,90220,75490,14730,11511,15516,-4005,518,2306,-1788,67,360,-293,12096,18182,-6086,9058.0,9094.0,9047.0,9064.0,97483
2016-11-07,4106,6945,-2839,86617,18096,68521,2852,48389,-45537,93575,73430,20145,10208,9866,342,2336,2151,185,67,765,-698,12611,12782,-171,9131.0,9200.0,9115.0,9196.0,105071
2016-11-08,5303,7063,-1760,87311,18605,68706,2911,47924,-45013,95525,73592,21933,10550,8607,1943,2779,1915,864,67,585,-518,13396,11107,2289,9216.0,9230.0,9162.0,9225.0,115585
2016-11-09,6822,7967,-1145,86161,20697,65464,2396,51456,-49060,95379,80120,15259,10684,15889,-5205,1607,2110,-503,67,0,67,12358,17999,-5641,9223.0,9307.0,8891.0,8929.0,385514
2016-11-10,7145,6187,958,86329,19489,66840,2539,48497,-45958,96013,74173,21840,11603,11176,427,2642,1757,885,247,0,247,14492,12933,1559,9140.0,9192.0,9134.0,9177.0,134067
2016-11-11,7675,6790,885,84082,24231,59851,2509,49763,-47254,94266,80784,13482,8971,17673,-8702,1944,2266,-322,67,0,67,10982,19939,-8957,9048.0,9057.0,8949.0,8967.0,179369
2016-11-14,8212,7123,1089,87259,25071,62188,2576,49328,-46752,98047,81522,16525,9122,18082,-8960,1916,2689,-773,67,0,67,11105,20771,-9666,8957.0,8988.0,8877.0,8945.0,184246
2016-11-15,7004,8654,-1650,94453,27917,66536,2640,49045,-46405,104097,85616,18481,5054,12613,-7559,1521,2353,-832,71,28,43,6646,14994,-8348,8900.0,8975.0,8896.0,8938.0,142410
2016-11-16,6304,5317,987,76657,14165,62492,2641,48048,-45407,85602,67530,18072,2897,5832,-2935,560,1315,-755,355,0,355,3812,7147,-3335,8990.0,9034.0,8979.0,8983.0,83943
2016-11-17,6331,5392,939,78125,15094,63031,2653,48178,-45525,87109,68664,18445,3282,5222,-1940,1010,1397,-387,760,0,760,5052,6619,-1567,8942.0,8965.0,8906.0,8962.0,126400
2016-11-18,6067,5840,227,82391,16511,65880,2772,47397,-44625,91230,69748,21482,3445,4066,-621,1511,1341,170,760,0,760,5716,5407,309,8979.0,9006.0,8926.0,8987.0,131675
2016-11-21,6595,5126,1469,81778,15576,66202,2852,46759,-43907,91225,67461,23764,3771,3318,453,2082,1237,845,760,0,760,6613,4555,2058,8980.0,9026.0,8971.0,9017.0,85149
2016-11-22,5559,8013,-2454,89337,14314,75023,3126,45189,-42063,98022,67516,30506,8021,1498,6523,3141,1172,1969,760,0,760,11922,2670,9252,9050.0,9164.0,9041.0,9140.0,132590
2016-11-23,5059,8404,-3345,89828,13116,76712,3237,44768,-41531,98124,66288,31836,8690,1408,7282,3246,1252,1994,760,0,760,12696,2660,10036,9150.0,9192.0,9142.0,9175.0,97048
2016-11-24,4906,8618,-3712,88326,14636,73690,3338,44993,-41655,96570,68247,28323,7074,1367,5707,2419,1119,1300,760,0,760,10253,2486,7767,9156.0,9165.0,9117.0,9142.0,100734
2016-11-25,4752,9812,-5060,90559,14469,76090,3358,44983,-41625,98669,69264,29405,6629,1129,5500,2760,1128,1632,760,0,760,10149,2257,7892,9142.0,9192.0,9133.0,9162.0,98602
2016-11-28,4647,11236,-6589,97027,15828,81199,3334,44293,-40959,105008,71357,33651,8361,1045,7316,4069,1135,2934,355,0,355,12785,2180,10605,9157.0,9248.0,9150.0,9223.0,116679
2016-11-29,4830,11320,-6490,94931,16694,78237,3303,44395,-41092,103064,72409,30655,7306,787,6519,3485,1132,2353,670,0,670,11461,1919,9542,9222.0,9238.0,9196.0,9203.0,102746
2016-11-30,4007,11225,-7218,97027,16968,80059,3295,44250,-40955,104329,72443,31886,7248,871,6377,3768,1103,2665,670,0,670,11686,1974,9712,9211.0,9245.0,9177.0,9226.0,121118
2016-12-01,4155,10959,-6804,98856,18669,80187,3386,43803,-40417,106397,73431,32966,8115,1170,6945,4480,1232,3248,670,0,670,13265,2402,10863,9229.0,9279.0,9218.0,9261.0,107733
2016-12-02,4854,8426,-3572,92091,21224,70867,3312,44700,-41388,100257,74350,25907,5817,2426,3391,2626,1350,1276,670,0,670,9113,3776,5337,9199.0,9200.0,9148.0,9165.0,118876
2016-12-05,4819,9450,-4631,93214,20783,72431,2963,44982,-42019,100996,75215,25781,5858,3027,2831,2861,1261,1600,670,0,670,9389,4288,5101,9159.0,9183.0,9117.0,9157.0,107414
2016-12-06,6414,13953,-7539,100604,20458,80146,2918,43865,-40947,109936,78276,31660,9860,3150,6710,4829,1331,3498,670,0,670,15359,4481,10878,9232.0,9285.0,9230.0,9262.0,100307
2016-12-07,4490,10613,-6123,96898,21814,75084,2958,43796,-40838,104346,76223,28123,7733,2094,5639,4295,1290,3005,670,0,670,12698,3384,9314,9300.0,9305.0,9248.0,9263.0,92062
2016-12-08,5505,11832,-6327,100066,20763,79303,3143,43053,-39910,108714,75648,33066,11194,2624,8570,4817,1215,3602,670,0,670,16681,3839,12842,9360.0,9370.0,9315.0,9367.0,107870
2016-12-09,5975,12843,-6868,101964,19219,82745,2944,42862,-39918,110883,74924,35959,12751,2951,9800,4961,1209,3752,670,0,670,18382,4160,14222,9377.0,9399.0,9365.0,9390.0,73814
2016-12-12,5564,13170,-7606,99937,22526,77411,2943,43263,-40320,108444,78959,29485,9113,937,8176,4191,1194,2997,355,0,355,13659,2131,11528,9420.0,9440.0,9350.0,9355.0,123782
2016-12-13,6336,12377,-6041,98881,21235,77646,2963,43222,-40259,108180,76834,31346,10364,937,9427,4019,1195,2824,355,0,355,14738,2132,12606,9340.0,9381.0,9338.0,9378.0,69542
2016-12-14,6462,11886,-5424,97194,22287,74907,2916,43270,-40354,106572,77443,29129,10612,1240,9372,3541,1195,2346,355,0,355,14508,2435,12073,9409.0,9413.0,9353.0,9370.0,85638
2016-12-15,6620,11716,-5096,95945,23202,72743,2922,43268,-40346,105487,78186,27301,9670,1947,7723,3452,1210,2242,23,28,-5,13145,3185,9960,9330.0,9374.0,9305.0,9368.0,126853
2016-12-16,6620,10557,-3937,87781,23483,64298,2782,43591,-40809,97183,77631,19552,7173,3140,4033,2360,1454,906,23,343,-320,9556,4937,4619,9367.0,9370.0,9309.0,9312.0,104771
2016-12-19,5160,11586,-6426,84754,18947,65807,2553,44466,-41913,92467,74999,17468,6260,4816,1444,1491,1185,306,23,343,-320,7774,6344,1430,9290.0,9317.0,9242.0,9246.0,127172
2016-12-20,7893,10512,-2619,83022,22602,60420,2500,44429,-41929,93415,77543,15872,6452,5273,1179,1529,1446,83,23,28,-5,8004,6747,1257,9261.0,9266.0,9209.0,9260.0,116914
2016-12-21,3633,6969,-3336,71883,13792,58091,2234,44250,-42016,77750,65011,12739,3515,1327,2188,817,1268,-451,23,315,-292,4355,2910,1445,9261.0,9269.0,9225.0,9232.0,61153
2016-12-22,4807,8947,-4140,71640,17656,53984,2190,44759,-42569,78637,71362,7275,3223,4564,-1341,516,2129,-1613,23,315,-292,3762,7008,-3246,9211.0,9222.0,9123.0,9130.0,116265
2016-12-23,5050,9049,-3999,70198,17184,53014,2142,44766,-42624,77390,70999,6391,2990,5598,-2608,496,2437,-1941,23,630,-607,3509,8665,-5156,9115.0,9147.0,9088.0,9090.0,108536
2016-12-26,5203,8360,-3157,70601,17716,52885,2145,44220,-42075,77949,70296,7653,3035,5521,-2486,489,2535,-2046,23,630,-607,3547,8686,-5139,9107.0,9131.0,9089.0,9123.0,69849
2016-12-27,5267,8269,-3002,69650,17502,52148,2143,44227,-42084,77060,69998,7062,2960,5803,-2843,491,2823,-2332,23,630,-607,3474,9256,-5782,9123.0,9130.0,9106.0,9113.0,47698
2016-12-28,5324,7443,-2119,71786,15093,56693,2217,42854,-40637,79327,65390,13937,5109,3834,1275,569,1780,-1211,23,315,-292,5701,5929,-228,9110.0,9213.0,9105.0,9211.0,97287
2016-12-29,4744,8136,-3392,73487,13442,60045,2252,42708,-40456,80483,64286,16197,4897,3812,1085,603,1973,-1370,23,315,-292,5523,6100,-577,9188.0,9211.0,9168.0,9184.0,92408
2016-12-30,5835,8783,-2948,76232,13629,62603,2713,42163,-39450,84780,64575,20205,6826,3178,3648,787,1383,-596,23,630,-607,7636,5191,2445,9215.0,9282.0,9215.0,9262.0,116957
2017-01-03,7593,7948,-355,73071,13653,59418,2721,42151,-39430,83385,63752,19633,6910,3142,3768,1298,1530,-232,23,630,-607,8231,5302,2929,9266.0,9282.0,9231.0,9281.0,89282
2017-01-04,5689,8098,-2409,71394,14127,57267,2832,42121,-39289,79915,64346,15569,6493,4585,1908,1338,1558,-220,23,315,-292,7854,6458,1396,9281.0,9295.0,9261.0,9273.0,87462
2017-01-05,7404,9349,-1945,78269,13724,64545,2945,41368,-38423,88618,64441,24177,11413,3503,7910,3495,1561,1934,338,0,338,15246,5064,10182,9270.0,9354.0,9266.0,9340.0,119149
2017-01-06,7953,9415,-1462,79691,13528,66163,2860,41266,-38406,90504,64209,26295,11743,3383,8360,3282,1569,1713,338,0,338,15363,4952,10411,9353.0,9375.0,9338.0,9367.0,67027
2017-01-09,7510,8207,-697,76915,14615,62300,2775,41569,-38794,87200,64391,22809,10768,2652,8116,3196,1650,1546,338,0,338,14302,4302,10000,9379.0,9409.0,9325.0,9344.0,113565
2017-01-10,6533,8435,-1902,79639,14342,65297,2713,41749,-39036,88885,64526,24359,10250,2810,7440,3683,1834,1849,338,0,338,14271,4644,9627,9332.0,9350.0,9320.0,9342.0,76021
2017-01-11,6701,8577,-1876,79603,16362,63241,2649,41534,-38885,88953,66473,22480,9896,3199,6697,3592,1907,1685,338,0,338,13826,5106,8720,9395.0,9396.0,9333.0,9338.0,91651
2017-01-12,8031,8555,-524,86634,15052,71582,2713,41119,-38406,97378,64726,32652,14953,4637,10316,5192,1907,3285,338,0,338,20483,6544,13939,9353.0,9433.0,9350.0,9410.0,117651
2017-01-13,8772,9160,-388,81917,16980,64937,2682,41649,-38967,93371,67789,25582,12576,3490,9086,3572,1943,1629,23,0,23,16171,5433,10738,9388.0,9397.0,9361.0,9374.0,88034
2017-01-16,10959,11569,-610,84873,27026,57847,2271,42670,-40399,98103,81265,16838,9774,3687,6087,1904,2104,-200,23,0,23,11701,5791,5910,9360.0,9362.0,9274.0,9286.0,135414
2017-01-17,11732,10892,840,91928,28087,63841,2417,42344,-39927,106077,81323,24754,12183,2020,10163,2803,2038,765,23,0,23,15009,4058,10951,9282.0,9344.0,9280.0,9341.0,94530
2017-01-18,5935,8538,-2603,75995,21370,54625,2301,43127,-40826,84231,73035,11196,9200,1607,7593,1526,1252,274,23,0,23,10749,2859,7890,9336.0,9349.0,9314.0,9340.0,55499
2017-01-19,13696,15876,-2180,76120,21492,54628,2288,43112,-40824,92104,80480,11624,9646,2024,7622,1702,1219,483,21,0,21,11369,3243,8126,9337.0,9342.0,9254.0,9306.0,123137
2017-01-20,12806,16736,-3930,79568,20522,59046,2284,43222,-40938,94658,80480,14178,10114,1775,8339,2603,1199,1404,21,0,21,12738,2974,9764,9283.0,9338.0,9278.0,9330.0,77047
2017-01-23,11882,17925,-6043,81461,16921,64540,2671,41965,-39294,96014,76811,19203,13549,2134,11415,3099,1148,1951,21,0,21,16669,3282,13387,9319.0,9423.0,9318.0,9407.0,99777
2017-01-24,11670,18022,-6352,80164,13700,66464,2624,41956,-39332,94458,73678,20780,14726,2721,12005,3076,1135,1941,21,0,21,17823,3856,13967,9423.0,9464.0,9405.0,9446.0,78935
2017-02-02,12812,17402,-4590,75339,13293,62046,2713,42306,-39593,90864,73001,17863,12525,3258,9267,2567,1298,1269,21,0,21,15113,4556,10557,9500.0,9510.0,9373.0,9375.0,138242
2017-02-03,13774,17830,-4056,76976,11533,65443,2728,42297,-39569,93478,71660,21818,15057,3360,11697,2888,1204,1684,21,0,21,17966,4564,13402,9418.0,9458.0,9408.0,9439.0,95766
2017-02-06,14638,18859,-4221,79865,10831,69034,2763,41653,-38890,97266,71343,25923,18190,4125,14065,3571,1202,2369,246,0,246,22007,5327,16680,9477.0,9533.0,9441.0,9505.0,116954
2017-02-07,15813,18488,-2675,82087,11562,70525,2555,41672,-39117,100455,71722,28733,19310,3993,15317,3724,1201,2523,246,0,246,23280,5194,18086,9499.0,9525.0,9482.0,9520.0,71159
2017-02-08,13288,17892,-4604,84625,14576,70049,2402,41693,-39291,100315,74161,26154,17602,3126,14476,3639,1461,2178,471,0,471,21712,4587,17125,9513.0,9535.0,9463.0,9515.0,114482
2017-02-09,12190,15379,-3189,89316,13080,76236,2454,41375,-38921,103960,69834,34126,19942,1905,18037,4601,1475,3126,471,0,471,25014,3380,21634,9518.0,9579.0,9505.0,9576.0,110690
2017-02-10,11879,19524,-7645,94065,15552,78513,2467,40610,-38143,108411,75686,32725,19979,1917,18062,4462,1473,2989,471,0,471,24912,3390,21522,9600.0,9681.0,9586.0,9658.0,136883
2017-02-13,12825,18947,-6122,99393,21908,77485,2501,40241,-37740,114719,81096,33623,20104,2231,17873,4520,1412,3108,489,18,471,25113,3661,21452,9670.0,9705.0,9661.0,9705.0,118488
2017-02-14,15507,23764,-8257,99924,24654,75270,2430,40242,-37812,117861,88660,29201,17133,1835,15298,3983,1538,2445,264,18,246,21380,3391,17989,9729.0,9758.0,9695.0,9710.0,148146
2017-02-15,5554,11821,-6267,86335,13437,72898,2390,39390,-37000,94279,64648,29631,12830,897,11933,2498,1211,1287,246,0,246,15574,2108,13466,9726.0,9801.0,9722.0,9800.0,68161
2017-02-16,6090,11715,-5625,81784,15934,65850,2282,39716,-37434,90156,67365,22791,9631,4212,5419,2298,2080,218,471,0,471,12400,6292,6108,9819.0,9852.0,9758.0,9772.0,136500
2017-02-17,6274,12146,-5872,81172,15533,65639,2157,40058,-37901,89603,67737,21866,9500,4804,4696,2551,2066,485,751,0,751,12802,6870,5932,9760.0,9786.0,9747.0,9762.0,77496
2017-02-18,7212,11470,-4258,81256,15432,65824,2155,40050,-37895,90623,66952,23671,9683,4768,4915,2604,2046,558,526,0,526,12813,6814,5999,9778.0,9789.0,9772.0,9788.0,23312
2017-02-20,7452,14106,-6654,80221,16516,63705,2094,40235,-38141,89767,70857,18910,10147,5517,4630,2490,2818,-328,751,0,751,13388,8335,5053,9786.0,9814.0,9737.0,9766.0,101368
2017-02-21,7940,13529,-5589,78345,17535,60810,2070,40217,-38147,88355,71281,17074,10649,6147,4502,2520,3554,-1034,751,0,751,13920,9701,4219,9777.0,9785.0,9728.0,9766.0,99916
2017-02-22,6937,11906,-4969,77248,19052,58196,2083,39876,-37793,86268,70834,15434,10711,6757,3954,2333,4582,-2249,526,0,526,13570,11339,2231,9783.0,9827.0,9767.0,9783.0,121485
2017-02-23,6368,13505,-7137,79707,18087,61620,2088,39910,-37822,88163,71502,16661,11369,6198,5171,2308,3672,-1364,526,50,476,14203,9920,4283,9780.0,9820.0,9755.0,9772.0,115454
2017-02-24,6635,13321,-6686,80365,18948,61417,1912,40158,-38246,88912,72427,16485,11522,6944,4578,2218,3594,-1376,301,50,251,14041,10588,3453,9770.0,9786.0,9730.0,9761.0,100020
2017-03-01,7516,11986,-4470,76733,24250,52483,1670,40629,-38959,85919,76865,9054,9851,9124,727,2083,6071,-3988,301,50,251,12235,15245,-3010,9766.0,9770.0,9678.0,9682.0,137961
2017-03-02,7819,11779,-3960,75053,24138,50915,1797,40414,-38617,84669,76331,8338,9500,10833,-1333,2396,6415,-4019,301,50,251,12197,17298,-5101,9761.0,9784.0,9643.0,9691.0,158914
2017-03-03,8803,11532,-2729,75754,25375,50379,1723,40436,-38713,86280,77343,8937,8863,11602,-2739,2307,6687,-4380,301,50,251,11471,18339,-6868,9648.0,9672.0,9623.0,9629.0,122036
2017-03-06,8040,11168,-3128,77589,23425,54164,1728,40045,-38317,87357,74638,12719,9621,10594,-973,2435,5183,-2748,301,275,26,12357,16052,-3695,9639.0,9684.0,9619.0,9683.0,98832
2017-03-07,9978,12101,-2123,76633,21843,54790,2021,39590,-37569,88632,73534,15098,10453,10808,-355,2354,5098,-2744,329,500,-171,13136,16406,-3270,9693.0,9734.0,9682.0,9727.0,95033
2017-03-08,9540,11484,-1944,76938,22676,54262,2085,38901,-36816,88563,73061,15502,11142,10478,664,2225,4500,-2275,331,500,-169,13698,15478,-1780,9736.0,9765.0,9701.0,9748.0,115988
2017-03-09,10921,12849,-1928,71827,26409,45418,1818,39730,-37912,84566,78988,5578,9256,14023,-4767,1835,7052,-5217,331,500,-169,11422,21575,-10153,9739.0,9742.0,9642.0,9652.0,142245
2017-03-10,8995,11369,-2374,71869,29077,42792,1755,40060,-38305,82619,80506,2113,8531,14318,-5787,1889,7370,-5481,331,450,-119,10751,22138,-11387,9647.0,9652.0,9555.0,9625.0,170995
2017-03-13,10362,10699,-337,77721,28593,49128,1692,39332,-37640,89775,78624,11151,9568,12766,-3198,1853,6265,-4412,386,450,-64,11807,19481,-7674,9644.0,9698.0,9643.0,9692.0,132818
2017-03-14,11558,11378,180,77022,26522,50500,2003,38380,-36377,90583,76280,14303,12994,10997,1997,2198,5702,-3504,382,300,82,15574,16999,-1425,9713.0,9767.0,9711.0,9749.0,116325
2017-03-15,4162,9840,-5678,69795,16772,53023,2069,38303,-36234,76026,64915,11111,7138,1837,5301,883,1823,-940,102,300,-198,8123,3960,4163,9742.0,9752.0,9715.0,9732.0,67761
2017-03-16,6035,10990,-4955,73997,15620,58377,2091,37413,-35322,82123,64023,18100,10661,2281,8380,2171,1434,737,102,300,-198,12934,4015,8919,9805.0,9852.0,9782.0,9840.0,124172
2017-03-17,7452,10086,-2634,73804,16443,57361,2275,37172,-34897,83531,63701,19830,10991,2155,8836,2486,1420,1066,102,300,-198,13579,3875,9704,9850.0,9896.0,9837.0,9890.0,95443
2017-03-20,7753,8880,-1127,73596,16756,56840,2194,36950,-34756,83543,62586,20957,9951,2241,7710,2763,1412,1351,102,300,-198,12816,3953,8863,9870.0,9908.0,9855.0,9895.0,87814
2017-03-21,9880,9754,126,76669,20907,55762,2320,36484,-34164,88869,67145,21724,9926,2152,7774,3355,1417,1938,102,300,-198,13383,3869,9514,9926.0,9980.0,9916.0,9962.0,117665
2017-03-22,7621,7417,204,74464,20904,53560,2231,37109,-34878,84316,65430,18886,6955,2530,4425,2848,1366,1482,102,150,-48,9905,4046,5859,9890.0,9907.0,9851.0,9898.0,131137
2017-03-23,7857,6767,1090,72515,22724,49791,2244,37636,-35392,82616,67127,15489,7561,4300,3261,2873,1324,1549,252,0,252,10686,5624,5062,9941.0,9952.0,9879.0,9909.0,124574
2017-03-24,6642,6777,-135,74022,20947,53075,2208,37682,-35474,82872,65406,17466,7724,3626,4098,3009,1339,1670,252,0,252,10985,4965,6020,9927.0,9928.0,9883.0,9901.0,100432
2017-03-27,5372,8515,-3143,79245,21591,57654,2150,38140,-35990,86767,68246,18521,6793,4067,2726,3200,1363,1837,252,0,252,10245,5430,4815,9878.0,9917.0,9844.0,9865.0,121135
2017-03-28,6003,9445,-3442,77085,23456,53629,1764,37980,-36216,84852,70881,13971,6233,4149,2084,2288,1403,885,252,0,252,8773,5552,3221,9920.0,9927.0,9805.0,9883.0,180278
2017-03-29,5440,8295,-2855,74750,22999,51751,1870,38217,-36347,82060,69511,12549,5475,4663,812,1578,1394,184,102,0,102,7155,6057,1098,9902.0,9904.0,9851.0,9862.0,112257
2017-03-30,4941,9175,-4234,75447,21796,53651,1930,38191,-36261,82318,69162,13156,5753,4967,786,2101,1439,662,106,0,106,7960,6406,1554,9864.0,9888.0,9834.0,9850.0,101697
2017-03-31,5077,10151,-5074,75140,23107,52033,1730,38408,-36678,81947,71666,10281,5340,6498,-1158,1783,1566,217,106,0,106,7229,8064,-835,9858.0,9872.0,9812.0,9821.0,97954
2017-04-05,7990,9921,-1931,81173,23969,57204,2038,37336,-35298,91201,71226,19975,11920,4106,7814,3490,1694,1796,51,0,51,15461,5800,9661,9849.0,9968.0,9843.0,9961.0,138318
2017-04-06,7171,9673,-2502,75554,24734,50820,2086,37431,-35345,84811,71838,12973,8119,4550,3569,1674,1868,-194,51,0,51,9844,6418,3426,9930.0,9941.0,9880.0,9897.0,111709
2017-04-07,8742,8081,661,68019,23297,44722,1778,38044,-36266,78539,69422,9117,6611,5717,894,1721,2530,-809,51,0,51,8383,8247,136,9903.0,9905.0,9772.0,9863.0,202548
2017-04-10,9336,8032,1304,68267,21611,46656,1773,37951,-36178,79376,67594,11782,6904,5539,1365,1768,2369,-601,51,0,51,8723,7908,815,9868.0,9892.0,9843.0,9876.0,94012
2017-04-11,8104,9452,-1348,69036,22436,46600,1714,38152,-36438,78854,70040,8814,7426,8869,-1443,1972,3439,-1467,51,0,51,9449,12308,-2859,9866.0,9895.0,9807.0,9816.0,156736
2017-04-12,5683,9699,-4016,71493,21574,49919,1678,38179,-36501,78854,69452,9402,7294,7522,-228,2559,3473,-914,51,0,51,9904,10995,-1091,9818.0,9830.0,9776.0,9814.0,119614
2017-04-13,7430,12015,-4585,73383,21322,52061,1742,37886,-36144,82555,71223,11332,10180,7299,2881,2747,2954,-207,51,0,51,12978,10253,2725,9802.0,9869.0,9792.0,9846.0,147700
2017-04-14,6845,9504,-2659,69789,24438,45351,1669,38795,-37126,78303,72737,5566,7442,10677,-3235,2463,4305,-1842,51,0,51,9956,14982,-5026,9806.0,9808.0,9711.0,9716.0,168301
2017-04-17,7559,9151,-1592,72113,25913,46200,1599,38864,-37265,81271,73928,7343,8922,11434,-2512,2409,3821,-1412,51,0,51,11382,15255,-3873,9740.0,9754.0,9680.0,9722.0,166226
2017-04-18,11241,8850,2391,69025,28543,40482,1615,38753,-37138,81881,76146,5735,9513,12647,-3134,2494,4394,-1900,51,0,51,12058,17041,-4983,9757.0,9772.0,9721.0,9737.0,123870
2017-04-19,6831,5863,968,59086,22079,37007,1711,39534,-37823,67628,67476,152,4934,12181,-7247,2337,1600,737,231,0,231,7502,13781,-6279,9700.0,9707.0,9632.0,9638.0,104812
2017-04-20,6873,6649,224,60069,20906,39163,1737,39628,-37891,68679,67183,1496,4850,10976,-6126,2688,1254,1434,231,0,231,7769,12230,-4461,9598.0,9640.0,9584.0,9615.0,114520
2017-04-21,8780,8455,325,61067,17099,43968,1869,38708,-36839,71716,64262,7454,7391,9653,-2262,3897,857,3040,51,0,51,11339,10510,829,9665.0,9706.0,9655.0,9697.0,110196
2017-04-24,8333,8903,-570,61175,19220,41955,2101,38253,-36152,71609,66376,5233,8932,11032,-2100,3640,878,2762,51,0,51,12623,11910,713,9747.0,9766.0,9684.0,9705.0,124863
2017-04-25,11105,9800,1305,65608,15666,49942,2176,37365,-35189,78889,62831,16058,12993,10170,2823,5379,734,4645,51,0,51,18423,10904,7519,9746.0,9827.0,9728.0,9813.0,140137
2017-04-26,8654,9971,-1317,67115,16455,50660,2204,36810,-34606,77973,63236,14737,13339,10701,2638,5449,766,4683,51,0,51,18839,11467,7372,9855.0,9871.0,9826.0,9841.0,120562
2017-04-27,8471,10236,-1765,68538,16960,51578,2200,36866,-34666,79209,64062,15147,13237,10409,2828,5253,899,4354,51,150,-99,18541,11458,7083,9829.0,9850.0,9808.0,9839.0,94948
2017-04-28,8768,9594,-826,70773,17823,52950,2244,36633,-34389,81785,64050,17735,14006,10353,3653,5490,778,4712,51,150,-99,19547,11281,8266,9847.0,9884.0,9834.0,9857.0,107661
2017-05-02,10366,12581,-2215,74956,17412,57544,2325,36108,-33783,87647,66101,21546,17600,10118,7482,6044,639,5405,51,150,-99,23695,10907,12788,9899.0,9950.0,9897.0,9932.0,104635
2017-05-03,10382,13231,-2849,75470,17776,57694,2362,36119,-33757,88214,67126,21088,17890,10143,7747,6053,455,5598,231,0,231,24174,10598,13576,9946.0,9966.0,9934.0,9936.0,77543
2017-05-04,12370,12463,-93,75945,17482,58463,2341,36143,-33802,90656,66088,24568,19184,9847,9337,6287,551,5736,231,0,231,25702,10398,15304,9951.0,9965.0,9918.0,9959.0,87102
2017-05-05,10284,11733,-1449,72983,17819,55164,2185,37084,-34899,85452,66636,18816,15555,10633,4922,5295,558,4737,231,0,231,21081,11191,9890,9946.0,9951.0,9879.0,9889.0,110276
2017-05-08,11223,11085,138,71296,17429,53867,2276,37081,-34805,84795,65595,19200,17605,11460,6145,6308,1168,5140,231,0,231,24144,12628,11516,9929.0,9959.0,9895.0,9921.0,103607
2017-05-09,11250,12724,-1474,73906,17798,56108,2183,37035,-34852,87339,67557,19782,20273,11951,8322,6663,1150,5513,231,0,231,27167,13101,14066,9916.0,9994.0,9898.0,9904.0,165930
2017-05-10,12873,12923,-50,75280,17004,58276,2171,36821,-34650,90324,66748,23576,22895,11720,11175,6768,1132,5636,231,0,231,29894,12852,17042,9938.0,9959.0,9918.0,9947.0,92446
2017-05-11,15853,12965,2888,76203,16527,59676,2179,36369,-34190,94235,65861,28374,27755,11854,15901,7382,1313,6069,231,0,231,35368,13167,22201,9962.0,9997.0,9946.0,9987.0,123805
2017-05-12,14811,13250,1561,76507,16487,60020,2133,36355,-34222,93451,66092,27359,26536,10345,16191,7020,1295,5725,231,0,231,33787,11640,22147,9982.0,9996.0,9966.0,9981.0,86535
2017-05-15,16501,13942,2559,81656,21650,60006,2142,36415,-34273,100299,72007,28292,26765,8102,18663,6805,1285,5520,231,0,231,33801,9387,24414,9990.0,10031.0,9975.0,10028.0,118391
2017-05-16,14513,15284,-771,80979,22856,58123,2085,36395,-34310,97577,74535,23042,25806,9564,16242,6054,1303,4751,231,0,231,32091,10867,21224,10040.0,10054.0,10000.0,10022.0,112096
2017-05-17,7339,11308,-3969,73767,13979,59788,2025,36499,-34474,83131,61786,21345,11710,5467,6243,1462,1212,250,231,0,231,13403,6679,6724,9993.0,10022.0,9975.0,10000.0,72780
2017-05-18,8365,13278,-4913,77638,14287,63351,1696,36970,-35274,87699,64535,23164,14214,6939,7275,1798,1366,432,231,0,231,16243,8305,7938,9903.0,9958.0,9878.0,9951.0,130546
2017-05-19,8491,13224,-4733,75224,15683,59541,1707,36961,-35254,85422,65868,19554,12595,6728,5867,1534,1653,-119,231,0,231,14360,8381,5979,9968.0,9973.0,9931.0,9932.0,75363
2017-05-22,11458,12635,-1177,74338,14968,59370,1945,37331,-35386,87741,64934,22807,15031,6408,8623,1735,1353,382,231,0,231,16997,7761,9236,9965.0,9980.0,9942.0,9975.0,84227
2017-05-23,11256,12748,-1492,76727,15032,61695,1880,37253,-35373,89863,65033,24830,18539,6055,12484,1984,1220,764,231,0,231,20754,7275,13479,9984.0,10017.0,9968.0,9994.0,97438
2017-05-24,12025,12800,-775,78116,15318,62798,1885,37287,-35402,92026,65405,26621,20676,6262,14414,1924,1182,742,231,0,231,22831,7444,15387,10007.0,10030.0,9998.0,10020.0,79667
2017-05-25,12406,14494,-2088,84605,15788,68817,2041,36814,-34773,99052,67096,31956,25626,7001,18625,2811,1217,1594,51,0,51,28488,8218,20270,10042.0,10110.0,10040.0,10107.0,99562
2017-05-26,10741,14430,-3689,80759,17055,63704,1946,36921,-34975,93446,68406,25040,23621,7321,16300,2028,1228,800,51,480,-429,25700,9029,16671,10130.0,10131.0,10080.0,10093.0,103748
2017-05-31,10547,13037,-2490,78492,21293,57199,1607,37537,-35930,90646,71867,18779,19003,6956,12047,2356,3056,-700,50,480,-430,21409,10492,10917,10085.0,10105.0,10023.0,10031.0,111055
2017-06-01,12630,11666,964,76635,21318,55317,1617,37063,-35446,90882,70047,20835,19713,6299,13414,2496,3164,-668,50,480,-430,22259,9943,12316,10030.0,10075.0,10023.0,10069.0,86130
2017-06-02,13797,12094,1703,76190,20219,55971,2059,36577,-34518,92046,68890,23156,21071,6398,14673,2519,2323,196,50,480,-430,23640,9201,14439,10113.0,10137.0,10105.0,10135.0,93461
2017-06-03,13853,12462,1391,76434,19957,56477,2011,36571,-34560,92298,68990,23308,22341,6941,15400,2539,2371,168,50,480,-430,24930,9792,15138,10147.0,10160.0,10137.0,10157.0,23927
2017-06-05,15701,11444,4257,77015,19649,57366,2002,36087,-34085,94718,67180,27538,24988,6831,18157,2283,1445,838,50,480,-430,27321,8756,18565,10148.0,10207.0,10115.0,10200.0,109207
2017-06-06,15509,11570,3939,76567,20176,56391,1942,36124,-34182,94018,67870,26148,23947,7021,16926,2305,1623,682,50,480,-430,26302,9124,17178,10196.0,10206.0,10184.0,10185.0,63197
2017-06-07,14498,12394,2104,77618,20090,57528,2028,36145,-34117,94144,68629,25515,24168,7042,17126,2230,1223,1007,50,480,-430,26448,8745,17703,10180.0,10229.0,10165.0,10192.0,113720
2017-06-08,16397,11722,4675,78295,21155,57140,2058,36136,-34078,96750,69013,27737,24453,6499,17954,2534,1274,1260,50,480,-430,27037,8253,18784,10204.0,10218.0,10184.0,10211.0,72661
2017-06-09,14110,12633,1477,78829,20001,58828,1883,36157,-34274,94822,68791,26031,23430,6956,16474,2144,1966,178,50,480,-430,25624,9402,16222,10230.0,10252.0,10186.0,10192.0,101940
2017-06-12,13078,14911,-1833,80611,21985,58626,1511,37203,-35692,95200,74099,21101,20726,8092,12634,2508,2991,-483,50,480,-430,23284,11563,11721,10129.0,10159.0,10110.0,10120.0,110070
2017-06-13,14032,14654,-622,79700,22660,57040,1505,36746,-35241,95237,74060,21177,20689,8014,12675,2654,3156,-502,50,480,-430,23393,11650,11743,10123.0,10143.0,10106.0,10137.0,91633
2017-06-14,14260,13803,457,74804,22872,51932,1450,37174,-35724,90514,73849,16665,17819,8981,8838,2223,4903,-2680,50,480,-430,20092,14364,5728,10161.0,10165.0,10021.0,10065.0,169231
2017-06-15,14468,12327,2141,77043,25185,51858,1507,37234,-35727,93018,74746,18272,18973,8335,10638,2248,5906,-3658,50,480,-430,21271,14721,6550,10051.0,10075.0,10018.0,10073.0,114510
2017-06-16,14496,14691,-195,75642,20188,55454,1822,35956,-34134,91960,70835,21125,20578,7594,12984,3035,4738,-1703,50,480,-430,23663,12812,10851,10078.0,10159.0,10061.0,10146.0,133595
2017-06-19,14581,13603,978,80817,25700,55117,1950,35467,-33517,97348,74770,22578,23445,9153,14292,2605,3179,-574,50,480,-430,26100,12812,13288,10164.0,10251.0,10160.0,10239.0,126148
2017-06-20,16415,15538,877,82751,26903,55848,1934,35101,-33167,101100,77542,23558,24253,8921,15332,2500,3248,-748,50,480,-430,26803,12649,14154,10276.0,10353.0,10268.0,10322.0,134420
2017-06-21,6590,11699,-5109,77879,19079,58800,1874,34989,-33115,86343,65767,20576,10259,3248,7011,1864,1022,842,290,0,290,12413,4270,8143,10273.0,10371.0,10267.0,10369.0,97063
2017-06-22,7977,11351,-3374,77347,19772,57575,1885,34664,-32779,87209,65787,21422,12023,3056,8967,2004,1057,947,290,0,290,14317,4113,10204,10198.0,10234.0,10174.0,10231.0,117671
2017-06-23,7817,13193,-5376,76549,19633,56916,2162,34155,-31993,86528,66981,19547,11517,3733,7784,1770,1263,507,316,0,316,13603,4996,8607,10221.0,10245.0,10193.0,10215.0,101667
2017-06-26,12775,13618,-843,77463,23836,53627,2212,32970,-30758,92450,70424,22026,13787,4442,9345,2226,1071,1155,323,0,323,16336,5513,10823,10207.0,10395.0,10202.0,10381.0,188289
2017-06-27,13922,13942,-20,75761,27063,48698,2175,32819,-30644,91858,73824,18034,12940,5131,7809,2585,2596,-11,323,0,323,15848,7727,8121,10390.0,10412.0,10353.0,10368.0,115847
2017-06-28,11614,14227,-2613,76546,27275,49271,1949,33283,-31334,90109,74785,15324,11197,5332,5865,2619,3519,-900,323,0,323,14139,8851,5288,10303.0,10342.0,10247.0,10261.0,160947
2017-06-29,11630,14037,-2407,77496,28220,49276,1856,33317,-31461,90982,75574,15408,11136,5013,6123,2604,3526,-922,83,210,-127,13823,8749,5074,10325.0,10356.0,10260.0,10297.0,130102
2017-06-30,11838,13192,-1354,77901,29951,47950,1905,33766,-31861,91644,76909,14735,10351,6232,4119,2532,3703,-1171,91,210,-119,12974,10145,2829,10220.0,10263.0,10196.0,10252.0,124850
2017-07-03,13216,12202,1014,76904,30258,46646,1950,33746,-31796,92070,76206,15864,11349,5669,5680,2565,3463,-898,97,210,-113,14011,9342,4669,10260.0,10289.0,10231.0,10289.0,106319
2017-07-04,12754,13002,-248,76301,30864,45437,1948,34070,-32122,91003,77936,13067,9486,7555,1931,2895,4801,-1906,97,210,-113,12478,12566,-88,10303.0,10306.0,10210.0,10217.0,140257
2017-07-05,11733,12067,-334,79250,29551,49699,1932,33679,-31747,92915,75297,17618,10750,5584,5166,3033,3329,-296,104,210,-106,13887,9123,4764,10215.0,10304.0,10171.0,10301.0,166870
2017-07-06,13379,12132,1247,74051,29617,44434,1968,33659,-31691,89398,75408,13990,8863,7287,1576,2487,5341,-2854,105,210,-105,11455,12838,-1383,10323.0,10329.0,10237.0,10267.0,130726
2017-07-07,14393,12162,2231,72856,31610,41246,1809,34425,-32616,89058,78197,10861,7517,8733,-1216,2498,6033,-3535,105,210,-105,10120,14976,-4856,10225.0,10246.0,10195.0,10203.0,120431
2017-07-10,13273,12879,394,73571,31499,42072,1847,34382,-32535,88691,78760,9931,7373,8972,-1599,2363,5834,-3471,105,210,-105,9841,15016,-5175,10226.0,10242.0,10180.0,10210.0,111481
2017-07-11,16744,13101,3643,76448,31547,44901,2100,32953,-30853,95292,77601,17691,12967,7590,5377,2377,3660,-1283,114,226,-112,15458,11476,3982,10232.0,10356.0,10228.0,10342.0,141931
2017-07-12,15361,11868,3493,73529,33285,40244,2366,32924,-30558,91256,78077,13179,12122,7895,4227,2048,5067,-3019,130,226,-96,14300,13188,1112,10346.0,10383.0,10330.0,10339.0,114330
2017-07-13,15820,11385,4435,70832,27645,43187,2417,32302,-29885,89069,71332,17737,14322,6118,8204,2122,3585,-1463,131,226,-95,16575,9929,6646,10393.0,10442.0,10371.0,10420.0,143543
2017-07-14,16346,11334,5012,69135,27381,41754,2426,32313,-29887,87907,71028,16879,13970,6406,7564,2194,4383,-2189,134,226,-92,16298,11015,5283,10420.0,10424.0,10391.0,10403.0,79383
2017-07-17,17401,10928,6473,73680,33805,39875,2472,32302,-29830,93553,77035,16518,13474,6568,6906,2311,4638,-2327,145,226,-81,15930,11432,4498,10458.0,10480.0,10414.0,10436.0,137588
2017-07-18,20448,11448,9000,70387,31470,38917,2496,32281,-29785,93331,75199,18132,14342,6515,7827,2921,5337,-2416,148,226,-78,17411,12078,5333,10427.0,10466.0,10407.0,10462.0,98247
2017-07-19,7455,11255,-3800,63079,19796,43283,2496,32517,-30021,73030,63568,9462,9198,4845,4353,2214,1194,1020,478,0,478,11890,6039,5851,10479.0,10541.0,10471.0,10500.0,91415
2017-07-20,7869,10599,-2730,61399,20729,40670,2566,32572,-30006,71834,63900,7934,8504,4938,3566,2074,1638,436,458,0,458,11036,6576,4460,10411.0,10420.0,10370.0,10390.0,93671
2017-07-21,8818,11290,-2472,59939,21774,38165,2515,33189,-30674,71272,66253,5019,7031,6218,813,2082,2711,-629,463,0,463,9576,8929,647,10378.0,10383.0,10324.0,10329.0,97427
2017-07-24,8459,11033,-2574,63142,19906,43236,2349,33486,-31137,73950,64425,9525,7929,7079,850,2655,1672,983,463,0,463,11047,8751,2296,10300.0,10364.0,10285.0,10362.0,97402
2017-07-25,11002,10192,810,60173,20786,39387,2330,33488,-31158,73505,64466,9039,7807,6840,967,2241,1860,381,466,0,466,10514,8700,1814,10373.0,10387.0,10338.0,10363.0,90979
2017-07-26,10049,9643,406,60963,23111,37852,2601,33108,-30507,73613,65862,7751,7875,8118,-243,2266,2372,-106,469,0,469,10610,10490,120,10386.0,10421.0,10320.0,10329.0,140086
2017-07-27,9061,10365,-1304,67610,22169,45441,2688,32631,-29943,79359,65165,14194,11033,7216,3817,3965,1065,2900,139,0,139,15137,8281,6856,10365.0,10462.0,10362.0,10448.0,131417
2017-07-28,12399,10062,2337,61931,25764,36167,2205,33365,-31160,76535,69191,7344,7933,9147,-1214,2198,2392,-194,135,210,-75,10266,11749,-1483,10395.0,10403.0,10324.0,10340.0,128958
2017-07-31,11523,10013,1510,61864,24492,37372,2203,33703,-31500,75590,68208,7382,8579,9475,-896,2292,1831,461,135,210,-75,11006,11516,-510,10333.0,10363.0,10289.0,10355.0,108339
2017-08-01,10887,9403,1484,59503,23853,35650,2318,33186,-30868,72708,66442,6266,8533,9845,-1312,2392,1276,1116,135,266,-131,11060,11387,-327,10368.0,10424.0,10361.0,10367.0,124991
2017-08-02,10579,8757,1822,63990,23316,40674,2514,32853,-30339,77083,64926,12157,11384,7359,4025,4395,1137,3258,139,266,-127,15918,8762,7156,10420.0,10471.0,10415.0,10453.0,119144
2017-08-03,13164,9211,3953,62792,24533,38259,2143,33150,-31007,78099,66894,11205,10643,7642,3001,3713,1150,2563,130,210,-80,14486,9002,5484,10420.0,10430.0,9408.0,10406.0,135087
2017-08-04,14271,8751,5520,64334,24857,39477,2151,33084,-30933,80756,66692,14064,12422,7067,5355,4368,1169,3199,130,210,-80,16920,8446,8474,10401.0,10456.0,10401.0,10439.0,82751
2017-08-07,14425,8899,5526,66237,25513,40724,2222,32495,-30273,82884,66907,15977,14484,7383,7101,5063,1147,3916,130,210,-80,19677,8740,10937,10476.0,10539.0,10475.0,10529.0,91398
2017-08-08,16278,8870,7408,64823,26015,38808,2242,32513,-30271,83343,67398,15945,13969,7770,6199,4689,1261,3428,130,210,-80,18788,9241,9547,10558.0,10567.0,10485.0,10526.0,116754
2017-08-09,15472,9778,5694,63906,26235,37671,2390,33005,-30615,81768,69018,12750,11900,10466,1434,3590,1240,2350,124,210,-86,15614,11916,3698,10466.0,10497.0,10436.0,10453.0,139249
2017-08-10,14067,10753,3314,59581,27699,31882,2297,33973,-31676,75945,72425,3520,7417,13152,-5735,1826,1502,324,122,210,-88,9365,14864,-5499,10477.0,10484.0,10308.0,10328.0,189091
2017-08-11,13627,11506,2121,63233,29115,34118,2206,34042,-31836,79066,74663,4403,7318,13338,-6020,1372,1312,60,116,210,-94,8806,14860,-6054,10228.0,10326.0,10225.0,10300.0,145659
2017-08-14,15487,14581,906,57777,21542,36235,2179,34905,-32726,75443,71028,4415,5239,14874,-9635,2442,1587,855,116,210,-94,7797,16671,-8874,10344.0,10357.0,10223.0,10231.0,171611
2017-08-15,15758,11176,4582,61295,27565,33730,2236,34853,-32617,79289,73594,5695,6413,10331,-3918,2728,1499,1229,116,210,-94,9257,12040,-2783,10310.0,10331.0,10261.0,10309.0,142199
2017-08-16,10733,9291,1442,55683,20995,34688,2277,34923,-32646,68693,65209,3484,4527,10784,-6257,2422,433,1989,326,0,326,7275,11217,-3942,10277.0,10319.0,10235.0,10254.0,108128
2017-08-17,11157,10540,617,59468,20108,39360,2364,34377,-32013,72989,65025,7964,8119,12408,-4289,4921,434,4487,326,0,326,13366,12842,524,10258.0,10324.0,10245.0,10298.0,124653
2017-08-18,11521,10126,1395,58669,18919,39750,2376,34274,-31898,72566,63319,9247,7592,12566,-4974,4607,472,4135,326,0,326,12525,13038,-513,10230.0,10265.0,10200.0,10259.0,142737
2017-08-21,12731,10012,2719,59391,18613,40778,2379,34242,-31863,74501,62867,11634,8364,12152,-3788,4805,492,4313,326,0,326,13495,12644,851,10259.0,10280.0,10217.0,10269.0,108968
2017-08-22,12313,12845,-532,62676,18269,44407,2482,33807,-31325,77471,64921,12550,10885,12363,-1478,6099,530,5569,326,0,326,17310,12893,4417,10316.0,10369.0,10305.0,10350.0,111527
2017-08-23,10887,11318,-431,61605,19867,41738,2466,33622,-31156,74958,64807,10151,10986,12912,-1926,5719,547,5172,322,0,322,17027,13459,3568,10401.0,10414.0,10341.0,10361.0,133332
2017-08-24,11100,13845,-2745,70642,19000,51642,2520,32930,-30410,84262,65775,18487,16190,12030,4160,6316,527,5789,322,0,322,22828,12557,10271,10372.0,10460.0,10365.0,10449.0,117763
2017-08-25,11694,12839,-1145,70180,19524,50656,2592,32690,-30098,84466,65053,19413,16817,11756,5061,6104,523,5581,322,0,322,23243,12279,10964,10471.0,10490.0,10431.0,10487.0,106737
2017-08-28,11623,13016,-1393,72231,19842,52389,2716,33886,-31170,86570,66744,19826,16073,12397,3676,6340,457,5883,313,0,313,22726,12854,9872,10466.0,10515.0,10457.0,10490.0,104313
2017-08-29,11088,13745,-2657,70260,18826,51434,2566,33900,-31334,83914,66471,17443,16027,12801,3226,5871,441,5430,313,0,313,22211,13242,8969,10451.0,10478.0,10421.0,10463.0,124977
2017-08-30,12003,16181,-4178,75333,20438,54895,2648,34502,-31854,89984,71121,18863,16994,12413,4581,5433,412,5021,313,0,313,22740,12825,9915,10508.0,10552.0,10493.0,10531.0,133868
2017-08-31,11507,15068,-3561,75851,21532,54319,2616,34710,-32094,89974,71310,18664,17144,12409,4735,5553,416,5137,310,0,310,23007,12825,10182,10560.0,10581.0,10532.0,10551.0,118821
2017-09-01,12381,16380,-3999,79164,21454,57710,2606,34673,-32067,94151,72507,21644,17586,12123,5463,5832,461,5371,310,0,310,23728,12584,11144,10571.0,10598.0,10540.0,10576.0,100581
2017-09-04,11779,16341,-4562,80494,20929,59565,2521,34644,-32123,94794,71914,22880,17837,12522,5315,5856,489,5367,310,0,310,24003,13011,10992,10550.0,10579.0,10533.0,10552.0,93022
2017-09-05,11861,15136,-3275,79385,21349,58036,2536,36237,-33701,93782,72722,21060,18418,12938,5480,5217,587,4630,303,0,303,23938,13525,10413,10575.0,10590.0,10528.0,10582.0,111648
2017-09-06,11618,16300,-4682,77996,20952,57044,2378,37399,-35021,91992,74651,17341,16698,14417,2281,3703,779,2924,303,0,303,20704,15196,5508,10540.0,10570.0,10483.0,10519.0,151864
2017-09-07,11262,17376,-6114,80185,22611,57574,2279,38559,-36280,93726,78546,15180,15930,15385,545,3713,737,2976,303,0,303,19946,16122,3824,10551.0,10568.0,10477.0,10490.0,135940
2017-09-08,11019,17306,-6287,87193,21482,65711,2464,40973,-38509,100676,79761,20915,19568,14710,4858,5894,706,5188,303,0,303,25765,15416,10349,10501.0,10571.0,10495.0,10556.0,135862
2017-09-11,12210,16041,-3831,82091,22370,59721,2507,41391,-38884,96808,79802,17006,19021,15069,3952,4230,824,3406,304,0,304,23555,15893,7662,10628.0,10635.0,10535.0,10565.0,149476
2017-09-12,12790,16363,-3573,83003,21620,61383,2370,41387,-39017,98163,79370,18793,18500,14664,3836,4518,834,3684,304,0,304,23322,15498,7824,10604.0,10614.0,10564.0,10590.0,108726
2017-09-13,13085,16835,-3750,83285,25930,57355,2006,42230,-40224,98376,84995,13381,17159,17288,-129,3043,1476,1567,304,0,304,20506,18764,1742,10595.0,10603.0,10510.0,10521.0,137962
2017-09-14,13734,16977,-3243,84169,25030,59139,1959,42361,-40402,99862,84368,15494,17758,17559,199,3641,1514,2127,301,0,301,21700,19073,2627,10520.0,10545.0,10486.0,10529.0,112018
2017-09-15,12554,16304,-3750,86300,23723,62577,1980,42351,-40371,100834,82378,18456,20967,17113,3854,4421,1333,3088,301,0,301,25689,18446,7243,10528.0,10570.0,10491.0,10566.0,139760
2017-09-18,14670,18346,-3676,95868,30677,65191,2202,41614,-39412,112740,90637,22103,22394,17556,4838,6004,1117,4887,301,0,301,28699,18673,10026,10605.0,10649.0,10582.0,10636.0,136401
2017-09-19,18699,17664,1035,92326,38893,53433,1992,41956,-39964,113017,98513,14504,20101,16464,3637,3455,1670,1785,301,0,301,23857,18134,5723,10647.0,10658.0,10568.0,10580.0,146041
2017-09-20,8848,16156,-7308,75581,21296,54285,1720,42784,-41064,86149,80236,5913,6786,5978,808,1787,987,800,91,0,91,8664,6965,1699,10572.0,10585.0,10490.0,10510.0,112339
2017-09-21,10092,16428,-6336,78514,20372,58142,1751,42137,-40386,90357,78937,11420,7693,3681,4012,2445,932,1513,91,0,91,10229,4613,5616,10505.0,10583.0,10473.0,10575.0,135327
2017-09-22,10268,18169,-7901,75040,24375,50665,1836,42853,-41017,87144,85397,1747,8627,9417,-790,901,4352,-3451,91,0,91,9619,13769,-4150,10554.0,10568.0,10427.0,10433.0,168874
2017-09-25,10142,18438,-8296,74423,25849,48574,1735,43929,-42194,86300,88216,-1916,8875,11836,-2961,702,4004,-3302,91,0,91,9668,15840,-6172,10426.0,10453.0,10315.0,10333.0,167936
2017-09-26,10705,19812,-9107,74922,26351,48571,1698,44373,-42675,87325,90536,-3211,9064,13984,-4920,696,3731,-3035,91,0,91,9851,17715,-7864,10299.0,10369.0,10261.0,10264.0,167202
2017-09-27,9726,17168,-7442,72931,24512,48419,1685,42152,-40467,84342,83832,510,8782,11281,-2499,700,2952,-2252,91,0,91,9573,14233,-4660,10300.0,10340.0,10290.0,10319.0,130608
2017-09-28,10167,17734,-7567,71875,27703,44172,1775,40178,-38403,83817,85615,-1798,9088,11471,-2383,706,3353,-2647,91,0,91,9885,14824,-4939,10349.0,10350.0,10266.0,10299.0,161794
2017-09-29,9543,17767,-8224,72962,27331,45631,1789,40382,-38593,84294,85480,-1186,8804,11513,-2709,853,3218,-2365,91,0,91,9748,14731,-4983,10299.0,10328.0,10263.0,10321.0,128676
2017-09-30,10426,17442,-7016,73001,27039,45962,1991,39357,-37366,85418,83838,1580,8176,8595,-419,891,2639,-1748,91,0,91,9158,11234,-2076,10360.0,10394.0,10354.0,10380.0,45435
2017-10-02,11532,18411,-6879,73744,23690,50054,2024,37355,-35331,87300,79456,7844,9374,6320,3054,1449,2041,-592,91,0,91,10914,8361,2553,10392.0,10458.0,10386.0,10449.0,110414
2017-10-03,13506,17090,-3584,72490,24109,48381,1967,36239,-34272,87963,77438,10525,10511,5362,5149,1007,1886,-879,91,0,91,11609,7248,4361,10470.0,10475.0,10427.0,10462.0,110520
2017-10-05,10878,16199,-5321,77126,23975,53151,2035,35563,-33528,90039,75737,14302,11925,5551,6374,934,1651,-717,91,0,91,12950,7202,5748,10460.0,10519.0,10438.0,10505.0,110479
2017-10-06,11356,15686,-4330,75510,22567,52943,2141,35632,-33491,89007,73885,15122,13519,5307,8212,1337,1098,239,181,0,181,15037,6405,8632,10537.0,10542.0,10496.0,10524.0,92459
2017-10-11,10202,14230,-4028,82681,24114,58567,2173,34805,-32632,95056,73149,21907,17742,4791,12951,3132,1153,1979,181,0,181,21055,5944,15111,10556.0,10648.0,10555.0,10633.0,167230
2017-10-12,10759,13341,-2582,84662,25292,59370,2131,34284,-32153,97552,72917,24635,21906,4449,17457,4054,1017,3037,181,0,181,26141,5466,20675,10657.0,10705.0,10640.0,10697.0,103406
2017-10-13,11991,12828,-837,86903,29067,57836,2056,34264,-32208,100950,76159,24791,23205,4277,18928,4395,1129,3266,181,0,181,27781,5406,22375,10688.0,10713.0,10670.0,10711.0,80576
2017-10-16,12840,13832,-992,97183,41403,55780,2044,34000,-31956,112067,89235,22832,23939,6591,17348,4708,1350,3358,181,0,181,28828,7941,20887,10745.0,10763.0,10710.0,10757.0,125324
2017-10-17,11146,14166,-3020,97988,41987,56001,1991,34140,-32149,111125,90293,20832,23399,4555,18844,5181,1150,4031,91,0,91,28671,5705,22966,10776.0,10781.0,10720.0,10724.0,119600
2017-10-18,6157,12774,-6617,77900,20186,57714,1962,34134,-32172,86019,67094,18925,14062,2345,11717,2159,274,1885,301,0,301,16522,2619,13903,10745.0,10783.0,10686.0,10727.0,95719
2017-10-19,6166,12180,-6014,78809,21933,56876,2102,33463,-31361,87077,67576,19501,13806,2756,11050,2505,705,1800,301,0,301,16612,3461,13151,10748.0,10800.0,10733.0,10761.0,119912
2017-10-20,5624,13064,-7440,80084,22080,58004,2060,33510,-31450,87768,68654,19114,13970,4028,9942,2699,770,1929,301,0,301,16970,4798,12172,10736.0,10764.0,10700.0,10732.0,115444
2017-10-23,7896,12011,-4115,77484,22031,55453,2081,33474,-31393,87461,67516,19945,13827,4164,9663,3157,856,2301,301,0,301,17285,5020,12265,10764.0,10786.0,10720.0,10736.0,115411
2017-10-24,6832,12202,-5370,79289,22959,56330,2147,32764,-30617,88268,67925,20343,13710,4000,9710,3274,1151,2123,301,0,301,17285,5151,12134,10725.0,10758.0,10709.0,10744.0,90267
2017-10-25,6783,11810,-5027,76166,23091,53075,2091,32765,-30674,85040,67666,17374,12827,4671,8156,3059,1941,1118,301,0,301,16187,6612,9575,10769.0,10782.0,10728.0,10739.0,118851
2017-10-26,5594,11682,-6088,77492,23833,53659,1967,32477,-30510,85053,67992,17061,12237,5060,7177,3489,2251,1238,301,0,301,16027,7311,8716,10715.0,10750.0,10693.0,10728.0,100701
2017-10-27,6891,12442,-5551,77894,24847,53047,1668,32678,-31010,86453,69967,16486,11309,5775,5534,3130,2719,411,91,0,91,14530,8494,6036,10748.0,10792.0,10684.0,10710.0,146685
2017-10-30,6830,11165,-4335,81124,25700,55424,1903,31794,-29891,89857,68659,21198,12428,6100,6328,3032,1848,1184,91,0,91,15551,7948,7603,10763.0,10820.0,10724.0,10748.0,157841
2017-10-31,8671,10337,-1666,81299,27050,54249,1754,31779,-30025,91724,69166,22558,16402,5998,10404,2796,2355,441,91,0,91,19289,8353,10936,10754.0,10800.0,10730.0,10783.0,119823
2017-11-01,8096,9736,-1640,77963,27171,50792,1880,31544,-29664,87939,68451,19488,16394,7593,8801,2333,2771,-438,91,0,91,18818,10364,8454,10820.0,10826.0,10775.0,10809.0,119466
2017-11-02,8410,10407,-1997,78170,27224,50946,1749,31550,-29801,88329,69181,19148,15474,8937,6537,2546,3251,-705,91,0,91,18111,12188,5923,10770.0,10806.0,10758.0,10781.0,104964
2017-11-03,9571,10205,-634,76727,28078,48649,1676,31821,-30145,87974,70104,17870,16680,10158,6522,2360,3081,-721,91,0,91,19131,13239,5892,10806.0,10810.0,10747.0,10788.0,108240
2017-11-06,11248,11276,-28,76720,29801,46919,1918,31526,-29608,89886,72603,17283,16515,11317,5198,1292,3730,-2438,91,0,91,17898,15047,2851,10793.0,10828.0,10745.0,10771.0,132222
2017-11-07,12225,10273,1952,76830,27165,49665,1936,31153,-29217,90991,68591,22400,17515,10175,7340,2052,1940,112,91,0,91,19658,12115,7543,10789.0,10825.0,10778.0,10825.0,101729
2017-11-08,12172,9751,2421,73243,26601,46642,1933,31153,-29220,87348,67505,19843,17075,11873,5202,1832,3005,-1173,91,0,91,18998,14878,4120,10810.0,10824.0,10796.0,10804.0,78467
2017-11-09,12219,10900,1319,73692,29194,44498,1551,31736,-30185,87462,71830,15632,15090,13607,1483,1512,3032,-1520,91,0,91,16693,16639,54,10812.0,10823.0,10706.0,10723.0,160617
2017-11-10,10704,10685,19,77267,30921,46346,1505,31730,-30225,89476,73336,16140,15472,12729,2743,1858,3064,-1206,91,0,91,17421,15793,1628,10687.0,10737.0,10662.0,10728.0,117845
2017-11-13,11248,12005,-757,76678,29710,46968,1397,31930,-30533,89323,73645,15678,14390,14387,3,3705,3509,196,91,0,91,18186,17896,290,10710.0,10726.0,10688.0,10693.0,122834
2017-11-14,12302,10204,2098,82523,38111,44412,1550,31630,-30080,96375,79945,16430,17564,16182,1382,3178,3692,-514,127,0,127,20869,19874,995,10695.0,10715.0,10638.0,10684.0,147006
2017-11-15,5775,6556,-781,67995,29600,38395,1403,32184,-30781,75173,68340,6833,3095,9320,-6225,2592,1026,1566,135,315,-180,5822,10661,-4839,10645.0,10658.0,10602.0,10638.0,103668
2017-11-16,6209,6951,-742,69219,29623,39596,1420,32182,-30762,76848,68756,8092,4575,10492,-5917,4613,800,3813,95,315,-220,9283,11607,-2324,10587.0,10634.0,10579.0,10617.0,94296
2017-11-17,5836,7845,-2009,71797,24523,47274,1690,32292,-30602,79323,64660,14663,6067,8599,-2532,5835,203,5632,95,315,-220,11997,9117,2880,10690.0,10710.0,10672.0,10707.0,121593
2017-11-20,6744,7571,-827,70372,27036,43336,1657,32929,-31272,78773,67536,11237,6702,9375,-2673,3477,189,3288,87,339,-252,10266,9903,363,10714.0,10719.0,10654.0,10667.0,99690
2017-11-21,7370,7556,-186,73146,28067,45079,1736,32183,-30447,82252,67806,14446,8159,8777,-618,4724,160,4564,87,363,-276,12970,9300,3670,10695.0,10788.0,10682.0,10788.0,132592
2017-11-22,7954,7499,455,75471,27912,47559,1731,32980,-31249,85156,68391,16765,10055,8196,1859,5366,159,5207,87,371,-284,15508,8726,6782,10825.0,10877.0,10807.0,10827.0,146144
2017-11-23,8439,7033,1406,74703,27514,47189,1774,32927,-31153,84916,67474,17442,10748,7949,2799,5538,159,5379,87,24,63,16373,8132,8241,10826.0,10857.0,10810.0,10856.0,79595
2017-11-24,8806,6891,1915,74286,27377,46909,1815,33901,-32086,84907,68169,16738,10126,8315,1811,5187,219,4968,95,0,95,15408,8534,6874,10841.0,10856.0,10829.0,10856.0,62301
2017-11-27,8604,7793,811,70923,28471,42452,1473,34767,-33294,81000,71031,9969,7629,12485,-4856,2756,381,2375,95,0,95,10480,12866,-2386,10841.0,10848.0,10737.0,10750.0,133131
2017-11-28,7038,10057,-3019,70569,28270,42299,1460,34828,-33368,79067,73155,5912,7222,13624,-6402,2967,581,2386,64,0,64,10253,14205,-3952,10735.0,10753.0,10695.0,10708.0,126732
2017-11-29,6733,8100,-1367,70565,28451,42114,1490,34652,-33162,78788,71203,7585,7081,14287,-7206,3287,417,2870,48,0,48,10416,14704,-4288,10747.0,10763.0,10708.0,10729.0,109461
2017-11-30,7793,9171,-1378,70505,33327,37178,1479,35173,-33694,79777,77671,2106,5550,18160,-12610,2367,3887,-1520,48,0,48,7965,22047,-14082,10650.0,10658.0,10569.0,10574.0,165880
2017-12-01,8596,9795,-1199,69823,30022,39801,1517,34729,-33212,79936,74546,5390,6011,18376,-12365,2695,2575,120,48,420,-372,8754,21371,-12617,10607.0,10664.0,10495.0,10604.0,199655
2017-12-04,8560,9795,-1235,69097,28576,40521,1565,34613,-33048,79222,72984,6238,6271,17976,-11705,3443,1730,1713,48,420,-372,9762,20126,-10364,10604.0,10651.0,10564.0,10649.0,140764
2017-12-05,8359,10344,-1985,69301,28955,40346,1635,35007,-33372,79295,74306,4989,6152,19353,-13201,3340,2260,1080,48,420,-372,9540,22033,-12493,10595.0,10627.0,10546.0,10573.0,158257
2017-12-06,8052,11567,-3515,70353,30203,40150,1860,36313,-34453,80265,78083,2182,5167,22265,-17098,1764,4658,-2894,48,420,-372,6979,27343,-20364,10540.0,10557.0,10375.0,10386.0,202074
2017-12-07,7519,11734,-4215,71195,31973,39222,1884,35764,-33880,80598,79471,1127,5278,22708,-17430,2554,4210,-1656,48,420,-372,7880,27338,-19458,10388.0,10427.0,10331.0,10360.0,167939
2017-12-08,8278,11795,-3517,70149,33531,36618,2020,35223,-33203,80447,80549,-102,4872,21922,-17050,2686,4311,-1625,48,420,-372,7606,26653,-19047,10388.0,10413.0,10336.0,10397.0,143627
2017-12-11,7941,11825,-3884,69134,30229,38905,2040,34195,-32155,79115,76249,2866,4925,20188,-15263,2008,3861,-1853,48,420,-372,6981,24469,-17488,10416.0,10497.0,10415.0,10479.0,120409
2017-12-12,8292,11424,-3132,69190,29911,39279,2026,34637,-32611,79508,75972,3536,5619,19353,-13734,1965,3365,-1400,47,420,-373,7631,23138,-15507,10496.0,10498.0,10386.0,10432.0,133771
2017-12-13,7040,11862,-4822,70199,28505,41694,1989,34312,-32323,79228,74679,4549,6617,20220,-13603,2183,2653,-470,47,420,-373,8847,23293,-14446,10433.0,10475.0,10421.0,10449.0,116735
2017-12-14,6376,12569,-6193,74253,29297,44956,2159,34165,-32006,82788,76031,6757,9463,19832,-10369,2218,1788,430,47,420,-373,11728,22040,-10312,10508.0,10582.0,10498.0,10528.0,137554
2017-12-15,9217,10191,-974,73826,34079,39747,1898,35121,-33223,84941,79391,5550,9207,19262,-10055,1899,2537,-638,47,420,-373,11153,22219,-11066,10510.0,10515.0,10421.0,10485.0,165569
2017-12-18,10316,10850,-534,78352,40158,38194,1757,34590,-32833,90425,85598,4827,7332,19264,-11932,3230,1739,1491,71,420,-349,10633,21423,-10790,10527.0,10531.0,10456.0,10502.0,137457
2017-12-19,8112,11485,-3373,84319,41664,42655,1742,34624,-32882,94173,87773,6400,7743,19454,-11711,2765,1902,863,71,0,71,10579,21356,-10777,10522.0,10530.0,10443.0,10459.0,152949
2017-12-20,4455,8651,-4196,65699,20117,45582,1728,35179,-33451,71882,63947,7935,5537,8253,-2716,2702,849,1853,39,40,-1,8278,9142,-864,10457.0,10509.0,10457.0,10497.0,88577
2017-12-21,4154,8474,-4320,65705,22131,43574,1724,35479,-33755,71583,66084,5499,5006,9818,-4812,1422,1509,-87,39,56,-17,6467,11383,-4916,10492.0,10539.0,10475.0,10497.0,120042
2017-12-22,4530,9138,-4608,66338,21169,45169,1779,34888,-33109,72647,65195,7452,6287,9757,-3470,1954,1557,397,39,56,-17,8280,11370,-3090,10498.0,10535.0,10473.0,10535.0,83929
2017-12-25,4423,9640,-5217,66574,21024,45550,1708,34943,-33235,72705,65607,7098,6085,10407,-4322,2299,1237,1062,39,56,-17,8423,11700,-3277,10549.0,10564.0,10520.0,10526.0,73249
2017-12-26,4481,10596,-6115,66042,22619,43423,1528,36292,-34764,72051,69507,2544,4959,11920,-6961,863,1387,-524,39,56,-17,5861,13363,-7502,10540.0,10541.0,10406.0,10416.0,148599
2017-12-27,3954,11040,-7086,70161,21346,48815,1613,36729,-35116,75728,69115,6613,6729,12228,-5499,2794,1050,1744,39,56,-17,9562,13334,-3772,10398.0,10485.0,10393.0,10476.0,115742
2017-12-28,5310,11831,-6521,73215,21888,51327,1914,36533,-34619,80439,70252,10187,8984,12903,-3919,3735,1019,2716,39,24,15,12758,13946,-1188,10495.0,10593.0,10494.0,10562.0,143604
2017-12-29,6778,11316,-4538,72655,23916,48739,1962,35337,-33375,81395,70569,10826,9274,12676,-3402,4380,1067,3313,39,24,15,13693,13767,-74,10593.0,10644.0,10576.0,10636.0,122636
2018-01-02,10826,13712,-2886,76058,23916,52142,2054,35720,-33666,88938,73348,15590,12583,11706,877,4938,1102,3836,39,24,15,17560,12832,4728,10629.0,10710.0,10621.0,10709.0,108602
2018-01-03,10174,12011,-1837,75808,24877,50931,2035,35633,-33598,88017,72521,15496,14967,12210,2757,4984,975,4009,39,24,15,19990,13209,6781,10748.0,10797.0,10729.0,10789.0,120998
2018-01-04,10242,11554,-1312,74716,22797,51919,1895,35494,-33599,86853,69845,17008,17742,12897,4845,5445,1005,4440,39,8,31,23226,13910,9316,10831.0,10840.0,10770.0,10837.0,119190
2018-01-05,10068,11808,-1740,73223,21517,51706,1818,35475,-33657,85109,68800,16309,19176,13944,5232,5184,501,4683,39,8,31,24399,14453,9946,10838.0,10867.0,10801.0,10857.0,110637
2018-01-08,11730,10689,1041,73599,23925,49674,1740,35468,-33728,87069,70082,16987,19759,14273,5486,6927,815,6112,55,0,55,26741,15088,11653,10886.0,10900.0,10843.0,10886.0,106537
2018-01-09,11098,11155,-57,77432,24119,53313,1808,35472,-33664,90338,70746,19592,21880,15408,6472,7808,588,7220,295,0,295,29983,15996,13987,10889.0,10909.0,10850.0,10881.0,97025
2018-01-10,9030,13323,-4293,77298,23573,53725,1700,35053,-33353,88028,71949,16079,19900,14247,5653,8006,596,7410,295,0,295,28201,14843,13358,10885.0,10904.0,10806.0,10809.0,132570
2018-01-11,8774,12182,-3408,78216,25748,52468,1655,34557,-32902,88645,72487,16158,21251,14407,6844,8479,610,7869,295,0,295,30025,15017,15008,10808.0,10834.0,10765.0,10801.0,135869
2018-01-12,10413,15103,-4690,81840,26763,55077,1779,33510,-31731,94032,75376,18656,21641,13451,8190,8480,774,7706,295,0,295,30416,14225,16191,10824.0,10898.0,10818.0,10876.0,124266
2018-01-15,12668,12666,2,77665,26671,50994,1643,32553,-30910,91976,71890,20086,24112,14067,10045,8119,654,7465,295,0,295,32526,14721,17805,10930.0,10958.0,10902.0,10955.0,134712
2018-01-16,13147,13828,-681,81553,33189,48364,1656,32533,-30877,96356,79550,16806,24129,13075,11054,8324,876,7448,55,16,39,32508,13967,18541,10939.0,10986.0,10918.0,10983.0,118376
2018-01-17,6105,11274,-5169,74986,22569,52417,1735,32081,-30346,82826,65924,16902,15672,6114,9558,4099,373,3726,39,16,23,19810,6503,13307,10955.0,11024.0,10940.0,11020.0,85210
2018-01-18,5665,11031,-5366,73877,25211,48666,1642,29483,-27841,81184,65725,15459,15382,5340,10042,4179,2015,2164,39,40,-1,19600,7395,12205,11063.0,11137.0,11036.0,11054.0,179169
2018-01-19,7029,11372,-4343,75602,26190,49412,1713,29975,-28262,84344,67537,16807,17347,6172,11175,5744,2213,3531,249,0,249,23340,8385,14955,11096.0,11142.0,11080.0,11139.0,106496
2018-01-22,11318,10734,584,69928,27659,42269,1760,30432,-28672,83006,68825,14181,19148,7360,11788,3346,2548,798,249,0,249,22743,9908,12835,11136.0,11225.0,11113.0,11222.0,139799
2018-01-23,12929,10101,2828,68341,29676,38665,1807,32594,-30787,83077,72371,10706,18519,9402,9117,2522,2755,-233,289,0,289,21330,12157,9173,11241.0,11253.0,11181.0,11225.0,152547
2018-01-24,9311,8522,789,70044,28482,41562,1711,34846,-33135,81066,71850,9216,15736,12261,3475,2780,1830,950,289,0,289,18805,14091,4714,11199.0,11203.0,11090.0,11126.0,171874
2018-01-25,9418,10153,-735,74067,27232,46835,1865,36176,-34311,85350,73561,11789,16496,13337,3159,5121,1722,3399,289,0,289,21906,15059,6847,11117.0,11271.0,11116.0,11154.0,207680
2018-01-26,8311,10428,-2117,73771,26983,46788,1982,37271,-35289,84064,74682,9382,15905,12540,3365,4953,629,4324,289,0,289,21147,13169,7978,11170.0,11186.0,11079.0,11146.0,172894
2018-01-29,11264,10139,1125,71473,27297,44176,1973,37220,-35247,84710,74656,10054,15710,12766,2944,5706,643,5063,79,0,79,21495,13409,8086,11215.0,11238.0,11155.0,11196.0,139210
2018-01-30,9560,11340,-1780,73554,25238,48316,1880,37804,-35924,84994,74382,10612,13673,13821,-148,5738,539,5199,79,0,79,19490,14360,5130,11164.0,11190.0,11064.0,11064.0,176699
2018-01-31,7265,10418,-3153,76896,27213,49683,1891,37692,-35801,86052,75323,10729,14270,13831,439,7003,1423,5580,79,0,79,21352,15254,6098,11050.0,11144.0,11017.0,11098.0,190849
2018-02-01,9284,11234,-1950,77012,29065,47947,1929,37273,-35344,88225,77572,10653,13341,12653,688,5623,1530,4093,79,0,79,19043,14183,4860,11127.0,11199.0,11112.0,11160.0,141148
2018-02-02,10858,11735,-877,74813,30769,44044,1820,37417,-35597,87491,79921,7570,13567,13413,154,3780,1216,2564,79,0,79,17426,14629,2797,11111.0,11132.0,11041.0,11116.0,176534
2018-02-05,10805,11780,-975,72215,32066,40149,1825,37771,-35946,84845,81617,3228,13579,14518,-939,792,1387,-595,79,0,79,14450,15905,-1455,10888.0,10952.0,10848.0,10928.0,185574
2018-02-06,13151,20519,-7368,71010,27939,43071,1739,40473,-38734,85900,88931,-3031,17141,21597,-4456,2771,2603,168,79,0,79,19991,24200,-4209,10643.0,10663.0,10242.0,10399.0,409245
2018-02-07,10272,16740,-6468,73006,24818,48188,1831,38858,-37027,85109,80416,4693,16842,19497,-2655,1777,1130,647,79,0,79,18698,20627,-1929,10600.0,10669.0,10510.0,10517.0,236946
2018-02-08,11586,17704,-6118,72213,26274,45939,1829,38884,-37055,85628,82862,2766,15181,19364,-4183,2354,1779,575,79,0,79,17614,21143,-3529,10526.0,10595.0,10492.0,10518.0,182147
2018-02-09,14244,17703,-3459,71902,29338,42564,1738,39622,-37884,87884,86663,1221,14635,21267,-6632,1288,1327,-39,79,0,79,16002,22594,-6592,10203.0,10368.0,10121.0,10353.0,257335
2018-02-12,13622,16014,-2392,74313,31672,42641,1785,38680,-36895,89720,86366,3354,14775,20186,-5411,1501,2206,-705,77,0,77,16353,22392,-6039,10420.0,10438.0,10377.0,10410.0,151528
2018-02-21,8329,12018,-3689,68699,20923,47776,1904,36134,-34230,78932,69075,9857,11314,12028,-714,2972,937,2035,287,40,247,14573,13005,1568,10630.0,10718.0,10591.0,10705.0,94033
2018-02-22,8315,11681,-3366,65514,22621,42893,1440,36046,-34606,75269,70348,4921,10045,12579,-2534,134,3095,-2961,287,40,247,10466,15714,-5248,10646.0,10655.0,10593.0,10626.0,124336
2018-02-23,9020,12911,-3891,68850,20866,47984,1470,34643,-33173,79340,68420,10920,11471,12706,-1235,2184,1618,566,287,40,247,13942,14364,-422,10680.0,10789.0,10676.0,10781.0,131504
2018-02-26,9006,11930,-2924,66046,21998,44048,1518,34126,-32608,76570,68054,8516,11166,12858,-1692,287,1980,-1693,287,40,247,11740,14878,-3138,10867.0,10868.0,10801.0,10822.0,101181
2018-02-27,8750,12981,-4231,66620,21398,45222,1605,34140,-32535,76975,68519,8456,10970,13242,-2272,1249,2243,-994,288,40,248,12507,15525,-3018,10890.0,10914.0,10784.0,10791.0,119787
2018-03-01,8381,12905,-4524,66810,21554,45256,1516,34709,-33193,76707,69168,7539,11631,13464,-1833,806,1139,-333,288,40,248,12725,14643,-1918,10604.0,10778.0,10600.0,10735.0,150471
2018-03-02,9164,13975,-4811,67383,21635,45748,1453,35426,-33973,78000,71036,6964,12031,13632,-1601,792,1482,-690,288,40,248,13111,15154,-2043,10614.0,10696.0,10579.0,10681.0,167243
2018-03-05,9510,14132,-4622,68589,23440,45149,1403,35731,-34328,79502,73303,6199,11678,14261,-2583,625,3392,-2767,288,40,248,12591,17693,-5102,10695.0,10741.0,10598.0,10635.0,172804
2018-03-06,11238,14805,-3567,70899,23125,47774,1437,34834,-33397,83574,72764,10810,13804,14679,-875,2087,993,1094,288,40,248,16179,15712,467,10730.0,10789.0,10712.0,10787.0,142401
2018-03-07,9693,14196,-4503,70459,24185,46274,1396,34878,-33482,81548,73259,8289,12359,15311,-2952,824,1682,-858,288,40,248,13471,17033,-3562,10712.0,10817.0,10700.0,10712.0,158990
2018-03-08,10150,13726,-3576,73679,24015,49664,1426,34392,-32966,85255,72133,13122,14511,16492,-1981,5985,891,5094,288,40,248,20784,17423,3361,10778.0,10847.0,10767.0,10829.0,119702
2018-03-09,9733,14073,-4340,72482,23563,48919,1429,33417,-31988,83644,71053,12591,15579,16534,-955,4937,915,4022,288,40,248,20804,17489,3315,10906.0,10910.0,10827.0,10865.0,128355
2018-03-12,11075,14839,-3764,76776,25672,51104,1495,31964,-30469,89346,72475,16871,19896,18715,1181,7711,875,6836,288,40,248,27895,19630,8265,10965.0,11025.0,10948.0,11024.0,122637
2018-03-13,12352,14667,-2315,75674,25661,50013,1485,31165,-29680,89511,71493,18018,22126,20874,1252,9761,993,8768,288,40,248,32175,21907,10268,11028.0,11103.0,11013.0,11100.0,108806
2018-03-14,10893,13383,-2490,73320,25377,47943,1495,31191,-29696,85708,69951,15757,21869,20381,1488,6956,1376,5580,288,40,248,29113,21797,7316,11048.0,11066.0,11003.0,11031.0,127357
2018-03-15,11696,15054,-3358,77254,28794,48460,1450,31195,-29745,90400,75043,15357,23869,22061,1808,8647,1724,6923,288,40,248,32804,23825,8979,10994.0,11068.0,10985.0,11041.0,111968
2018-03-16,12714,13284,-570,72713,30992,41721,1473,31437,-29964,86900,75713,11187,23107,21678,1429,6724,2052,4672,48,220,-172,29879,23950,5929,11038.0,11043.0,10923.0,11018.0,189713
2018-03-19,9841,11755,-1914,76093,32202,43891,1495,31848,-30353,87429,75805,11624,21708,18603,3105,5162,2083,3079,48,220,-172,26918,20906,6012,10975.0,11054.0,10959.0,11028.0,151802
2018-03-20,11024,12541,-1517,81923,37670,44253,1440,31840,-30400,94387,82051,12336,23338,19021,4317,5524,2454,3070,48,220,-172,28910,21695,7215,10973.0,11025.0,10957.0,11012.0,123903
2018-03-21,6785,12418,-5633,66558,22128,44430,1436,31702,-30266,74779,66248,8531,14541,7756,6785,2809,2053,756,38,210,-172,17388,10019,7369,11030.0,11073.0,11011.0,11044.0,80714
2018-03-22,6762,12638,-5876,66430,20893,45537,1468,32555,-31087,74660,66086,8574,13742,9940,3802,2388,1952,436,48,220,-172,16178,12112,4066,11036.0,11122.0,10961.0,10989.0,192263
2018-03-23,7434,13871,-6437,68582,23197,45385,1352,33858,-32506,77368,70926,6442,15658,13322,2336,1043,3417,-2374,258,10,248,16959,16749,210,10730.0,10816.0,10718.0,10734.0,178593
2018-03-26,6971,12391,-5420,70742,21929,48813,1397,34149,-32752,79110,68469,10641,15156,10043,5113,952,2520,-1568,258,10,248,16366,12573,3793,10693.0,10847.0,10682.0,10840.0,147862
2018-03-27,7978,13540,-5562,69039,22119,46920,1433,33336,-31903,78450,68995,9455,14369,9299,5070,1672,2220,-548,258,10,248,16299,11529,4770,10948.0,10991.0,10906.0,10989.0,131507
2018-03-28,5800,12582,-6782,68622,25556,43066,1350,34015,-32665,75772,72153,3619,14422,11396,3026,387,6773,-6386,258,10,248,15067,18179,-3112,10879.0,10910.0,10809.0,10820.0,155315
2018-03-29,5897,12207,-6310,67820,24294,43526,1370,34057,-32687,75087,70558,4529,14417,12111,2306,1413,4516,-3103,78,40,38,15908,16667,-759,10830.0,10859.0,10773.0,10840.0,149221
2018-03-30,6014,13680,-7666,69988,21221,48767,1407,33584,-32177,77409,68485,8924,14558,10946,3612,3890,3242,648,78,40,38,18526,14228,4298,10921.0,10974.0,10904.0,10919.0,111968
2018-03-31,5383,13916,-8533,70375,21589,48786,1410,33558,-32148,77168,69063,8105,15548,10746,4802,3940,3236,704,78,40,38,19566,14022,5544,10947.0,10949.0,10912.0,10926.0,24169
2018-04-02,5215,13658,-8443,70657,21516,49141,1360,33789,-32429,77232,68963,8269,15119,11086,4033,2118,2612,-494,78,40,38,17315,13738,3577,10920.0,10958.0,10843.0,10865.0,137934
2018-04-03,5448,13619,-8171,69934,22470,47464,1359,34416,-33057,76741,70505,6236,15013,12731,2282,1381,5039,-3658,78,40,38,16472,17810,-1338,10774.0,10807.0,10738.0,10784.0,133955
2018-04-09,6394,12657,-6263,71529,21369,50160,1358,33043,-31685,79281,67069,12212,17586,11919,5667,3214,2073,1141,78,40,38,20878,14032,6846,10838.0,10911.0,10813.0,10904.0,155952
2018-04-10,6411,14186,-7775,72054,22103,49951,1428,31653,-30225,79893,67942,11951,17619,9766,7853,3671,2716,955,78,40,38,21368,12522,8846,10874.0,10993.0,10852.0,10949.0,172575
2018-04-11,7615,12871,-5256,71845,23241,48604,1438,30824,-29386,80898,66936,13962,19773,9340,10433,3509,1889,1620,94,40,54,23376,11269,12107,10959.0,11007.0,10948.0,10979.0,119383
2018-04-12,7790,10954,-3164,64938,23366,41572,1407,29969,-28562,74135,64289,9846,18999,11302,7697,3601,2617,984,94,40,54,22694,13959,8735,10993.0,11024.0,10905.0,10943.0,145737
2018-04-13,9579,12559,-2980,67915,24497,43418,1418,28760,-27342,78912,65816,13096,19086,10214,8872,5090,2644,2446,94,40,54,24270,12898,11372,10966.0,10988.0,10920.0,10955.0,118585
2018-04-16,10040,12652,-2612,68391,27056,41335,1405,28430,-27025,79836,68138,11698,19472,10174,9298,4273,2852,1421,94,40,54,23839,13066,10773,10975.0,10976.0,10908.0,10943.0,145646
2018-04-17,8048,13115,-5067,66312,29599,36713,1330,29282,-27952,75690,71996,3694,16892,14240,2652,4968,6041,-1073,78,40,38,21938,20321,1617,10958.0,10963.0,10802.0,10806.0,156247
2018-04-18,6356,9937,-3581,61686,21788,39898,1319,29281,-27962,69361,61006,8355,13541,8071,5470,492,4231,-3739,258,40,218,14291,12342,1949,10849.0,10909.0,10789.0,10845.0,106426
2018-04-19,8959,13006,-4047,72232,22070,50162,1506,28480,-26974,82697,63556,19141,18634,9466,9168,4964,1367,3597,258,40,218,23856,10873,12983,10856.0,10975.0,10852.0,10969.0,147058
2018-04-20,5625,12650,-7025,61381,30348,31033,1473,29326,-27853,68479,72324,-3845,14359,9456,4903,250,12916,-12666,78,40,38,14687,22412,-7725,10869.0,10870.0,10776.0,10788.0,168412
2018-04-23,5424,11533,-6109,60045,30053,29992,1517,29611,-28094,66986,71197,-4211,12713,10050,2663,367,14895,-14528,78,40,38,13158,24985,-11827,10731.0,10767.0,10687.0,10694.0,143144
2018-04-24,5952,12340,-6388,58352,29554,28798,1544,29690,-28146,65848,71584,-5736,10442,11214,-772,250,14393,-14143,78,40,38,10770,25647,-14877,10692.0,10694.0,10547.0,10583.0,185925
2018-04-25,6623,9087,-2464,56743,27749,28994,1643,29328,-27685,65009,66164,-1155,10958,11034,-76,482,13587,-13105,78,40,38,11518,24661,-13143,10487.0,10558.0,10468.0,10535.0,167276
2018-04-26,5634,10494,-4860,56134,27790,28344,1660,28848,-27188,63428,67132,-3704,11006,11066,-60,211,14458,-14247,78,40,38,11295,25564,-14269,10601.0,10621.0,10470.0,10476.0,173837
2018-04-27,4600,9800,-5200,57436,25010,32426,1671,28423,-26752,63707,63233,474,13513,11402,2111,869,11456,-10587,78,40,38,14460,22898,-8438,10561.0,10565.0,10483.0,10561.0,138888
2018-04-30,5157,10027,-4870,56268,25393,30875,1728,27668,-25940,63153,63088,65,14640,11572,3068,1118,13208,-12090,90,40,50,15848,24820,-8972,10593.0,10655.0,10537.0,10655.0,132890
2018-05-02,5485,8913,-3428,57554,26814,30740,1768,27252,-25484,64807,62979,1828,13260,9474,3786,964,13228,-12264,90,40,50,14314,22742,-8428,10631.0,10670.0,10597.0,10609.0,119121
2018-05-03,6509,10799,-4290,56374,28450,27924,1739,27104,-25365,64622,66353,-1731,12941,10159,2782,530,16075,-15545,90,40,50,13561,26274,-12713,10560.0,10575.0,10488.0,10506.0,145487
2018-05-04,6204,9117,-2913,52861,27597,25264,1786,27044,-25258,60851,63758,-2907,12267,10411,1856,619,4917,-4298,90,40,50,12976,15368,-2392,10506.0,10544.0,10468.0,10523.0,146168
2018-05-07,6883,8455,-1572,52805,29705,23100,1821,26507,-24686,61509,64667,-3158,12779,10155,2624,1859,4323,-2464,90,40,50,14728,14518,210,10599.0,10615.0,10529.0,10595.0,139344
2018-05-08,7433,8937,-1504,56786,27416,29370,1856,26206,-24350,66075,62559,3516,16026,10015,6011,3271,2556,715,90,40,50,19387,12611,6776,10597.0,10672.0,10580.0,10669.0,120547
2018-05-09,7401,9185,-1784,59457,25599,33858,1862,25938,-24076,68720,60722,7998,17891,8151,9740,3119,2240,879,86,40,46,21096,10431,10665,10685.0,10731.0,10666.0,10704.0,138372
2018-05-10,9077,9360,-283,59360,26620,32740,1893,25665,-23772,70330,61645,8685,21796,9819,11977,2316,2400,-84,86,40,46,24198,12259,11939,10732.0,10771.0,10723.0,10763.0,117424
2018-05-11,7965,11554,-3589,65284,24496,40788,1919,25426,-23507,75168,61476,13692,24201,9264,14937,5599,1909,3690,86,40,46,29886,11213,18673,10819.0,10865.0,10806.0,10861.0,127629
2018-05-14,8692,10486,-1794,67555,27449,40106,1913,25365,-23452,78160,63300,14860,25231,9159,16072,5806,1965,3841,86,40,46,31123,11164,19959,10926.0,10968.0,10891.0,10958.0,132634
2018-05-15,7640,10091,-2451,69880,31444,38436,1844,25656,-23812,79364,67191,12173,24843,9633,15210,4940,1964,2976,46,0,46,29829,11597,18232,10946.0,10961.0,10857.0,10869.0,137727
2018-05-16,4939,7631,-2692,62969,20505,42464,1892,25630,-23738,69800,53766,16034,10233,5623,4610,2147,465,1682,46,0,46,12426,6088,6338,10845.0,10907.0,10839.0,10872.0,89647
2018-05-17,6211,8791,-2580,60255,23300,36955,1829,25633,-23804,68295,57724,10571,10284,6661,3623,354,1306,-952,76,0,76,10714,7967,2747,10920.0,10928.0,10823.0,10826.0,126166
2018-05-18,5580,9154,-3574,61471,23277,38194,1829,25658,-23829,68880,58089,10791,10059,6969,3090,373,1380,-1007,76,0,76,10508,8349,2159,10834.0,10873.0,10805.0,10820.0,109398
2018-05-21,5842,8483,-2641,64969,23117,41852,1896,25302,-23406,72707,56902,15805,13266,7428,5838,1593,2075,-482,76,0,76,14935,9503,5432,10865.0,10966.0,10863.0,10965.0,101176
2018-05-22,8115,8630,-515,61615,23617,37998,1792,25742,-23950,71522,57989,13533,14235,7716,6519,477,3195,-2718,76,0,76,14788,10911,3877,10969.0,10999.0,10913.0,10922.0,114865
2018-05-23,6475,9269,-2794,64848,25448,39400,1785,26165,-24380,73108,60882,12226,12908,7378,5530,343,3910,-3567,76,0,76,13327,11288,2039,10933.0,10998.0,10855.0,10858.0,138032
2018-05-24,8406,9244,-838,66489,24803,41686,1787,26087,-24300,76682,60134,16548,14399,7657,6742,690,2319,-1629,76,0,76,15165,9976,5189,10879.0,10923.0,10851.0,10917.0,113285
2018-05-25,7491,9976,-2485,69470,24473,44997,1790,26084,-24294,78751,60533,18218,15231,7710,7521,473,2200,-1727,76,0,76,15780,9910,5870,10921.0,10956.0,10890.0,10932.0,107432
2018-05-28,9047,9881,-834,68113,24625,43488,1793,25700,-23907,78953,60206,18747,16533,7427,9106,335,2015,-1680,76,0,76,16944,9442,7502,10979.0,10989.0,10937.0,10983.0,93268
2018-05-29,9934,9459,475,66420,24345,42075,1717,25615,-23898,78071,59419,18652,17542,7744,9798,174,2822,-2648,46,0,46,17762,10566,7196,10979.0,10982.0,10896.0,10928.0,119010
2018-05-30,7676,10406,-2730,64872,29465,35407,1635,26213,-24578,74183,66084,8099,12854,9824,3030,62,8279,-8217,46,0,46,12962,18103,-5141,10833.0,10848.0,10761.0,10775.0,151570
2018-05-31,7275,9597,-2322,66128,26556,39572,1665,25926,-24261,75068,62079,12989,13898,9753,4145,280,7359,-7079,46,0,46,14224,17112,-2888,10836.0,10870.0,10821.0,10867.0,124660
2018-06-01,7501,9730,-2229,68467,23873,44594,1689,25930,-24241,77657,59533,18124,15845,9192,6653,631,4339,-3708,46,0,46,16522,13531,2991,10854.0,10925.0,10844.0,10915.0,111930
2018-06-04,8535,10408,-1873,73867,25474,48393,1723,25800,-24077,84125,61682,22443,19654,8896,10758,1470,1014,456,46,0,46,21170,9910,11260,10976.0,11095.0,10976.0,11085.0,109687
2018-06-05,8394,10601,-2207,72646,24929,47717,1716,26133,-24417,82756,61663,21093,20536,8722,11814,1250,1846,-596,46,0,46,21832,10568,11264,11101.0,11118.0,11035.0,11069.0,119504
2018-06-06,8355,14585,-6230,78562,22750,55812,1688,25817,-24129,88605,63152,25453,27896,9173,18723,1159,2773,-1614,46,0,46,29101,11946,17155,11095.0,11210.0,11088.0,11200.0,134205
2018-06-07,7732,12725,-4993,76369,23852,52517,1720,26020,-24300,85821,62597,23224,27806,9449,18357,837,5208,-4371,46,0,46,28689,14657,14032,11245.0,11253.0,11174.0,11227.0,127407
2018-06-08,8011,13416,-5405,74893,23902,50991,1656,26493,-24837,84560,63811,20749,27222,9520,17702,582,8074,-7492,46,0,46,27850,17594,10256,11205.0,11215.0,11103.0,11125.0,122509
2018-06-11,7033,13766,-6733,74625,24220,50405,1530,26560,-25030,83188,64546,18642,27127,9775,17352,619,10627,-10008,46,0,46,27792,20402,7390,11151.0,11173.0,11098.0,11128.0,104423
2018-06-12,6976,13338,-6362,74397,24185,50212,1486,26617,-25131,82859,64140,18719,27570,9954,17616,673,11541,-10868,46,0,46,28289,21495,6794,11148.0,11152.0,11054.0,11141.0,159832
2018-06-13,7541,12508,-4967,73295,23726,49569,1522,26640,-25118,82358,62874,19484,27521,9925,17596,401,12033,-11632,46,0,46,27968,21958,6010,11152.0,11169.0,11095.0,11146.0,114215
2018-06-14,6653,11913,-5260,71217,27606,43611,1609,27296,-25687,79479,66815,12664,23059,11424,11635,210,15711,-15501,46,0,46,23315,27135,-3820,11101.0,11106.0,10984.0,10985.0,143124
2018-06-15,7525,13139,-5614,76582,31625,44957,1668,27315,-25647,85775,72079,13696,23088,11494,11594,1120,15293,-14173,34,0,34,24242,26787,-2545,11001.0,11075.0,10961.0,11055.0,145449
2018-06-19,8909,11239,-2330,75873,36684,39189,1422,27972,-26550,86204,75895,10309,21467,12825,8642,446,18327,-17881,46,0,46,21959,31152,-9193,10943.0,10958.0,10871.0,10874.0,170249
2018-06-20,5556,11316,-5760,64890,29722,35168,1364,27635,-26271,71810,68673,3137,11272,12349,-1077,1457,510,947,46,0,46,12775,12859,-84,10904.0,10951.0,10850.0,10936.0,109099
2018-06-21,6389,11368,-4979,63832,32555,31277,1390,27435,-26045,71611,71358,253,10937,12124,-1187,960,2893,-1933,46,0,46,11943,15017,-3074,10725.0,10745.0,10688.0,10706.0,130352
2018-06-22,5959,13156,-7197,64051,34225,29826,1895,27483,-25588,71905,74864,-2959,10191,13087,-2896,591,6383,-5792,74,0,74,10856,19470,-8614,10630.0,10685.0,10581.0,10655.0,141860
2018-06-25,6395,11597,-5202,63228,34210,29018,1914,27517,-25603,71537,73324,-1787,9224,12259,-3035,366,6663,-6297,83,0,83,9673,18922,-9249,10624.0,10660.0,10583.0,10584.0,122274
2018-06-26,6868,11880,-5012,62355,34939,27416,1900,27527,-25627,71123,74346,-3223,8334,12477,-4143,464,7567,-7103,86,0,86,8884,20044,-11160,10550.0,10596.0,10484.0,10592.0,167431
2018-06-27,7115,10900,-3785,62285,33823,28462,1888,27818,-25930,71288,72541,-1253,8270,12876,-4606,106,8693,-8587,86,0,86,8462,21569,-13107,10585.0,10625.0,10538.0,10554.0,134481
2018-06-28,6677,11802,-5125,64424,37871,26553,1899,27830,-25931,73000,77503,-4503,8736,13837,-5101,354,11533,-11179,87,0,87,9177,25370,-16193,10513.0,10578.0,10484.0,10523.0,150442
2018-06-29,7336,11692,-4356,67957,36112,31845,2006,26877,-24871,77299,74681,2618,10925,13980,-3055,906,7438,-6532,87,0,87,11918,21418,-9500,10541.0,10692.0,10526.0,10677.0,155640
2018-07-02,7031,10042,-3011,64977,32786,32191,1982,27100,-25118,73990,69928,4062,10682,12915,-2233,836,6791,-5955,92,0,92,11610,19706,-8096,10680.0,10719.0,10609.0,10611.0,141723
2018-07-03,8224,10304,-2080,64829,35912,28917,2025,27309,-25284,75078,73525,1553,10709,11710,-1001,497,8322,-7825,94,0,94,11300,20032,-8732,10651.0,10717.0,10544.0,10622.0,221125
2018-07-04,8150,9880,-1730,63741,36087,27654,2115,27296,-25181,74006,73263,743,11048,12564,-1516,666,8531,-7865,103,0,103,11817,21095,-9278,10598.0,10639.0,10584.0,10618.0,130994
2018-07-05,9559,11864,-2305,62189,40518,21671,2127,27881,-25754,73875,80263,-6388,11303,14563,-3260,749,13304,-12555,105,0,105,12157,27867,-15710,10625.0,10633.0,10488.0,10500.0,191745
2018-07-06,9530,11124,-1594,64948,40095,24853,2239,27918,-25679,76717,79137,-2420,11476,13647,-2171,687,13398,-12711,113,0,113,12276,27045,-14769,10535.0,10556.0,10414.0,10539.0,218771
2018-07-09,8011,10974,-2963,69185,38776,30409,2409,26870,-24461,79605,76620,2985,14009,15025,-1016,1376,9980,-8604,118,0,118,15503,25005,-9502,10583.0,10676.0,10582.0,10661.0,147171
2018-07-10,8506,11071,-2565,67512,34896,32616,2556,26785,-24229,78574,72752,5822,15978,14554,1424,1038,7739,-6701,133,0,133,17149,22293,-5144,10733.0,10744.0,10680.0,10709.0,122142
2018-07-11,8773,10573,-1800,65511,35776,29735,2623,27213,-24590,76907,73562,3345,14782,13759,1023,905,9290,-8385,138,0,138,15825,23049,-7224,10608.0,10656.0,10574.0,10617.0,177783
2018-07-12,9176,12573,-3397,71878,36926,34952,2673,26290,-23617,83727,75789,7938,18295,14280,4015,2031,6051,-4020,138,0,138,20464,20331,133,10640.0,10750.0,10609.0,10740.0,147260
2018-07-13,11093,14324,-3231,72660,37924,34736,2757,25675,-22918,86510,77923,8587,22509,13399,9110,1973,6064,-4091,138,0,138,24620,19463,5157,10808.0,10850.0,10768.0,10848.0,133034
2018-07-16,11730,15035,-3305,72512,37448,35064,2782,25689,-22907,87024,78172,8852,24173,12482,11691,1663,7370,-5707,140,0,140,25976,19852,6124,10854.0,10874.0,10807.0,10815.0,137166
2018-07-17,9066,14649,-5583,81227,48022,33205,2783,26208,-23425,93076,88879,4197,23124,13791,9333,1389,9526,-8137,139,0,139,24652,23317,1335,10809.0,10819.0,10756.0,10768.0,150847
2018-07-18,5355,12929,-7574,69067,32028,37039,2811,26164,-23353,77233,71121,6112,13483,10836,2647,436,1832,-1396,139,0,139,14058,12668,1390,10829.0,10872.0,10791.0,10844.0,89274
2018-07-19,5680,12870,-7190,71002,32068,38934,2856,26196,-23340,79538,71134,8404,15485,11965,3520,2475,1825,650,140,0,140,18100,13790,4310,10756.0,10792.0,10708.0,10721.0,142334
2018-07-20,6010,13400,-7390,78185,33733,44452,2630,25644,-23014,86825,72777,14048,18910,12702,6208,7756,1710,6046,146,0,146,26812,14412,12400,10774.0,10847.0,10765.0,10824.0,191859
2018-07-23,6688,12642,-5954,76820,32220,44600,2559,26439,-23880,86067,71301,14766,18998,11353,7645,5909,1791,4118,148,0,148,25055,13144,11911,10846.0,10864.0,10794.0,10830.0,142476
2018-07-24,8300,12552,-4252,74125,32069,42056,2585,26428,-23843,85010,71049,13961,19077,11274,7803,4770,2404,2366,151,0,151,23998,13678,10320,10841.0,10880.0,10802.0,10871.0,115304
2018-07-25,7519,12500,-4981,75416,30641,44775,2561,26414,-23853,85496,69555,15941,18661,11066,7595,4856,2191,2665,125,0,125,23642,13257,10385,10860.0,10892.0,10851.0,10865.0,96247
2018-07-26,8384,13309,-4925,76570,29675,46895,2560,26396,-23836,87514,69380,18134,19718,11737,7981,8821,2071,6750,126,0,126,28665,13808,14857,10909.0,10926.0,10873.0,10915.0,117119
2018-07-27,9297,15962,-6665,82234,29648,52586,2640,26121,-23481,94171,71731,22440,21695,14496,7199,12148,2008,10140,126,0,126,33969,16504,17465,10928.0,10995.0,10918.0,10992.0,111649
2018-07-30,7493,14784,-7291,81067,29071,51996,2623,26132,-23509,91183,69987,21196,21775,13295,8480,11106,2085,9021,126,0,126,33007,15380,17627,10970.0,11007.0,10937.0,10940.0,117666
2018-07-31,7798,15365,-7567,82093,28281,53812,2591,26132,-23541,92482,69778,22704,22393,13588,8805,11717,1947,9770,127,0,127,34237,15535,18702,10931.0,10997.0,10913.0,10989.0,116649
2018-08-01,9739,17401,-7662,83114,28407,54707,2640,26111,-23471,95493,71919,23574,22192,13104,9088,12115,1950,10165,134,0,134,34441,15054,19387,11034.0,11057.0,11010.0,11047.0,96117
2018-08-02,9296,16271,-6975,81977,28059,53918,2571,26842,-24271,93844,71172,22672,20385,12882,7503,1071,5330,-4259,134,0,134,21590,18212,3378,11048.0,11048.0,10862.0,10871.0,168828
2018-08-03,8965,16429,-7464,83749,25921,57828,2580,25948,-23368,95294,68298,26996,20856,14391,6465,2599,3917,-1318,134,0,134,23589,18308,5281,10934.0,10977.0,10928.0,10970.0,107878
2018-08-06,9162,15866,-6704,81350,24895,56455,2622,25943,-23321,93134,66704,26430,22366,16039,6327,2186,2377,-191,134,0,134,24686,18416,6270,10990.0,11036.0,10956.0,10982.0,133767
2018-08-07,8602,16006,-7404,82590,25878,56712,2578,26156,-23578,93770,68040,25730,21956,16755,5201,2575,2182,393,134,0,134,24665,18937,5728,10986.0,11003.0,10951.0,10968.0,104241
2018-08-08,10054,18321,-8267,86111,26188,59923,2633,26121,-23488,98798,70630,28168,24195,18772,5423,4099,1640,2459,134,0,134,28428,20412,8016,11000.0,11070.0,10997.0,11049.0,115922
2018-08-09,8322,15084,-6762,83980,25678,58302,2668,26575,-23907,94970,67337,27633,24033,18032,6001,4873,1650,3223,143,0,143,29049,19682,9367,11031.0,11038.0,10969.0,11017.0,118059
2018-08-10,7868,14152,-6284,81829,25992,55837,2632,26854,-24222,92329,66998,25331,22508,18305,4203,4037,1701,2336,144,0,144,26689,20006,6683,10970.0,11022.0,10953.0,10959.0,121790
2018-08-13,7528,14142,-6614,78052,32944,45108,2538,27330,-24792,88118,74416,13702,19398,20585,-1187,743,8210,-7467,144,0,144,20285,28795,-8510,10909.0,10912.0,10692.0,10757.0,228396
2018-08-14,7363,13626,-6263,76622,32089,44533,2488,26745,-24257,86473,72460,14013,19986,22386,-2400,1003,4427,-3424,144,0,144,21133,26813,-5680,10791.0,10831.0,10756.0,10820.0,145603
2018-08-15,6103,11264,-5161,64574,30193,34381,2464,27059,-24595,73141,68516,4625,13850,14969,-1119,199,5644,-5445,144,0,144,14193,20613,-6420,10835.0,10841.0,10696.0,10737.0,112549
2018-08-16,6404,14019,-7615,64503,29108,35395,2475,27112,-24637,73382,70239,3143,13378,14710,-1332,1222,340,882,146,0,146,14746,15050,-304,10610.0,10724.0,10591.0,10690.0,160436
2018-08-17,7865,14085,-6220,63734,31548,32186,2519,27117,-24598,74118,72750,1368,15726,15397,329,426,2943,-2517,146,0,146,16298,18340,-2042,10723.0,10732.0,10647.0,10662.0,118840
2018-08-20,7615,15093,-7478,65778,30838,34940,2541,27612,-25071,75934,73543,2391,14919,15302,-383,267,2402,-2135,146,0,146,15332,17704,-2372,10687.0,10715.0,10652.0,10671.0,120121
2018-08-21,8033,15216,-7183,67693,32383,35310,2527,27160,-24633,78253,74759,3494,14038,12915,1123,778,1318,-540,146,0,146,14962,14233,729,10698.0,10774.0,10682.0,10767.0,126191
2018-08-22,6701,11640,-4939,67266,30584,36682,2558,27156,-24598,76525,69380,7145,15234,11335,3899,1873,1445,428,146,0,146,17253,12780,4473,10752.0,10795.0,10733.0,10764.0,124070
2018-08-23,8291,12141,-3850,68263,29114,39149,2607,26841,-24234,79161,68096,11065,16700,9756,6944,2580,593,1987,146,0,146,19426,10349,9077,10795.0,10845.0,10758.0,10842.0,150200
2018-08-24,8571,11017,-2446,64313,32325,31988,2648,26853,-24205,75532,70195,5337,15228,11421,3807,1361,500,861,146,0,146,16735,11921,4814,10811.0,10830.0,10728.0,10788.0,143666
2018-08-27,8078,11495,-3417,65995,28961,37034,2682,26760,-24078,76755,67216,9539,15862,12036,3826,3242,454,2788,146,0,146,19250,12490,6760,10831.0,10892.0,10820.0,10886.0,127704
2018-08-28,8290,11667,-3377,69059,27746,41313,2747,26960,-24213,80096,66373,13723,18017,12402,5615,2850,417,2433,146,0,146,21013,12819,8194,10945.0,10980.0,10935.0,10954.0,115627
2018-08-29,9339,13055,-3716,76624,28325,48299,2723,26938,-24215,88686,68318,20368,21722,11647,10075,4151,276,3875,146,0,146,26019,11923,14096,10977.0,11049.0,10968.0,11044.0,130889
2018-08-30,10060,12944,-2884,80560,26973,53587,2740,26886,-24146,93360,66803,26557,23359,11811,11548,5530,307,5223,146,0,146,29035,12118,16917,11088.0,11135.0,11019.0,11023.0,160151
2018-08-31,10144,12035,-1891,74391,27908,46483,2689,27140,-24451,87224,67083,20141,23428,11583,11845,2946,1610,1336,138,0,138,26512,13193,13319,10975.0,11024.0,10953.0,11022.0,136261
2018-09-03,9246,12388,-3142,73601,26679,46922,2605,27575,-24970,85452,66642,18810,21699,12914,8785,3164,2982,182,138,0,138,25001,15896,9105,11013.0,11045.0,10919.0,10935.0,141943
2018-09-04,8965,11999,-3034,73946,27433,46513,2565,27207,-24642,85476,66639,18837,21755,13083,8672,3537,2686,851,138,0,138,25430,15769,9661,10963.0,11004.0,10935.0,11002.0,131455
2018-09-05,8496,12462,-3966,74146,27117,47029,2525,27221,-24696,85167,66800,18367,23293,14904,8389,2323,3119,-796,138,0,138,25754,18023,7731,10973.0,11021.0,10948.0,10950.0,151692
2018-09-06,7906,12547,-4641,75394,27825,47569,2535,27242,-24707,85835,67614,18221,23254,15544,7710,2461,830,1631,138,0,138,25853,16374,9479,10920.0,10950.0,10865.0,10901.0,165409
2018-09-07,7373,13222,-5849,74661,28335,46326,2452,27846,-25394,84486,69403,15083,25142,17517,7625,1975,2172,-197,138,0,138,27255,19689,7566,10864.0,10892.0,10803.0,10845.0,178235
2018-09-10,7220,12533,-5313,68051,34217,33834,2444,28085,-25641,77715,74835,2880,20786,18780,2006,526,1916,-1390,138,0,138,21450,20696,754,10865.0,10880.0,10708.0,10734.0,198790
2018-09-11,7770,11729,-3959,63053,34324,28729,2260,27439,-25179,73083,73492,-409,19167,19205,-38,389,4197,-3808,138,0,138,19694,23402,-3708,10758.0,10767.0,10682.0,10740.0,171082
2018-09-12,8402,11582,-3180,59044,33837,25207,2312,27327,-25015,69758,72746,-2988,19867,21484,-1617,212,6568,-6356,138,0,138,20217,28052,-7835,10762.0,10772.0,10687.0,10726.0,161851
2018-09-13,9778,10950,-1172,57746,37128,20618,2452,27325,-24873,69976,75403,-5427,17981,22661,-4680,241,4638,-4397,138,0,138,18360,27299,-8939,10740.0,10779.0,10709.0,10717.0,140045
2018-09-14,9103,10630,-1527,69574,37136,32438,2555,26350,-23795,81232,74116,7116,20348,18328,2020,1804,2461,-657,138,0,138,22290,20789,1501,10784.0,10887.0,10771.0,10881.0,167546
2018-09-17,10301,10529,-228,65212,42506,22706,2759,26245,-23486,78272,79280,-1008,22183,20369,1814,205,6263,-6058,138,0,138,22526,26632,-4106,10857.0,10868.0,10810.0,10823.0,130683
2018-09-18,8274,11787,-3513,61799,37171,24628,2719,26548,-23829,72792,75506,-2714,21436,20899,537,326,4658,-4332,138,0,138,21900,25557,-3657,10787.0,10818.0,10761.0,10781.0,155686
2018-09-19,5515,7560,-2045,50786,21900,28886,2677,26088,-23411,58978,55548,3430,11889,14452,-2563,2025,87,1938,138,0,138,14052,14539,-487,10836.0,10875.0,10819.0,10873.0,70379
2018-09-20,6592,8738,-2146,47085,24536,22549,2730,26094,-23364,56407,59368,-2961,9174,13174,-4000,137,1505,-1368,138,0,138,9449,14679,-5230,10910.0,10922.0,10824.0,10848.0,147069
2018-09-21,7356,7728,-372,52044,23282,28762,2723,25605,-22882,62123,56615,5508,12966,14773,-1807,5051,212,4839,126,0,126,18143,14985,3158,10905.0,10976.0,10854.0,10974.0,160951
2018-09-25,7766,8349,-583,54494,22154,32340,2738,25596,-22858,64998,56099,8899,14929,14512,417,2393,276,2117,126,0,126,17448,14788,2660,10960.0,10996.0,10935.0,10981.0,98858
2018-09-26,7113,7537,-424,53535,22248,31287,2736,25597,-22861,63384,55382,8002,15034,13794,1240,1888,723,1165,126,0,126,17048,14517,2531,10963.0,10991.0,10949.0,10972.0,107637
2018-09-27,8217,8516,-299,58051,20712,37339,2664,25585,-22921,68932,54813,14119,16185,14499,1686,2764,141,2623,126,0,126,19075,14640,4435,10955.0,11011.0,10936.0,10982.0,136789
2018-09-28,9119,9202,-83,55738,23765,31973,2570,25844,-23274,67427,58811,8616,14712,13182,1530,495,990,-495,126,0,126,15333,14172,1161,11011.0,11039.0,10921.0,10955.0,162520
2018-10-01,10695,10155,540,57739,21379,36360,2598,25828,-23230,71032,57362,13670,16597,12801,3796,1346,611,735,126,0,126,18069,13412,4657,10968.0,11018.0,10966.0,11006.0,89433
2018-10-02,11136,11275,-139,51367,29620,21747,2559,26267,-23708,65062,67162,-2100,11958,13446,-1488,387,1817,-1430,126,0,126,12471,15263,-2792,11006.0,11011.0,10873.0,10879.0,156457
2018-10-03,8168,10813,-2645,53329,26441,26888,2526,26473,-23947,64023,63727,296,11813,15143,-3330,759,791,-32,126,0,126,12698,15934,-3236,10880.0,10914.0,10845.0,10856.0,136321
2018-10-04,13574,12673,901,46542,37322,9220,2447,26781,-24334,62563,76776,-14213,11698,21305,-9607,29,3413,-3384,126,0,126,11853,24718,-12865,10823.0,10830.0,10688.0,10694.0,160072
2018-10-05,16360,14232,2128,48028,40319,7709,2437,27337,-24900,66825,81888,-15063,12572,25659,-13087,397,5461,-5064,126,0,126,13095,31120,-18025,10658.0,10673.0,10431.0,10506.0,256183
2018-10-08,17013,14392,2621,49058,42289,6769,2779,26887,-24108,68850,83568,-14718,12908,27084,-14176,78,6595,-6517,126,0,126,13112,33679,-20567,10470.0,10530.0,10416.0,10461.0,174770
2018-10-09,17553,14284,3269,49732,43484,6248,2949,26319,-23370,70234,84087,-13853,13846,29462,-15616,463,7198,-6735,125,0,125,14434,36660,-22226,10491.0,10508.0,10447.0,10460.0,153437
2018-10-11,20404,12823,7581,56273,39571,16702,3186,30013,-26827,79863,82407,-2544,15892,26067,-10175,1932,2773,-841,125,0,125,17949,28840,-10891,10026.0,10080.0,9630.0,9642.0,348653
2018-10-12,18231,11519,6712,64995,38648,26347,3228,27147,-23919,86454,77314,9140,16660,24065,-7405,2324,3219,-895,125,0,125,19109,27284,-8175,9736.0,10021.0,9683.0,9948.0,251156
2018-10-15,17656,12141,5515,69997,43491,26506,3176,27251,-24075,90829,82883,7946,16439,24623,-8184,2151,3845,-1694,122,0,122,18712,28468,-9756,9899.0,9927.0,9854.0,9860.0,164909
2018-10-16,19335,13536,5799,79873,52512,27361,3190,27154,-23964,102398,93202,9196,14158,21919,-7761,2349,4615,-2266,122,0,122,16629,26534,-9905,9885.0,9992.0,9868.0,9951.0,197823
2018-10-17,10258,9015,1243,61610,29659,31951,3272,28655,-25383,75140,67329,7811,9938,14469,-4531,734,2503,-1769,122,0,122,10794,16972,-6178,10082.0,10114.0,9987.0,9993.0,106223
2018-10-18,10830,9479,1351,56639,26213,30426,3295,28959,-25664,70764,64651,6113,9119,15734,-6615,859,4092,-3233,122,0,122,10100,19826,-9726,9923.0,9986.0,9878.0,9884.0,151011
2018-10-19,11054,9636,1418,58271,24055,34216,3311,29058,-25747,72636,62749,9887,8643,13779,-5136,781,3868,-3087,122,0,122,9546,17647,-8101,9753.0,9914.0,9747.0,9905.0,179393
2018-10-22,12165,9400,2765,53776,25846,27930,3375,28606,-25231,69316,63852,5464,8667,14057,-5390,152,7430,-7278,122,0,122,8941,21487,-12546,9813.0,9972.0,9761.0,9935.0,178167
2018-10-23,13584,10649,2935,55629,27074,28555,3423,29760,-26337,72636,67483,5153,7596,13935,-6339,225,9354,-9129,122,0,122,7943,23289,-15346,9825.0,9849.0,9723.0,9728.0,186988
2018-10-24,11336,9734,1602,57112,26059,31053,3472,30229,-26757,71920,66022,5898,8162,15665,-7503,730,6557,-5827,122,0,122,9014,22222,-13208,9753.0,9791.0,9623.0,9715.0,221429
2018-10-25,11833,11453,380,62750,25104,37646,3427,32560,-29133,78010,69117,8893,8554,13602,-5048,107,6747,-6640,122,0,122,8783,20349,-11566,9423.0,9557.0,9414.0,9486.0,205902
2018-10-26,13162,11132,2030,61201,22798,38403,3406,32871,-29465,77769,66801,10968,8279,13356,-5077,765,5106,-4341,127,0,127,9171,18462,-9291,9547.0,9573.0,9339.0,9424.0,241595
2018-10-29,12672,11108,1564,59064,18768,40296,3416,32885,-29469,75152,62761,12391,8838,13864,-5026,1129,3063,-1934,127,0,127,10094,16927,-6833,9527.0,9539.0,9428.0,9473.0,162497
2018-10-30,11609,10991,618,61909,22577,39332,3424,32244,-28820,76942,65812,11130,8908,13608,-4700,1786,3140,-1354,127,0,127,10821,16748,-5927,9465.0,9564.0,9463.0,9524.0,169621
2018-10-31,11534,10366,1168,60323,24113,36210,3464,30656,-27192,75321,65135,10186,10377,14603,-4226,2352,2291,61,127,0,127,12856,16894,-4038,9595.0,9748.0,9590.0,9724.0,166496
2018-11-01,13155,11122,2033,60540,26851,33689,3742,29353,-25611,77437,67326,10111,10406,13838,-3432,2276,2751,-475,131,0,131,12813,16589,-3776,9750.0,9827.0,9705.0,9787.0,140555
2018-11-02,12494,11465,1029,65202,27225,37977,3660,30028,-26368,81356,68718,12638,11780,13294,-1514,5155,2414,2741,131,0,131,17066,15708,1358,9868.0,9884.0,9791.0,9874.0,153413
2018-11-05,14049,10904,3145,60854,28127,32727,3616,31746,-28130,78519,70777,7742,11093,12886,-1793,1743,2828,-1085,131,0,131,12967,15714,-2747,9803.0,9824.0,9741.0,9817.0,145973
2018-11-06,14205,11174,3031,62764,30838,31926,3451,32049,-28598,80420,74061,6359,10276,12574,-2298,1704,3089,-1385,131,0,131,12111,15663,-3552,9849.0,9867.0,9746.0,9774.0,122426
2018-11-07,13657,11430,2227,66561,30903,35658,3440,31560,-28120,83658,73893,9765,12370,15077,-2707,3441,2460,981,131,0,131,15942,17537,-1595,9785.0,9890.0,9780.0,9848.0,154891
2018-11-08,15455,11481,3974,69377,33048,36329,3348,31131,-27783,88180,75660,12520,12560,13180,-620,6572,2598,3974,131,0,131,19263,15778,3485,9980.0,10000.0,9906.0,9924.0,115590
2018-11-09,15494,11255,4239,66322,33611,32711,3330,32116,-28786,85146,76982,8164,10224,12722,-2498,4063,3239,824,131,0,131,14418,15961,-1543,9897.0,9899.0,9754.0,9789.0,138795
2018-11-12,14004,11805,2199,68975,31170,37805,3243,32234,-28991,86222,75209,11013,11372,14634,-3262,4937,2656,2281,131,0,131,16440,17290,-850,9750.0,9864.0,9741.0,9812.0,115102
2018-11-13,13204,11460,1744,69506,29363,40143,3111,32887,-29776,85821,73710,12111,13508,13908,-400,2183,2881,-698,131,0,131,15822,16789,-967,9600.0,9758.0,9528.0,9728.0,170110
2018-11-14,14177,11788,2389,69389,28392,40997,3133,32371,-29238,86699,72551,14148,13751,13565,186,4451,2807,1644,131,0,131,18333,16372,1961,9768.0,9798.0,9731.0,9769.0,111585
2018-11-15,14046,11498,2548,68633,26968,41665,3105,32184,-29079,85784,70650,15134,15111,13886,1225,5646,2605,3041,131,0,131,20888,16491,4397,9790.0,9837.0,9708.0,9827.0,155283
2018-11-16,13447,10815,2632,68931,31811,37120,3091,32218,-29127,85469,74844,10625,11862,12179,-317,4225,2991,1234,131,0,131,16218,15170,1048,9877.0,9903.0,9756.0,9783.0,147344
2018-11-19,13060,10709,2351,80605,41611,38994,3101,32012,-28911,96766,84332,12434,12091,13261,-1170,6350,2872,3478,129,0,129,18570,16133,2437,9802.0,9838.0,9778.0,9819.0,111237
2018-11-20,13895,11469,2426,83827,44500,39327,3055,32440,-29385,100777,88409,12368,10834,13256,-2422,1966,3902,-1936,129,0,129,12929,17158,-4229,9755.0,9808.0,9703.0,9732.0,150456
2018-11-21,8654,8883,-229,65351,23717,41634,3018,32409,-29391,77023,65009,12014,10803,6431,4372,734,906,-172,129,0,129,11666,7337,4329,9661.0,9760.0,9624.0,9743.0,75719
2018-11-22,9328,9412,-84,63322,22788,40534,3071,32382,-29311,75721,64582,11139,9562,5896,3666,216,1508,-1292,129,0,129,9907,7404,2503,9766.0,9769.0,9700.0,9714.0,91042
2018-11-23,8909,10051,-1142,63239,22984,40255,3067,32264,-29197,75215,65299,9916,8499,7380,1119,917,1756,-839,129,0,129,9545,9136,409,9715.0,9733.0,9613.0,9620.0,113555
2018-11-26,7430,8831,-1401,66777,23129,43648,3071,31791,-28720,77278,63751,13527,10803,6809,3994,1911,1521,390,129,0,129,12843,8330,4513,9668.0,9850.0,9656.0,9768.0,147457
2018-11-27,9896,7469,2427,64077,27729,36348,3110,31768,-28658,77083,66966,10117,11038,6476,4562,363,3002,-2639,129,0,129,11530,9478,2052,9727.0,9755.0,9644.0,9741.0,133623
2018-11-28,8065,7548,517,67882,25519,42363,3082,30925,-27843,79029,63992,15037,13431,6950,6481,2963,1025,1938,113,0,113,16507,7975,8532,9780.0,9880.0,9732.0,9870.0,147701
2018-11-29,7305,7809,-504,68015,26926,41089,3070,30802,-27732,78390,65537,12853,11787,6966,4821,4865,930,3935,113,0,113,16765,7896,8869,9984.0,9989.0,9861.0,9877.0,130827
2018-11-30,9087,7462,1625,65298,28559,36739,2978,31461,-28483,77363,67482,9881,10369,6977,3392,3817,1045,2772,113,0,113,14299,8022,6277,9900.0,9935.0,9847.0,9853.0,121317
2018-12-03,8515,8703,-188,70926,30750,40176,2913,29809,-26896,82354,69262,13092,14183,8254,5929,5751,799,4952,113,0,113,20047,9053,10994,10012.0,10156.0,9996.0,10122.0,135162
2018-12-04,10458,8346,2112,65244,29418,35826,2795,30900,-28105,78497,68664,9833,11685,7156,4529,2288,1024,1264,113,0,113,14086,8180,5906,10080.0,10094.0,10033.0,10042.0,105118
2018-12-05,9841,8448,1393,63779,27891,35888,2765,32101,-29336,76385,68440,7945,9083,9763,-680,647,1221,-574,113,0,113,9843,10984,-1141,9900.0,9946.0,9863.0,9878.0,129691
2018-12-06,11604,9682,1922,60562,29389,31173,2845,33594,-30749,75011,72665,2346,9495,12548,-3053,169,2250,-2081,113,0,113,9777,14798,-5021,9813.0,9814.0,9626.0,9674.0,164887
2018-12-07,11516,9771,1745,64361,27712,36649,2861,32517,-29656,78738,70000,8738,8439,11551,-3112,4513,915,3598,113,0,113,13065,12466,599,9735.0,9763.0,9689.0,9746.0,105451
2018-12-10,11375,11129,246,63479,26903,36576,2807,32861,-30054,77661,70893,6768,8783,12596,-3813,3018,1217,1801,113,0,113,11914,13813,-1899,9565.0,9680.0,9560.0,9626.0,116350
2018-12-11,13164,10663,2501,61998,26864,35134,2807,31948,-29141,77969,69475,8494,8096,13153,-5057,4726,1106,3620,113,0,113,12935,14259,-1324,9654.0,9698.0,9625.0,9687.0,114010
2018-12-12,13282,10931,2351,61934,23072,38862,2836,31689,-28853,78052,65692,12360,8768,10387,-1619,2340,788,1552,113,0,113,11221,11175,46,9759.0,9827.0,9725.0,9818.0,132304
2018-12-13,12622,10698,1924,64632,23548,41084,2838,32453,-29615,80092,66699,13393,9837,9986,-149,4450,508,3942,113,0,113,14400,10494,3906,9831.0,9872.0,9790.0,9856.0,109467
2018-12-14,14034,10542,3492,61139,24655,36484,2820,33553,-30733,77993,68750,9243,10734,14590,-3856,3540,638,2902,113,0,113,14387,15228,-841,9805.0,9809.0,9676.0,9730.0,145379
2018-12-17,12422,10970,1452,64778,24076,40702,3001,33791,-30790,80201,68837,11364,10817,15719,-4902,6931,792,6139,83,0,83,17831,16511,1320,9753.0,9826.0,9722.0,9790.0,127930
2018-12-18,14166,12623,1543,69575,30373,39202,2984,34986,-32002,86725,77982,8743,11237,14688,-3451,2849,2299,550,83,0,83,14169,16987,-2818,9718.0,9755.0,9688.0,9718.0,144686
2018-12-19,9862,7737,2125,60126,17693,42433,2975,35477,-32502,72963,60907,12056,7922,8870,-948,1714,128,1586,83,0,83,9719,8998,721,9758.0,9778.0,9728.0,9768.0,54588
2018-12-20,10177,8155,2022,60055,19432,40623,2950,36813,-33863,73182,64400,8782,8640,9815,-1175,418,4919,-4501,83,0,83,9141,14734,-5593,9638.0,9709.0,9610.0,9641.0,141731
2018-12-21,11142,8264,2878,58245,18832,39413,2894,37172,-34278,72281,64268,8013,9372,10121,-749,651,6451,-5800,83,0,83,10106,16572,-6466,9624.0,9668.0,9556.0,9660.0,122129
2018-12-22,11297,8305,2992,58820,22458,36362,2891,37901,-35010,73008,68664,4344,9522,10917,-1395,617,11353,-10736,83,0,83,10222,22270,-12048,9580.0,9615.0,9575.0,9585.0,23776
2018-12-24,11280,8362,2918,56352,20663,35689,2896,38424,-35528,70528,67449,3079,9504,10725,-1221,679,5356,-4677,83,0,83,10266,16081,-5815,9603.0,9627.0,9587.0,9620.0,89050
2018-12-25,12520,8402,4118,56489,21379,35110,2938,40110,-37172,71947,69891,2056,10180,9856,324,233,7354,-7121,83,0,83,10496,17210,-6714,9480.0,9487.0,9410.0,9477.0,99787
2018-12-26,10024,7875,2149,58475,19330,39145,2792,41356,-38564,71291,68561,2730,10488,10362,126,67,7745,-7678,83,0,83,10638,18107,-7469,9523.0,9555.0,9438.0,9459.0,116623
2018-12-27,10819,9336,1483,62485,16403,46082,2835,39773,-36938,76139,65512,10627,11571,11295,276,1694,993,701,83,0,83,13348,12288,1060,9589.0,9655.0,9566.0,9633.0,124097
2018-12-28,11115,10572,543,63045,16021,47024,2826,39711,-36885,76986,66304,10682,13683,11127,2556,2242,1150,1092,83,0,83,16008,12277,3731,9630.0,9680.0,9622.0,9671.0,92809
2019-01-02,12262,8430,3832,58863,23094,35769,2831,39922,-37091,73956,71446,2510,9440,11424,-1984,180,3746,-3566,83,0,83,9703,15170,-5467,9760.0,9762.0,9506.0,9536.0,165922
2019-01-03,13689,8652,5037,56822,23571,33251,2818,37245,-34427,73329,69468,3861,8658,13145,-4487,2320,3288,-968,83,0,83,11061,16433,-5372,9488.0,9547.0,9433.0,9440.0,130686
2019-01-04,13883,9190,4693,54589,24938,29651,2776,35385,-32609,71248,69513,1735,8457,14536,-6079,3289,2666,623,83,0,83,11829,17202,-5373,9367.0,9410.0,9305.0,9367.0,168796
2019-01-07,13335,8382,4953,60367,22604,37763,2817,32166,-29349,76519,63152,13367,8773,11968,-3195,4665,1246,3419,83,0,83,13521,13214,307,9541.0,9588.0,9490.0,9563.0,145208
2019-01-08,13044,10565,2479,57740,22165,35575,2834,30106,-27272,73618,62836,10782,10088,11441,-1353,5703,1057,4646,83,0,83,15874,12498,3376,9600.0,9611.0,9532.0,9561.0,121996
2019-01-09,12002,10552,1450,64785,19979,44806,2850,28008,-25158,79637,58539,21098,19309,10656,8653,3646,911,2735,83,0,83,23038,11567,11471,9608.0,9755.0,9602.0,9708.0,161013
2019-01-10,11351,10929,422,64359,17116,47243,2864,27514,-24650,78574,55559,23015,19856,11029,8827,3761,844,2917,83,0,83,23700,11873,11827,9710.0,9713.0,9673.0,9694.0,96870
2019-01-11,11504,13096,-1592,67329,17967,49362,2805,26272,-23467,81638,57335,24303,20907,11179,9728,6251,899,5352,83,0,83,27241,12078,15163,9760.0,9803.0,9724.0,9750.0,137362
2019-01-14,11342,10754,588,63122,18984,44138,2767,26508,-23741,77231,56246,20985,20316,11071,9245,4073,2880,1193,83,0,83,24472,13951,10521,9738.0,9756.0,9660.0,9691.0,133304
2019-01-15,12944,14267,-1323,75671,22716,52955,2759,26124,-23365,91374,63107,28267,16680,9145,7535,5012,1051,3961,83,0,83,21775,10196,11579,9743.0,9817.0,9715.0,9793.0,158065
2019-01-16,8085,10951,-2866,59617,11300,48317,2736,26299,-23563,70438,48550,21888,10844,5550,5294,2694,365,2329,83,0,83,13621,5915,7706,9781.0,9804.0,9755.0,9784.0,62359
2019-01-17,8427,12649,-4222,64998,12611,52387,2735,26299,-23564,76160,51559,24601,11002,5317,5685,6384,249,6135,83,0,83,17469,5566,11903,9777.0,9834.0,9721.0,9779.0,142688
2019-01-18,9079,11784,-2705,67206,14874,52332,2665,26015,-23350,78950,52673,26277,10736,4901,5835,6391,334,6057,83,0,83,17210,5235,11975,9825.0,9846.0,9770.0,9820.0,115290
2019-01-21,9752,12472,-2720,69501,16205,53296,2034,25794,-23760,81287,54471,26816,10108,5308,4800,4882,228,4654,83,0,83,15073,5536,9537,9885.0,9919.0,9856.0,9866.0,119821
2019-01-22,10114,11823,-1709,69138,15122,54016,2030,26203,-24173,81282,53148,28134,11359,5558,5801,3692,639,3053,83,0,83,15134,6197,8937,9841.0,9868.0,9822.0,9847.0,93410
2019-01-23,10086,11284,-1198,63637,15383,48254,2051,26911,-24860,75774,53578,22196,11383,5983,5400,2452,3797,-1345,83,0,83,13918,9780,4138,9830.0,9860.0,9807.0,9818.0,106263
2019-01-24,11024,11114,-90,65876,14180,51696,2032,26898,-24866,78932,52192,26740,10670,5007,5663,4070,2741,1329,83,0,83,14823,7748,7075,9833.0,9884.0,9820.0,9863.0,104491
2019-01-25,10431,14022,-3591,74121,13009,61112,1979,26868,-24889,86531,53899,32632,11035,2758,8277,8760,181,8579,83,0,83,19878,2939,16939,9928.0,9989.0,9911.0,9968.0,116395
2019-01-28,11063,13977,-2914,72820,13834,58986,1954,26902,-24948,85837,54713,31124,10797,3808,6989,7180,211,6969,83,0,83,18060,4019,14041,10000.0,10018.0,9975.0,9985.0,81405
2019-01-29,11537,12351,-814,67302,15095,52207,1914,27889,-25975,80753,55335,25418,10443,4595,5848,3697,1746,1951,83,0,83,14223,6341,7882,9932.0,9936.0,9880.0,9923.0,113746
2019-01-30,10972,11928,-956,65349,14929,50420,1923,27943,-26020,78244,54800,23444,8781,5804,2977,3526,2836,690,83,0,83,12390,8640,3750,9925.0,9956.0,9896.0,9926.0,83963
2019-02-11,10891,11532,-641,67707,14801,52906,1930,28079,-26149,80528,54412,26116,10681,7092,3589,5059,738,4321,83,0,83,15823,7830,7993,10010.0,10067.0,9966.0,9999.0,101469
2019-02-12,12733,12275,458,71223,13231,57992,1907,27808,-25901,85863,53314,32549,12227,6658,5569,7917,365,7552,83,0,83,20227,7023,13204,10049.0,10093.0,10029.0,10084.0,79049
2019-02-13,13678,10929,2749,69015,16234,52781,1931,27964,-26033,84624,55127,29497,12129,7127,5002,5751,830,4921,83,0,83,17963,7957,10006,10125.0,10128.0,10055.0,10084.0,96794
2019-02-14,12329,10843,1486,69348,12899,56449,1916,27976,-26060,83593,51718,31875,11810,8964,2846,5837,406,5431,83,0,83,17730,9370,8360,10044.0,10124.0,10034.0,10080.0,97857
2019-02-15,12073,11047,1026,69957,12891,57066,1885,28255,-26370,83915,52193,31722,11736,9096,2640,8092,642,7450,83,0,83,19911,9738,10173,10040.0,10116.0,10022.0,10042.0,121921
2019-02-18,13883,13117,766,73597,14809,58788,1854,27209,-25355,89334,55135,34199,13130,9989,3141,8367,380,7987,83,0,83,21580,10369,11211,10111.0,10161.0,10098.0,10135.0,113809
2019-02-19,17344,15851,1493,83258,23437,59821,1854,27206,-25352,102456,66494,35962,14210,5081,9129,10101,770,9331,83,0,83,24394,5851,18543,10123.0,10158.0,10104.0,10142.0,93983
2019-02-20,9345,15219,-5874,75669,10322,65347,1782,26707,-24925,86796,52248,34548,17318,1439,15879,5384,109,5275,83,0,83,22785,1548,21237,10183.0,10262.0,10177.0,10256.0,73350
2019-02-21,11111,15859,-4748,74926,9132,65794,1785,26691,-24906,87822,51682,36140,18892,1951,16941,3986,941,3045,83,0,83,22961,2892,20069,10255.0,10327.0,10232.0,10324.0,97337
2019-02-22,11682,14818,-3136,69782,9707,60075,1775,26646,-24871,83239,51171,32068,18932,1804,17128,2980,3308,-328,83,0,83,21995,5112,16883,10272.0,10312.0,10245.0,10310.0,87939
2019-02-25,12459,15944,-3485,69285,9897,59388,1776,26428,-24652,83520,52269,31251,17754,1800,15954,3218,3041,177,83,0,83,21055,4841,16214,10350.0,10378.0,10324.0,10368.0,104882
2019-02-26,12205,15275,-3070,69974,9590,60384,1761,26827,-25066,83940,51692,32248,19170,2098,17072,3727,4305,-578,83,0,83,22980,6403,16577,10381.0,10394.0,10336.0,10355.0,100522
2019-02-27,10379,14563,-4184,71404,11443,59961,1754,27130,-25376,83537,53136,30401,19682,2196,17486,2943,4833,-1890,83,0,83,22708,7029,15679,10375.0,10384.0,10325.0,10362.0,83461
2019-03-04,10844,11744,-900,69061,17474,51587,1745,27447,-25702,81650,56665,24985,17679,3145,14534,2139,7343,-5204,83,0,83,19901,10488,9413,10390.0,10400.0,10276.0,10311.0,122715
2019-03-05,11753,13500,-1747,67529,14317,53212,1746,28063,-26317,81028,55880,25148,18286,2853,15433,2268,1894,374,83,0,83,20637,4747,15890,10260.0,10306.0,10248.0,10274.0,97390
2019-03-06,11088,14672,-3584,70388,12171,58217,1771,28052,-26281,83247,54895,28352,20752,3344,17408,3977,864,3113,83,0,83,24812,4208,20604,10283.0,10333.0,10282.0,10322.0,91094
2019-03-07,11788,16106,-4318,70349,11556,58793,1735,28569,-26834,83872,56231,27641,19936,3158,16778,2189,1867,322,83,0,83,22208,5025,17183,10315.0,10335.0,10260.0,10262.0,95914
2019-03-08,12729,16561,-3832,70137,13937,56200,1723,29372,-27649,84589,59870,24719,18016,4008,14008,1265,3525,-2260,83,0,83,19364,7533,11831,10230.0,10244.0,10162.0,10200.0,127917
2019-03-11,13174,15974,-2800,69849,14741,55108,1727,29287,-27560,84750,60002,24748,17355,3878,13477,1533,4816,-3283,83,0,83,18971,8694,10277,10170.0,10234.0,10168.0,10229.0,78910
2019-03-12,14366,17283,-2917,69846,13275,56571,1757,28524,-26767,85969,59082,26887,20058,4459,15599,3491,3132,359,83,0,83,23632,7591,16041,10301.0,10385.0,10300.0,10348.0,109945
2019-03-13,14157,15841,-1684,69288,11912,57376,1743,28516,-26773,85188,56269,28919,23572,3322,20250,2925,3861,-936,83,0,83,26580,7183,19397,10325.0,10365.0,10305.0,10365.0,100182
2019-03-14,13861,14025,-164,66823,15457,51366,1743,28515,-26772,82427,57997,24430,20739,2613,18126,2176,5776,-3600,83,0,83,22998,8389,14609,10390.0,10392.0,10322.0,10338.0,92686
2019-03-15,15751,17883,-2132,74253,18400,55853,1750,28192,-26442,91754,64475,27279,24872,4183,20689,3215,4994,-1779,83,0,83,28170,9177,18993,10355.0,10430.0,10347.0,10414.0,116100
2019-03-18,16341,15013,1328,79842,23768,56074,1744,27768,-26024,97927,66549,31378,25173,4541,20632,4286,5578,-1292,83,0,83,29542,10119,19423,10437.0,10487.0,10420.0,10477.0,104180
2019-03-19,14040,13373,667,90983,33600,57383,1714,28255,-26541,106737,75228,31509,26727,3493,23234,4753,5855,-1102,82,0,82,31562,9348,22214,10483.0,10511.0,10461.0,10501.0,101703
2019-03-20,8777,12270,-3493,74174,17472,56702,1721,28265,-26544,84672,58007,26665,17755,3064,14691,5478,195,5283,82,0,82,23315,3259,20056,10493.0,10549.0,10492.0,10545.0,56166
2019-03-21,9847,13966,-4119,80320,16818,63502,1697,29141,-27444,91864,59925,31939,20284,3552,16732,3506,290,3216,82,0,82,23872,3842,20030,10538.0,10593.0,10532.0,10590.0,90838
2019-03-22,10717,13215,-2498,76630,17409,59221,1697,29100,-27403,89044,59724,29320,20753,3229,17524,1251,664,587,82,0,82,22086,3893,18193,10645.0,10659.0,10560.0,10613.0,107634
2019-03-25,9821,15268,-5447,74525,17107,57418,1659,29941,-28282,86005,62316,23689,18239,2912,15327,77,6685,-6608,82,0,82,18398,9597,8801,10478.0,10486.0,10423.0,10438.0,100215
2019-03-26,10459,15516,-5057,76626,17827,58799,1667,29616,-27949,88752,62959,25793,17350,3188,14162,759,6833,-6074,82,0,82,18191,10021,8170,10482.0,10538.0,10480.0,10522.0,87187
2019-03-27,9782,13956,-4174,74209,17818,56391,1685,29641,-27956,85676,61415,24261,17769,2436,15333,1012,3182,-2170,82,0,82,18863,5618,13245,10506.0,10533.0,10473.0,10520.0,88500
2019-03-28,10041,15083,-5042,77287,16386,60901,1671,29646,-27975,88999,61115,27884,18299,2053,16246,1076,2549,-1473,82,0,82,19457,4602,14855,10450.0,10515.0,10444.0,10493.0,83464
2019-03-29,12254,14944,-2690,76542,18696,57846,1678,29080,-27402,90474,62720,27754,20902,2420,18482,1096,3043,-1947,82,0,82,22080,5463,16617,10551.0,10600.0,10476.0,10598.0,128163
2019-04-01,11050,15192,-4142,76861,18095,58766,1628,28866,-27238,89539,62153,27386,21541,2523,19018,414,3355,-2941,82,0,82,22037,5878,16159,10679.0,10715.0,10615.0,10638.0,114429
2019-04-02,10924,15588,-4664,77289,17082,60207,1580,28652,-27072,89793,61322,28471,22324,2634,19690,1459,2073,-614,82,0,82,23865,4707,19158,10688.0,10704.0,10668.0,10676.0,78347
2019-04-03,10303,14704,-4401,76073,16340,59733,1561,28347,-26786,87937,59391,28546,22906,2475,20431,882,2470,-1588,82,0,82,23870,4945,18925,10688.0,10728.0,10671.0,10693.0,93675
2019-04-08,9677,15875,-6198,80048,17269,62779,1567,27872,-26305,91292,61016,30276,21185,2750,18435,3347,504,2843,82,0,82,24614,3254,21360,10779.0,10795.0,10745.0,10770.0,92630
2019-04-09,10225,16161,-5936,84800,17674,67126,1525,27560,-26035,96550,61395,35155,23214,3107,20107,5249,199,5050,82,0,82,28545,3306,25239,10801.0,10848.0,10782.0,10843.0,70930
2019-04-10,8557,14072,-5515,83163,19049,64114,1443,27551,-26108,93163,60672,32491,22921,2468,20453,4003,1217,2786,82,0,82,27006,3685,23321,10820.0,10869.0,10812.0,10862.0,69994
2019-04-11,7899,12354,-4455,81975,19085,62890,1420,27573,-26153,91294,59012,32282,23262,3333,19929,3061,1635,1426,82,0,82,26405,4968,21437,10868.0,10885.0,10775.0,10806.0,110887
2019-04-12,7907,13486,-5579,81766,18660,63106,1420,27573,-26153,91093,59719,31374,22896,3470,19426,2438,1813,625,82,0,82,25416,5283,20133,10818.0,10831.0,10782.0,10802.0,85901
2019-04-15,10541,14974,-4433,87231,25775,61456,1427,27352,-25925,99199,68101,31098,23966,4020,19946,2256,2042,214,82,0,82,26304,6062,20242,10865.0,10895.0,10843.0,10876.0,100286
2019-04-16,10750,13179,-2429,90176,29614,60562,1394,27339,-25945,102320,70132,32188,28376,5882,22494,2418,1939,479,82,0,82,30876,7821,23055,10870.0,10932.0,10863.0,10931.0,104554
2019-04-17,7419,14638,-7219,78296,15549,62747,1356,26701,-25345,87071,56888,30183,17847,1370,16477,5040,163,4877,82,0,82,22969,1533,21436,10954.0,11010.0,10948.0,11004.0,63683
2019-04-18,8329,15718,-7389,79739,16728,63011,1350,27112,-25762,89418,59558,29860,19624,1932,17692,1768,840,928,82,0,82,21474,2772,18702,11022.0,11039.0,10920.0,10939.0,117490
2019-04-19,8642,16321,-7679,81576,17683,63893,1347,27312,-25965,91565,61316,30249,18179,2676,15503,3610,817,2793,82,0,82,21871,3493,18378,11020.0,11036.0,10954.0,10972.0,88747
2019-04-22,9094,15508,-6414,79160,18426,60734,1347,27306,-25959,89601,61240,28361,18470,2702,15768,2964,1239,1725,82,0,82,21516,3941,17575,11008.0,11030.0,10958.0,10978.0,77384
2019-04-23,9308,16383,-7075,79616,17359,62257,1335,27305,-25970,90259,61047,29212,19129,2964,16165,3866,871,2995,82,0,82,23077,3835,19242,10988.0,11024.0,10934.0,11024.0,103861
2019-04-24,8954,13430,-4476,76102,19984,56118,1338,27306,-25968,86394,60720,25674,18643,2901,15742,1324,1431,-107,82,0,82,20049,4332,15717,11050.0,11057.0,10970.0,11009.0,108063
2019-04-25,9112,15766,-6654,80011,19158,60853,1338,26398,-25060,90461,61322,29139,18572,3400,15172,5501,973,4528,82,0,82,24155,4373,19782,10990.0,11041.0,10977.0,11031.0,86847
2019-04-26,9206,15575,-6369,75250,21029,54221,1316,27007,-25691,85772,63611,22161,16701,2706,13995,655,3194,-2539,82,0,82,17438,5900,11538,10962.0,10972.0,10900.0,10933.0,118536
2019-04-29,9086,15920,-6834,76507,20059,56448,1321,27047,-25726,86914,63026,23888,15883,2998,12885,1956,1657,299,82,0,82,17921,4655,13266,10959.0,10978.0,10902.0,10932.0,90107
2019-04-30,9825,14117,-4292,77328,19574,57754,1319,27051,-25732,88472,60742,27730,17701,3040,14661,2556,1011,1545,82,0,82,20339,4051,16288,10912.0,10961.0,10883.0,10952.0,99311
2019-05-02,9264,14076,-4812,76770,20063,56707,1339,26723,-25384,87373,60862,26511,15546,2952,12594,3119,2182,937,82,0,82,18747,5134,13613,10947.0,11033.0,10933.0,10978.0,110504
2019-05-03,10055,13804,-3749,81322,20571,60751,1343,26172,-24829,92720,60547,32173,19911,3573,16338,7677,1365,6312,82,0,82,27670,4938,22732,10992.0,11094.0,10975.0,11092.0,105128
2019-05-06,9932,12781,-2849,74317,24309,50008,1307,27224,-25917,85556,64314,21242,16974,4379,12595,837,3391,-2554,82,0,82,17893,7770,10123,10980.0,10980.0,10821.0,10857.0,157627
2019-05-07,10095,15065,-4970,78380,21431,56949,1316,26681,-25365,89791,63177,26614,17057,4923,12134,3697,2213,1484,82,0,82,20836,7136,13700,10900.0,10996.0,10900.0,10970.0,112695
2019-05-08,7931,13895,-5964,79651,24634,55017,1311,26937,-25626,88893,65466,23427,15721,3319,12402,812,5853,-5041,82,0,82,16615,9172,7443,10849.0,10943.0,10841.0,10893.0,122471
2019-05-09,11000,15813,-4813,78181,29444,48737,1293,27887,-26594,90474,73144,17330,16236,3864,12372,238,11001,-10763,82,0,82,16556,14865,1691,10854.0,10866.0,10716.0,10746.0,163378
2019-05-10,11558,18774,-7216,84371,27363,57008,1281,27935,-26654,97210,74072,23138,17792,4220,13572,388,7029,-6641,82,0,82,18262,11249,7013,10750.0,10850.0,10646.0,10745.0,244648
2019-05-13,12132,20990,-8858,91439,42130,49309,1268,28632,-27364,104839,91752,13087,15174,5383,9791,598,13583,-12985,82,0,82,15854,18966,-3112,10686.0,10708.0,10565.0,10576.0,166126
2019-05-14,7286,17652,-10366,94256,43286,50970,1233,28451,-27218,102775,89389,13386,15760,5860,9900,496,14736,-14240,94,0,94,16350,20596,-4246,10425.0,10571.0,10399.0,10532.0,182739
2019-05-15,6095,10306,-4211,67514,20364,47150,1229,27886,-26657,74838,58556,16282,7658,4019,3639,1336,1969,-633,94,0,94,9088,5988,3100,10539.0,10609.0,10513.0,10579.0,84213
2019-05-16,8014,14667,-6653,68067,18895,49172,1260,28404,-27144,77341,61966,15375,7967,5447,2520,1424,3268,-1844,94,0,94,9485,8715,770,10537.0,10574.0,10483.0,10488.0,136852
2019-05-17,8772,17114,-8342,69602,21645,47957,1219,28748,-27529,79593,67507,12086,6952,7026,-74,1271,3915,-2644,94,0,94,8317,10941,-2624,10562.0,10566.0,10406.0,10411.0,148067
2019-05-20,7932,18410,-10478,71908,19165,52743,1233,28749,-27516,81073,66324,14749,8700,8187,513,2040,2971,-931,94,0,94,10834,11158,-324,10442.0,10485.0,10405.0,10433.0,138410
2019-05-21,8281,18452,-10171,70746,19664,51082,1292,28641,-27349,80319,66757,13562,10822,7650,3172,1517,3514,-1997,94,0,94,12433,11164,1269,10398.0,10502.0,10378.0,10487.0,139337
2019-05-22,7817,14629,-6812,64954,17457,47497,1391,28234,-26843,74162,60320,13842,10502,7038,3464,1007,4873,-3866,94,0,94,11603,11911,-308,10471.0,10515.0,10453.0,10480.0,116942
2019-05-23,8758,14495,-5737,60275,19295,40980,1426,29365,-27939,70459,63155,7304,10632,7552,3080,345,6677,-6332,94,0,94,11071,14229,-3158,10422.0,10424.0,10285.0,10310.0,140826
2019-05-24,8483,15870,-7387,60839,15472,45367,1431,29480,-28049,70753,60822,9931,9446,6932,2514,1335,3313,-1978,94,0,94,10875,10245,630,10316.0,10386.0,10315.0,10344.0,110221
2019-05-27,8918,13853,-4935,59877,15709,44168,1431,29940,-28509,70226,59502,10724,10508,6803,3705,776,4819,-4043,94,0,94,11378,11622,-244,10350.0,10390.0,10284.0,10333.0,103116
2019-05-28,9070,13861,-4791,58521,15777,42744,1468,29928,-28460,69059,59566,9493,10112,6923,3189,1319,5109,-3790,94,0,94,11525,12032,-507,10369.0,10374.0,10309.0,10340.0,87667
2019-05-29,7783,13352,-5569,61761,16537,45224,1447,29649,-28202,70991,59538,11453,10842,6668,4174,1935,6229,-4294,94,0,94,12871,12897,-26,10220.0,10295.0,10218.0,10291.0,94603
2019-05-30,8437,14394,-5957,61944,17596,44348,1445,28617,-27172,71826,60607,11219,10715,6403,4312,2698,5712,-3014,94,0,94,13507,12115,1392,10311.0,10382.0,10279.0,10367.0,118886
2019-05-31,9835,13360,-3525,61451,17281,44170,1445,28118,-26673,72731,58759,13972,15429,6699,8730,3271,2489,782,94,0,94,18794,9188,9606,10332.0,10493.0,10330.0,10455.0,132616
2019-06-03,10414,14006,-3592,58247,13838,44409,1476,30123,-28647,70137,57967,12170,17034,6323,10711,2362,3455,-1093,94,0,94,19490,9778,9712,10431.0,10477.0,10366.0,10471.0,129111
2019-06-04,10177,13300,-3123,56510,14690,41820,1529,31711,-30182,68216,59701,8515,14949,5893,9056,1495,8821,-7326,94,0,94,16538,14714,1824,10461.0,10483.0,10401.0,10416.0,91946
2019-06-05,9693,12530,-2837,59219,17460,41759,1566,33619,-32053,70478,63609,6869,12079,6256,5823,1614,5310,-3696,94,0,94,13787,11566,2221,10495.0,10510.0,10439.0,10456.0,101638
2019-06-06,10778,12423,-1645,58063,17876,40187,1565,34791,-33226,70406,65090,5316,13051,7523,5528,1320,8401,-7081,94,0,94,14465,15924,-1459,10433.0,10437.0,10351.0,10360.0,112358
2019-06-10,12513,15417,-2904,63890,16629,47261,1604,34306,-32702,78007,66352,11655,15199,7662,7537,3714,2890,824,94,0,94,19007,10552,8455,10477.0,10546.0,10442.0,10539.0,122498
2019-06-11,13528,15452,-1924,62755,15620,47135,1614,32744,-31130,77897,63816,14081,16084,7456,8628,3470,3238,232,94,0,94,19648,10694,8954,10555.0,10618.0,10533.0,10592.0,102065
2019-06-12,12457,14662,-2205,61832,14134,47698,1691,31544,-29853,75980,60340,15640,17479,6646,10833,3810,3140,670,94,0,94,21383,9786,11597,10587.0,10611.0,10564.0,10592.0,88158
2019-06-13,13174,13564,-390,60182,18723,41459,1671,30855,-29184,75027,63142,11885,16678,6976,9702,1407,6425,-5018,94,0,94,18179,13401,4778,10561.0,10589.0,10497.0,10529.0,115701
2019-06-14,14794,15866,-1072,64977,23816,41161,1691,29753,-28062,81462,69435,12027,16619,7102,9517,1404,6590,-5186,94,0,94,18117,13692,4425,10534.0,10558.0,10516.0,10529.0,87499
2019-06-17,14169,18080,-3911,79745,35731,44014,1956,29761,-27805,95870,83572,12298,15992,5929,10063,3168,5903,-2735,94,0,94,19254,11832,7422,10477.0,10565.0,10460.0,10545.0,126622
2019-06-18,12394,16543,-4149,88225,45602,42623,1893,30160,-28267,102512,92305,10207,17055,6297,10758,2400,6567,-4167,94,0,94,19549,12864,6685,10539.0,10576.0,10526.0,10553.0,89907
2019-06-19,5240,11644,-6404,72184,21069,51115,1952,30867,-28915,79376,63580,15796,6871,7125,-254,4962,334,4628,95,0,95,11928,7459,4469,10680.0,10800.0,10667.0,10770.0,82967
2019-06-20,6206,12843,-6637,76979,23381,53598,1980,33077,-31097,85165,69301,15864,7531,7888,-357,3866,2075,1791,95,0,95,11492,9963,1529,10575.0,10605.0,10558.0,10591.0,82664
2019-06-21,6962,14389,-7427,80220,26525,53695,2748,34188,-31440,89930,75102,14828,7294,8003,-709,2298,3757,-1459,109,0,109,9701,11760,-2059,10628.0,10641.0,10564.0,10585.0,96638
2019-06-24,7313,13863,-6550,79860,30474,49386,2780,33923,-31143,89953,78260,11693,7768,7758,10,2042,4286,-2244,109,0,109,9919,12044,-2125,10605.0,10647.0,10553.0,10623.0,91686
2019-06-25,7306,14993,-7687,78309,28926,49383,2867,34548,-31681,88482,78467,10015,6986,8775,-1789,141,6610,-6469,112,0,112,7239,15385,-8146,10620.0,10630.0,10523.0,10540.0,99176
2019-06-26,8053,14092,-6039,75435,31152,44283,2718,33184,-30466,86206,78428,7778,5669,9000,-3331,247,5468,-5221,113,0,113,6029,14468,-8439,10525.0,10541.0,10499.0,10503.0,84635
2019-06-27,9018,12381,-3363,79988,34376,45612,2716,32468,-29752,91722,79225,12497,6905,6658,247,1646,3109,-1463,122,0,122,8673,9767,-1094,10535.0,10642.0,10532.0,10622.0,107467
2019-06-28,10461,14124,-3663,77704,30579,47125,2769,33857,-31088,90934,78560,12374,5853,6701,-848,161,4977,-4816,124,0,124,6138,11678,-5540,10621.0,10627.0,10550.0,10580.0,82329
2019-07-01,10016,14218,-4202,80727,33927,46800,3017,31592,-28575,93760,79737,14023,9062,7477,1585,1799,3787,-1988,131,0,131,10992,11264,-272,10707.0,10780.0,10693.0,10767.0,97751
2019-07-02,10593,15249,-4656,76715,32052,44663,3440,30699,-27259,90748,78000,12748,9648,7641,2007,698,4033,-3335,136,0,136,10482,11674,-1192,10738.0,10766.0,10729.0,10749.0,61053
2019-07-03,9023,14198,-5175,71914,29472,42442,3579,27646,-24067,84516,71316,13200,9825,7363,2462,59,5691,-5632,146,0,146,10030,13054,-3024,10733.0,10741.0,10202.0,10641.0,110757
2019-07-04,9084,13926,-4842,70971,28124,42847,3644,26229,-22585,83699,68279,15420,11111,6858,4253,860,2414,-1554,146,0,146,12117,9272,2845,10691.0,10729.0,10677.0,10710.0,77799
2019-07-05,9017,14284,-5267,69837,27754,42083,3796,26278,-22482,82650,68316,14334,11151,7296,3855,1100,2406,-1306,148,0,148,12399,9702,2697,10713.0,10749.0,10682.0,10718.0,77791
2019-07-08,9490,14193,-4703,68481,27446,41035,3871,25787,-21916,81842,67426,14416,10098,7046,3052,555,4100,-3545,150,0,150,10803,11146,-343,10655.0,10711.0,10630.0,10665.0,105869
2019-07-09,10145,15461,-5316,68895,29670,39225,3872,25787,-21915,82912,70918,11994,9561,7469,2092,171,5519,-5348,150,0,150,9882,12988,-3106,10688.0,10699.0,10631.0,10650.0,79635
2019-07-10,9226,14532,-5306,72111,29359,42752,3928,25324,-21396,85265,69215,16050,13258,8321,4937,4149,2113,2036,154,0,154,17561,10434,7127,10699.0,10741.0,10689.0,10731.0,99635
2019-07-11,10058,15252,-5194,74099,29858,44241,3879,25781,-21902,88036,70891,17145,14726,7472,7254,4350,2428,1922,154,0,154,19230,9900,9330,10801.0,10833.0,10772.0,10814.0,86527
2019-07-12,11185,14934,-3749,76445,34038,42407,3961,25781,-21820,91591,74753,16838,14300,7950,6350,2296,4156,-1860,160,0,160,16756,12106,4650,10789.0,10830.0,10788.0,10810.0,77492
2019-07-15,12130,15031,-2901,73279,32076,41203,4034,25790,-21756,89443,72897,16546,17295,9458,7837,2918,4658,-1740,162,0,162,20375,14116,6259,10808.0,10860.0,10730.0,10849.0,142849
2019-07-16,10886,13508,-2622,70778,34917,35861,4037,23992,-19955,85701,72417,13284,16524,6951,9573,3048,5495,-2447,163,0,163,19735,12446,7289,10863.0,10892.0,10851.0,10876.0,94778
2019-07-17,5897,11690,-5793,54137,21456,32681,4044,24006,-19962,64078,57152,6926,6538,6866,-328,59,1268,-1209,164,0,164,6761,8134,-1373,10837.0,10855.0,10805.0,10831.0,73472
2019-07-18,5907,12560,-6653,59237,20543,38694,3562,24206,-20644,68706,57309,11397,6741,6392,349,2451,424,2027,158,0,158,9350,6816,2534,10625.0,10676.0,10623.0,10651.0,78967
2019-07-19,5835,12449,-6614,60918,19801,41117,3658,26323,-22665,70411,58573,11838,6113,7828,-1715,3746,340,3406,162,0,162,10021,8168,1853,10757.0,10792.0,10727.0,10744.0,96597
2019-07-22,7442,12421,-4979,64924,19520,45404,3640,27217,-23577,76006,59158,16848,7358,5102,2256,6440,300,6140,162,0,162,13960,5402,8558,10735.0,10798.0,10729.0,10794.0,78276
2019-07-23,7731,12602,-4871,61878,17444,44434,3623,27217,-23594,73232,57263,15969,7604,5220,2384,3295,435,2860,129,0,129,11028,5655,5373,10822.0,10836.0,10785.0,10803.0,76794
2019-07-24,6369,11649,-5280,60605,16451,44154,3900,27217,-23317,70874,55317,15557,7167,5275,1892,2465,1254,1211,140,0,140,9772,6529,3243,10817.0,10835.0,10792.0,10804.0,66376
2019-07-25,7762,10546,-2784,59907,16783,43124,3697,27212,-23515,71366,54541,16825,8059,5084,2975,2666,653,2013,140,0,140,10865,5737,5128,10825.0,10831.0,10769.0,10822.0,73933
2019-07-26,8522,11596,-3074,57984,17432,40552,3509,27217,-23708,70015,56245,13770,7696,5759,1937,605,4371,-3766,148,0,148,8449,10130,-1681,10781.0,10795.0,10765.0,10787.0,53262
2019-07-29,8958,12089,-3131,59916,19405,40511,3500,27217,-23717,72374,58711,13663,8140,5248,2892,523,4379,-3856,148,0,148,8811,9627,-816,10779.0,10802.0,10744.0,10782.0,83205
2019-07-30,7241,12194,-4953,59016,22537,36479,3508,27224,-23716,69765,61955,7810,6860,6992,-132,205,6689,-6484,148,0,148,7213,13681,-6468,10819.0,10836.0,10751.0,10752.0,91827
2019-07-31,6074,9760,-3686,59409,22002,37407,3542,27236,-23694,69025,58998,10027,6643,6203,440,1068,7754,-6686,149,0,149,7860,13957,-6097,10721.0,10743.0,10674.0,10737.0,103963
2019-08-01,6731,9566,-2835,57735,25172,32563,3512,26984,-23472,67978,61722,6256,7398,7167,231,426,11231,-10805,149,0,149,7973,18398,-10425,10635.0,10697.0,10623.0,10644.0,109370
2019-08-02,7396,9442,-2046,60475,31296,29179,3482,27423,-23941,71353,68161,3192,10432,10525,-93,108,16902,-16794,149,0,149,10689,27427,-16738,10518.0,10535.0,10441.0,10469.0,142909
2019-08-05,8649,12082,-3433,62645,33491,29154,3502,25579,-22077,74796,71152,3644,7856,9589,-1733,254,10905,-10651,149,0,149,8259,20494,-12235,10421.0,10460.0,10358.0,10379.0,135670
2019-08-06,9215,11268,-2053,59897,30913,28984,3497,25251,-21754,72609,67432,5177,9165,9100,65,603,9744,-9141,149,0,149,9917,18844,-8927,10096.0,10387.0,10095.0,10331.0,199053
2019-08-07,8916,10917,-2001,62697,29641,33056,3487,24796,-21309,75100,65354,9746,9630,7963,1667,1970,9636,-7666,148,0,148,11748,17599,-5851,10330.0,10375.0,10301.0,10347.0,113948
2019-08-08,9144,10772,-1628,62967,28604,34363,3617,24747,-21130,75728,64123,11605,12474,9871,2603,3167,8013,-4846,141,0,141,15782,17884,-2102,10372.0,10454.0,10340.0,10439.0,122318
2019-08-12,9351,11176,-1825,63157,29226,33931,3703,24747,-21044,76211,65149,11062,13949,12761,1188,3683,7384,-3701,149,0,149,17781,20145,-2364,10439.0,10477.0,10380.0,10441.0,87087
2019-08-13,8818,12938,-4120,63516,27454,36062,3699,24812,-21113,76033,65204,10829,13620,13706,-86,2499,8167,-5668,150,0,150,16269,21873,-5604,10385.0,10400.0,10319.0,10342.0,102839
2019-08-14,8365,12839,-4474,63983,26541,37442,3681,26191,-22510,76029,65571,10458,12230,12553,-323,3758,7402,-3644,151,0,151,16139,19955,-3816,10457.0,10492.0,10416.0,10429.0,107891
2019-08-15,8053,14544,-6491,69441,30149,39292,3718,27270,-23552,81212,71963,9249,10276,12863,-2587,680,9236,-8556,151,0,151,11107,22099,-10992,10255.0,10335.0,10242.0,10301.0,117015
2019-08-16,6156,11877,-5721,67784,29142,38642,3759,26517,-22758,77699,67536,10163,10931,10382,549,4690,2959,1731,148,0,148,15769,13341,2428,10315.0,10421.0,10288.0,10414.0,135144
2019-08-19,6761,11986,-5225,68786,30144,38642,3793,26483,-22690,79340,68613,10727,12652,10334,2318,5346,3773,1573,148,0,148,18146,14107,4039,10436.0,10489.0,10419.0,10484.0,113319
2019-08-20,6618,14407,-7789,71840,30057,41783,3796,26233,-22437,82254,70697,11557,13551,9882,3669,6721,3966,2755,132,0,132,20404,13848,6556,10487.0,10530.0,10478.0,10527.0,94358
2019-08-21,5485,10659,-5174,62266,20044,42222,3793,26507,-22714,71544,57210,14334,7155,9246,-2091,5506,362,5144,131,0,131,12792,9608,3184,10514.0,10544.0,10505.0,10528.0,61159
2019-08-22,6092,10399,-4307,60716,22783,37933,3835,25348,-21513,70643,58530,12113,7198,9777,-2579,2201,1056,1145,131,0,131,9530,10833,-1303,10538.0,10564.0,10464.0,10477.0,105769
2019-08-23,6289,10759,-4470,62360,22206,40154,3998,25393,-21395,72647,58358,14289,8196,10423,-2227,2191,1794,397,132,0,132,10519,12217,-1698,10485.0,10513.0,10460.0,10499.0,76901
2019-08-26,6037,12319,-6282,62664,25040,37624,3984,25403,-21419,72685,62762,9923,9286,11295,-2009,153,9785,-9632,132,0,132,9571,21080,-11509,10335.0,10367.0,10294.0,10307.0,120532
2019-08-27,6413,12590,-6177,62138,20751,41387,4005,25398,-21393,72556,58739,13817,10430,10626,-196,441,7122,-6681,126,0,126,10997,17748,-6751,10372.0,10390.0,10343.0,10364.0,73290
2019-08-28,5617,11480,-5863,62503,21630,40873,3992,25080,-21088,72112,58190,13922,9496,9817,-321,1709,5400,-3691,122,0,122,11327,15217,-3890,10390.0,10438.0,10388.0,10413.0,86584
2019-08-29,5538,11932,-6394,65750,20742,45008,3989,25079,-21090,75277,57753,17524,11773,10871,902,2495,4545,-2050,120,0,120,14388,15416,-1028,10420.0,10442.0,10376.0,10430.0,84003
2019-08-30,6799,13146,-6347,68471,20787,47684,4021,24197,-20176,79291,58130,21161,13636,12840,796,4351,3212,1139,120,0,120,18107,16052,2055,10520.0,10584.0,10517.0,10576.0,79713
2019-09-02,7095,12757,-5662,69007,19272,49735,4035,24887,-20852,80137,56916,23221,15074,13174,1900,3020,3188,-168,120,0,120,18214,16362,1852,10564.0,10615.0,10556.0,10605.0,60427
2019-09-03,7870,13922,-6052,67871,21187,46684,4030,25094,-21064,79771,60203,19568,13910,12405,1505,1055,5171,-4116,106,0,106,15071,17576,-2505,10599.0,10632.0,10537.0,10543.0,91892
2019-09-04,8582,15617,-7035,72290,21203,51087,4030,24673,-20643,84902,61493,23409,17505,14716,2789,7039,3220,3819,106,0,106,24650,17936,6714,10563.0,10657.0,10558.0,10644.0,86712
2019-09-05,8908,14026,-5118,69932,19938,49994,3652,25043,-21391,82492,59007,23485,18922,15575,3347,6086,3181,2905,106,0,106,25114,18756,6358,10719.0,10762.0,10703.0,10735.0,91108
2019-09-06,9117,13651,-4534,71497,18747,52750,3652,24765,-21113,84266,57163,27103,19051,14403,4648,5708,2810,2898,105,0,105,24864,17213,7651,10776.0,10783.0,10741.0,10768.0,68005
2019-09-09,9324,13927,-4603,72814,18629,54185,3616,25463,-21847,85754,58019,27735,20108,15323,4785,5156,2866,2290,105,0,105,25369,18189,7180,10802.0,10827.0,10773.0,10792.0,68953
2019-09-10,9625,14118,-4493,70957,19050,51907,3611,26470,-22859,84193,59638,24555,19583,13980,5603,3271,3887,-616,105,0,105,22959,17867,5092,10801.0,10814.0,10731.0,10743.0,76441
2019-09-11,10074,12721,-2647,69912,18859,51053,3606,26510,-22904,83592,58090,25502,19629,13742,5887,3321,3476,-155,103,0,103,23053,17218,5835,10795.0,10808.0,10751.0,10773.0,89245
2019-09-12,10938,12255,-1317,82689,31806,50883,3600,28917,-25317,97227,72978,24249,20467,14271,6196,3254,4133,-879,104,0,104,23825,18404,5421,10842.0,10870.0,10801.0,10824.0,101288
2019-09-16,10738,12602,-1864,100413,40804,59609,3577,30287,-26710,114728,83693,31035,21122,13312,7810,6520,3145,3375,104,0,104,27746,16457,11289,10802.0,10885.0,10802.0,10881.0,107760
2019-09-17,14451,16525,-2074,99984,45415,54569,3639,30351,-26712,118074,92291,25783,20161,10367,9794,5605,4822,783,104,0,104,25870,15189,10681,10907.0,10910.0,10858.0,10863.0,86095
2019-09-18,6559,12387,-5828,70374,18413,51961,3799,30469,-26670,80732,61269,19463,12216,3256,8960,3147,202,2945,105,0,105,15468,3458,12010,10912.0,10963.0,10884.0,10959.0,59301
2019-09-19,7043,11972,-4929,69819,22136,47683,3801,30144,-26343,80663,64252,16411,12724,3092,9632,1262,1994,-732,106,0,106,14092,5086,9006,10915.0,10936.0,10851.0,10870.0,91304
2019-09-20,7144,11756,-4612,72434,21630,50804,3801,30139,-26338,83379,63525,19854,12870,2879,9991,2288,810,1478,106,0,106,15264,3689,11575,10901.0,10912.0,10884.0,10901.0,60402
2019-09-23,7346,10914,-3568,71438,21599,49839,3789,30844,-27055,82573,63357,19216,13555,3397,10158,1045,2149,-1104,106,0,106,14706,5546,9160,10894.0,10929.0,10872.0,10894.0,75227
2019-09-24,8761,12331,-3570,72989,22652,50337,3786,31653,-27867,85536,66636,18900,13358,3870,9488,828,2606,-1778,106,0,106,14292,6476,7816,10911.0,10932.0,10865.0,10908.0,89403
2019-09-25,8534,12670,-4136,72693,24372,48321,3365,32034,-28669,84592,69076,15516,11647,4329,7318,1064,7405,-6341,104,0,104,12815,11734,1081,10865.0,10873.0,10805.0,10841.0,100205
2019-09-26,8899,12274,-3375,73175,23327,49848,3126,32029,-28903,85200,67630,17570,12373,4237,8136,324,7550,-7226,104,0,104,12801,11787,1014,10876.0,10895.0,10828.0,10843.0,83512
2019-09-27,9334,12947,-3613,74815,22244,52571,3125,31262,-28137,87274,66453,20821,12274,5151,7123,559,5649,-5090,104,0,104,12937,10800,2137,10876.0,10897.0,10811.0,10824.0,94839
2019-10-01,11070,15822,-4752,79330,22148,57182,3163,30613,-27450,93563,68583,24980,15858,7308,8550,2607,2147,460,100,0,100,18565,9455,9110,10856.0,10962.0,10856.0,10954.0,91075
2019-10-02,10494,14984,-4490,77899,23730,54169,3151,29079,-25928,91544,67793,23751,14625,6779,7846,857,4316,-3459,100,0,100,15582,11095,4487,10916.0,10948.0,10912.0,10922.0,67011
2019-10-03,10227,15306,-5079,78627,24180,54447,3153,27723,-24570,92007,67209,24798,14424,7700,6724,1046,6806,-5760,98,0,98,15568,14506,1062,10827.0,10877.0,10773.0,10851.0,97211
2019-10-04,11626,15531,-3905,78592,23466,55126,3152,28409,-25257,93370,67406,25964,16329,8143,8186,275,6488,-6213,98,0,98,16702,14631,2071,10881.0,10912.0,10820.0,10880.0,106799
2019-10-07,13155,15582,-2427,77296,23431,53865,3172,28395,-25223,93623,67408,26215,18006,9673,8333,1107,4759,-3652,98,0,98,19211,14432,4779,10907.0,10937.0,10886.0,10915.0,68946
2019-10-08,12806,17682,-4876,84907,25142,59765,3134,28305,-25171,100847,71129,29718,20625,11077,9548,4506,3576,930,99,0,99,25230,14653,10577,10958.0,11021.0,10950.0,11001.0,85671
2019-10-09,10416,13888,-3472,79820,27245,52575,3098,29546,-26448,93334,70679,22655,18802,6703,12099,577,11723,-11146,98,0,98,19477,18426,1051,10963.0,10969.0,10880.0,10880.0,90482
2019-10-14,10241,15202,-4961,89378,31397,57981,3133,29271,-26138,102752,75870,26882,21410,8651,12759,3191,7738,-4547,98,0,98,24699,16389,8310,11070.0,11092.0,11030.0,11076.0,114852
2019-10-15,11328,15259,-3931,91949,34412,57537,3135,29688,-26553,106412,79359,27053,20868,4086,16782,3235,7900,-4665,98,0,98,24201,11986,12215,11083.0,11122.0,11073.0,11108.0,99518
2019-10-16,9622,11913,-2291,77781,22702,55079,3129,29657,-26528,90532,64272,26260,12954,2262,10692,3502,133,3369,98,0,98,16554,2395,14159,11158.0,11171.0,11130.0,11145.0,66943
2019-10-17,9760,11399,-1639,80118,22366,57752,3085,29728,-26643,92963,63493,29470,14149,2275,11874,5973,192,5781,98,0,98,20220,2467,17753,11148.0,11161.0,11117.0,11157.0,56152
2019-10-18,10575,12700,-2125,77729,23526,54203,3091,29728,-26637,91395,65954,25441,14387,2427,11960,956,1178,-222,105,0,105,15448,3605,11843,11195.0,11223.0,11132.0,11150.0,91145
2019-10-21,10649,11712,-1063,75968,24172,51796,3067,29031,-25964,89684,64915,24769,14891,2764,12127,1102,2808,-1706,96,0,96,16089,5572,10517,11157.0,11168.0,11133.0,11155.0,54208
2019-10-22,11694,11439,255,76177,22717,53460,2683,29004,-26321,90554,63160,27394,16749,2830,13919,2850,1215,1635,96,0,96,19695,4045,15650,11213.0,11252.0,11191.0,11242.0,78469
2019-10-23,10958,11262,-304,76164,22693,53471,2668,29470,-26802,89790,63425,26365,14026,3003,11023,2941,1898,1043,96,0,96,17063,4901,12162,11225.0,11254.0,11182.0,11201.0,79441
2019-10-24,11156,10467,689,78426,20826,57600,2677,29248,-26571,92259,60541,31718,15155,3040,12115,3824,1090,2734,96,0,96,19075,4130,14945,11232.0,11292.0,11225.0,11290.0,71647
2019-10-25,10734,10029,705,77140,21839,55301,2680,29180,-26500,90554,61048,29506,14437,3710,10727,1489,2560,-1071,96,0,96,16022,6270,9752,11321.0,11328.0,11264.0,11284.0,61411
2019-10-28,10582,10686,-104,77559,19654,57905,2631,28865,-26234,90772,59205,31567,14073,4086,9987,1968,1812,156,96,0,96,16137,5898,10239,11334.0,11342.0,11291.0,11311.0,52213
2019-10-29,10453,11911,-1458,77651,19876,57775,2625,28865,-26240,90729,60652,30077,14022,4299,9723,3094,1667,1427,96,0,96,17212,5966,11246,11348.0,11366.0,11293.0,11326.0,80689
2019-10-30,10732,11811,-1079,78008,19515,58493,2625,28860,-26235,91365,60186,31179,13291,3449,9842,3887,1674,2213,96,0,96,17274,5123,12151,11312.0,11351.0,11295.0,11338.0,66641
2019-10-31,11161,11340,-179,78759,19809,58950,2648,28719,-26071,92568,59868,32700,13002,3459,9543,3698,2015,1683,96,0,96,16796,5474,11322,11371.0,11396.0,11341.0,11346.0,74398
2019-11-01,11722,11403,319,78899,19717,59182,2637,28644,-26007,93258,59764,33494,13545,3368,10177,4292,1758,2534,96,0,96,17933,5126,12807,11333.0,11377.0,11316.0,11371.0,60298
2019-11-04,12149,13339,-1190,83811,21895,61916,2631,27507,-24876,98591,62741,35850,14737,4913,9824,8887,1701,7186,96,0,96,23720,6614,17106,11416.0,11554.0,11413.0,11544.0,102908
2019-11-05,12838,13688,-850,81238,24034,57204,2633,25780,-23147,96709,63502,33207,15074,5637,9437,6350,1805,4545,100,0,100,21524,7442,14082,11594.0,11650.0,11566.0,11645.0,85555
2019-11-06,12191,12661,-470,79351,23657,55694,2535,24869,-22334,94077,61187,32890,15128,4720,10408,4773,1990,2783,100,0,100,20001,6710,13291,11644.0,11675.0,11600.0,11653.0,89714
2019-11-07,11524,12878,-1354,76762,23535,53227,2166,24192,-22026,90452,60605,29847,13998,4509,9489,2737,2445,292,103,0,103,16838,6954,9884,11636.0,11637.0,11558.0,11596.0,98305
2019-11-08,12163,12720,-557,75211,23105,52106,1831,24131,-22300,89205,59956,29249,13727,4804,8923,2578,3697,-1119,103,0,103,16408,8501,7907,11646.0,11648.0,11554.0,11573.0,93120
2019-11-11,11963,15159,-3196,77409,25146,52263,1809,24765,-22956,91181,65070,26111,10973,6065,4908,2529,4012,-1483,103,0,103,13605,10077,3528,11577.0,11581.0,11424.0,11437.0,115934
2019-11-12,12992,13901,-909,76769,26608,50161,1808,23143,-21335,91569,63652,27917,13653,7926,5727,4297,3295,1002,103,0,103,18053,11221,6832,11483.0,11528.0,11466.0,11523.0,77144
2019-11-13,11962,12800,-838,75784,25856,49928,1807,23160,-21353,89553,61816,27737,13030,6716,6314,2384,4660,-2276,103,0,103,15517,11376,4141,11463.0,11494.0,11428.0,11466.0,104040
2019-11-14,11311,12453,-1142,77743,29267,48476,1807,22266,-20459,90861,63986,26875,14060,8063,5997,2191,4773,-2582,103,0,103,16354,12836,3518,11493.0,11496.0,11413.0,11456.0,106892
2019-11-15,11429,12040,-611,78015,32691,45324,1825,21844,-20019,91269,66575,24694,15170,7416,7754,1967,5869,-3902,103,0,103,17240,13285,3955,11485.0,11563.0,11480.0,11532.0,107490
2019-11-18,13238,12651,587,79201,33403,45798,1632,21828,-20196,94071,67882,26189,13152,6504,6648,2732,4861,-2129,103,0,103,15987,11365,4622,11533.0,11594.0,11507.0,11593.0,107411
2019-11-19,13974,12596,1378,79979,35345,44634,1646,21501,-19855,95599,69442,26157,12122,5338,6784,3480,7124,-3644,103,0,103,15705,12462,3243,11574.0,11654.0,11563.0,11644.0,96240
2019-11-20,10430,8643,1787,60595,19627,40968,1648,21504,-19856,72673,49774,22899,8770,3420,5350,1130,1053,77,103,0,103,10003,4473,5530,11621.0,11644.0,11594.0,11607.0,62136
2019-11-21,10529,10108,421,62946,20185,42761,1582,21231,-19649,75057,51524,23533,9001,4421,4580,2348,1016,1332,103,0,103,11452,5437,6015,11529.0,11551.0,11450.0,11544.0,135473
2019-11-22,10687,10786,-99,61995,20841,41154,1595,21226,-19631,74277,52853,21424,9271,4815,4456,1108,2179,-1071,103,0,103,10482,6994,3488,11565.0,11592.0,11531.0,11556.0,80409
2019-11-25,10717,11344,-627,61675,20243,41432,1610,20522,-18912,74002,52109,21893,9100,5352,3748,1645,2507,-862,103,0,103,10848,7859,2989,11615.0,11629.0,11559.0,11565.0,87376
2019-11-26,10762,12516,-1754,65253,19559,45694,1551,20291,-18740,77566,52366,25200,10007,5432,4575,2050,796,1254,102,0,102,12159,6228,5931,11620.0,11658.0,11603.0,11618.0,107977
2019-11-27,10587,10907,-320,66177,18980,47197,1555,20291,-18736,78319,50178,28141,12741,4472,8269,2073,811,1262,72,0,72,14886,5283,9603,11613.0,11651.0,11596.0,11647.0,70898
2019-11-28,10628,10193,435,62947,21234,41713,1541,20491,-18950,75116,51918,23198,11470,4857,6613,382,4902,-4520,72,0,72,11924,9759,2165,11658.0,11663.0,11605.0,11614.0,88687
2019-11-29,10913,11697,-784,61938,26095,35843,1546,21136,-19590,74397,58928,15469,10245,6284,3961,265,10221,-9956,72,0,72,10582,16505,-5923,11604.0,11613.0,11462.0,11465.0,131564
2019-12-02,10854,12499,-1645,64845,22957,41888,1548,21336,-19788,77247,56792,20455,10941,6675,4266,1249,2432,-1183,72,0,72,12262,9107,3155,11527.0,11533.0,11459.0,11502.0,90579
2019-12-03,10480,12697,-2217,68071,21427,46644,1544,21332,-19788,80095,55456,24639,12215,6057,6158,3763,2451,1312,72,0,72,16050,8508,7542,11444.0,11527.0,11439.0,11524.0,88994
2019-12-04,9885,11973,-2088,66475,21523,44952,1543,21419,-19876,77903,54915,22988,13676,5855,7821,1889,4956,-3067,72,0,72,15637,10811,4826,11492.0,11505.0,11443.0,11503.0,106806
2019-12-05,10359,12640,-2281,70779,22039,48740,1565,21076,-19511,82703,55755,26948,13176,6580,6596,4705,3321,1384,72,0,72,17953,9901,8052,11540.0,11618.0,11532.0,11598.0,91837
2019-12-06,10566,13408,-2842,70853,20799,50054,1565,21065,-19500,82984,55272,27712,14208,7440,6768,6051,3450,2601,72,0,72,20331,10890,9441,11645.0,11670.0,11580.0,11612.0,88309
2019-12-09,10884,13745,-2861,73475,21708,51767,1574,20748,-19174,85933,56201,29732,14887,7755,7132,3416,3309,107,72,0,72,18375,11064,7311,11670.0,11699.0,11633.0,11671.0,78956
2019-12-10,11153,11249,-96,68175,24905,43270,1577,20962,-19385,80905,57116,23789,15225,7734,7491,306,7776,-7470,72,0,72,15603,15510,93,11647.0,11656.0,11605.0,11625.0,73085
2019-12-11,11966,12086,-120,70860,21499,49361,1563,20743,-19180,84389,54328,30061,18375,8260,10115,3434,3511,-77,72,0,72,21881,11771,10110,11600.0,11706.0,11594.0,11706.0,92546
2019-12-12,11783,12477,-694,71563,20101,51462,1619,20772,-19153,84965,53350,31615,19910,9612,10298,6480,3536,2944,72,0,72,26462,13148,13314,11765.0,11888.0,11754.0,11853.0,119427
2019-12-13,12632,12116,516,79657,30754,48903,1661,21501,-19840,93950,64371,29579,20714,10569,10145,4536,4239,297,72,0,72,25322,14808,10514,11977.0,12007.0,11917.0,11965.0,117530
2019-12-16,13652,11591,2061,88942,39274,49668,1679,23200,-21521,104273,74065,30208,21535,9398,12137,2174,4380,-2206,72,0,72,23781,13778,10003,11932.0,11976.0,11922.0,11961.0,95670
2019-12-17,16962,12381,4581,84836,39792,45044,1690,24269,-22579,103488,76442,27046,15635,5262,10373,5006,7486,-2480,72,0,72,20713,12748,7965,11974.0,12102.0,11945.0,12100.0,111124
2019-12-18,8789,7022,1767,62392,18484,43908,1706,24605,-22899,72887,50111,22776,8763,4579,4184,4122,67,4055,75,0,75,12960,4646,8314,12077.0,12129.0,12065.0,12118.0,54946
2019-12-19,9273,7604,1669,62709,20222,42487,1723,25218,-23495,73705,53044,20661,8325,5438,2887,2042,497,1545,75,0,75,10442,5935,4507,12110.0,12115.0,12015.0,12030.0,92209
2019-12-20,8621,8042,579,61926,20923,41003,1840,25219,-23379,72387,54184,18203,8261,5981,2280,1135,958,177,71,0,71,9467,6939,2528,12063.0,12063.0,11951.0,11979.0,126757
2019-12-23,8225,7614,611,62012,21344,40668,1833,25221,-23388,72070,54179,17891,8155,6148,2007,1731,903,828,71,0,71,9957,7051,2906,12000.0,12028.0,11972.0,12020.0,75298
2019-12-24,8778,8144,634,59344,22251,37093,1722,25221,-23499,69844,55616,14228,7616,7373,243,561,2621,-2060,71,0,71,8248,9994,-1746,12030.0,12044.0,11982.0,11983.0,55384
2019-12-25,9065,7103,1962,59478,22294,37184,1683,25217,-23534,70226,54614,15612,7206,5049,2157,647,2684,-2037,71,0,71,7924,7733,191,11989.0,12027.0,11976.0,12020.0,41599
2019-12-26,9749,6955,2794,59494,24635,34859,1678,25719,-24041,70921,57309,13612,7350,5060,2290,547,5103,-4556,71,0,71,7968,10163,-2195,12029.0,12042.0,11986.0,12009.0,52249
2019-12-27,9353,7571,1782,62944,24501,38443,1691,25699,-24008,73988,57771,16217,8410,6372,2038,1364,2554,-1190,71,0,71,9845,8926,919,12038.0,12112.0,12037.0,12097.0,74454
2019-12-30,9464,8301,1163,62439,24281,38158,1687,25886,-24199,73590,58468,15122,8299,6880,1419,1028,3467,-2439,71,0,71,9398,10347,-949,12091.0,12125.0,12065.0,12069.0,66062
2019-12-31,9957,9485,472,62273,25363,36910,1657,26302,-24645,73887,61150,12737,7233,7202,31,1107,7269,-6162,71,0,71,8411,14471,-6060,12029.0,12049.0,11992.0,11995.0,74341
2020-01-02,10502,8518,1984,60992,25535,35457,1670,24668,-22998,73164,58721,14443,9141,6572,2569,1540,4043,-2503,71,0,71,10752,10615,137,12044.0,12120.0,12023.0,12102.0,100401
2020-01-03,10829,7804,3025,60907,26284,34623,1637,24655,-23018,73373,58743,14630,9319,5664,3655,1006,4513,-3507,71,0,71,10396,10177,219,12180.0,12198.0,11996.0,12086.0,172660
2020-01-06,10421,9672,749,59175,26999,32176,1614,24863,-23249,71210,61534,9676,7711,6783,928,777,8837,-8060,71,0,71,8559,15620,-7061,12017.0,12034.0,11948.0,11950.0,118380
2020-01-07,10449,9905,544,56006,26743,29263,1598,24676,-23078,68053,61324,6729,7689,7474,215,800,10262,-9462,61,0,61,8550,17736,-9186,11995.0,12009.0,11816.0,11871.0,157264
2020-01-08,9119,10043,-924,60742,25196,35546,1591,24994,-23403,71452,60233,11219,8520,8496,24,1249,5152,-3903,61,0,61,9830,13648,-3818,11728.0,11892.0,11697.0,11788.0,158971
2020-01-09,11162,11188,-26,63723,26297,37426,1609,24490,-22881,76494,61975,14519,11497,10904,593,3111,3449,-338,61,0,61,14669,14353,316,11919.0,11998.0,11883.0,11968.0,115014
2020-01-10,11319,10801,518,70250,30888,39362,1636,26492,-24856,83205,68181,15024,11563,10367,1196,1864,3834,-1970,61,0,61,13488,14201,-713,12005.0,12042.0,11953.0,12010.0,114171
2020-01-13,10497,10083,414,77470,35077,42393,1639,27019,-25380,89606,72179,17427,11673,9884,1789,3819,3164,655,61,0,61,15553,13048,2505,12085.0,12121.0,12044.0,12117.0,142642
2020-01-14,9642,10470,-828,73536,33657,39879,1654,26754,-25100,84832,70881,13951,12825,8298,4527,3338,3305,33,61,0,61,16224,11603,4621,12176.0,12199.0,12148.0,12181.0,104397
2020-01-15,7801,7534,267,58949,22200,36749,1641,25610,-23969,68391,55344,13047,9336,5615,3721,553,2961,-2408,61,0,61,9950,8576,1374,12159.0,12175.0,12058.0,12063.0,89882
2020-01-16,8067,6710,1357,56368,24919,31449,1657,24818,-23161,66092,56447,9645,9901,6501,3400,1008,4548,-3540,55,0,55,10964,11049,-85,12040.0,12078.0,11990.0,12056.0,106272
2020-01-17,8180,6943,1237,56046,23664,32382,1658,24818,-23160,65884,55425,10459,10830,7450,3380,1221,4214,-2993,55,0,55,12106,11664,442,12103.0,12118.0,12029.0,12072.0,101199
2020-01-20,8959,6797,2162,56731,24942,31789,1647,24289,-22642,67337,56028,11309,10075,7848,2227,680,1951,-1271,55,0,55,10810,9799,1011,12119.0,12160.0,12097.0,12111.0,77557
2020-01-30,10099,9658,441,54398,36159,18239,1698,26869,-25171,66195,72686,-6491,10421,10423,-2,307,7415,-7108,55,0,55,10783,17838,-7055,11770.0,11798.0,11366.0,11370.0,248664
2020-01-31,9347,8879,468,59241,29462,29779,1686,25857,-24171,70274,64198,6076,9625,10315,-690,5061,2905,2156,55,0,55,14741,13220,1521,11460.0,11567.0,11407.0,11468.0,154361
2020-02-03,12031,10866,1165,59336,26988,32348,1842,25802,-23960,73209,63656,9553,10528,10583,-55,1885,6122,-4237,55,0,55,12468,16705,-4237,11285.0,11370.0,11152.0,11325.0,206381
2020-02-04,11464,8838,2626,58261,24351,33910,1876,23356,-21480,71601,56545,15056,11448,7356,4092,4168,3619,549,55,0,55,15671,10975,4696,11373.0,11557.0,11362.0,11534.0,145462
2020-02-05,10325,9335,990,59210,24530,34680,1822,23610,-21788,71357,57475,13882,10963,7532,3431,6251,3867,2384,55,0,55,17269,11399,5870,11603.0,11620.0,11474.0,11542.0,155144
2020-02-06,11144,8355,2789,60185,23173,37012,1843,23073,-21230,73172,54601,18571,12515,6810,5705,4756,613,4143,53,0,53,17324,7423,9901,11651.0,11744.0,11628.0,11741.0,122911
2020-02-07,10917,9645,1272,56893,20831,36062,1802,22954,-21152,69612,53430,16182,12605,8075,4530,1700,2719,-1019,53,0,53,14358,10794,3564,11660.0,11666.0,11566.0,11592.0,125747
2020-02-10,11366,10063,1303,57666,21758,35908,1789,22260,-20471,70821,54081,16740,13263,7567,5696,1926,5249,-3323,53,0,53,15242,12816,2426,11455.0,11598.0,11402.0,11564.0,147183
2020-02-11,11865,10761,1104,56386,21497,34889,1779,21619,-19840,70030,53877,16153,10966,6052,4914,1728,4202,-2474,53,0,53,12747,10254,2493,11625.0,11689.0,11613.0,11666.0,92406
2020-02-12,13018,10653,2365,60944,21770,39174,1799,21180,-19381,75761,53603,22158,11080,3754,7326,4483,1956,2527,53,0,53,15616,5710,9906,11663.0,11797.0,11647.0,11771.0,105501
2020-02-13,12498,11667,831,62089,20491,41598,1829,21243,-19414,76416,53401,23015,11572,4029,7543,4105,1809,2296,53,0,53,15730,5838,9892,11798.0,11837.0,11762.0,11774.0,110031
2020-02-14,12708,11793,915,62689,24338,38351,1827,21239,-19412,77224,57370,19854,11792,4151,7641,2358,3055,-697,53,0,53,14203,7206,6997,11757.0,11852.0,11755.0,11812.0,102988
2020-02-17,12699,10883,1816,69501,32648,36853,1874,21691,-19817,84074,65222,18852,12380,4653,7727,2429,7832,-5403,45,0,45,14854,12485,2369,11710.0,11792.0,11702.0,11770.0,109882
2020-02-18,15141,12373,2768,71690,40025,31665,1990,20979,-18989,88821,73377,15444,15100,8873,6227,1237,11164,-9927,44,0,44,16381,20037,-3656,11715.0,11719.0,11627.0,11640.0,154544
2020-02-19,11255,9481,1774,52660,21332,31328,1994,20553,-18559,65909,51366,14543,6414,4962,1452,6131,241,5890,44,0,44,12589,5203,7386,11678.0,11805.0,11637.0,11760.0,83637
2020-02-20,11561,8729,2832,48034,22227,25807,2015,20561,-18546,61610,51517,10093,5294,4343,951,723,3827,-3104,44,0,44,6061,8170,-2109,11820.0,11830.0,11679.0,11715.0,137132
2020-02-21,11124,9836,1288,48927,22265,26662,2007,20874,-18867,62058,52975,9083,5553,4819,734,937,4398,-3461,44,0,44,6534,9217,-2683,11665.0,11765.0,11636.0,11664.0,139432
2020-02-24,10784,10133,651,51745,24989,26756,2179,21066,-18887,64708,56188,8520,4928,5432,-504,396,7255,-6859,47,0,47,5371,12687,-7316,11509.0,11587.0,11476.0,11508.0,136123
2020-02-25,11108,9609,1499,53429,25975,27454,2131,20862,-18731,66668,56446,10222,6371,6340,31,1507,5250,-3743,47,0,47,7925,11590,-3665,11400.0,11561.0,11386.0,11542.0,148777
2020-02-26,11095,9320,1775,51597,30136,21461,2155,20691,-18536,64847,60147,4700,5059,5176,-117,886,4507,-3621,44,0,44,5989,9683,-3694,11383.0,11482.0,11365.0,11421.0,162698
2020-02-27,11198,11355,-157,51868,31287,20581,2203,21145,-18942,65269,63787,1482,6625,7874,-1249,622,5706,-5084,44,0,44,7291,13580,-6289,11395.0,11447.0,11237.0,11273.0,168661
2020-03-02,12235,12032,203,54019,35010,19009,2366,21161,-18795,68620,68203,417,6889,8171,-1282,456,10309,-9853,48,0,48,7393,18480,-11087,11011.0,11278.0,11005.0,11174.0,203861
2020-03-03,10949,12046,-1097,54614,31265,23349,2467,21419,-18952,68030,64730,3300,8318,10188,-1870,1519,4949,-3430,48,0,48,9885,15137,-5252,11313.0,11375.0,11278.0,11324.0,165499
2020-03-04,11275,10895,380,57256,30259,26997,2486,24117,-21631,71017,65271,5746,10210,7912,2298,2421,1187,1234,48,0,48,12679,9099,3580,11348.0,11369.0,11267.0,11364.0,142617
2020-03-05,12201,10764,1437,61929,32165,29764,2430,25460,-23030,76560,68389,8171,11916,9553,2363,4772,394,4378,48,0,48,16736,9947,6789,11450.0,11501.0,11428.0,11492.0,112997
2020-03-06,14136,12851,1285,55222,32937,22285,2394,26408,-24014,71752,72196,-444,11430,11912,-482,460,4301,-3841,48,0,48,11938,16213,-4275,11400.0,11420.0,11260.0,11269.0,154698
2020-03-09,14090,16083,-1993,60098,28722,31376,2894,29181,-26287,77082,73986,3096,13462,14396,-934,1443,4205,-2762,48,0,48,14953,18601,-3648,10975.0,11108.0,10916.0,10950.0,213069
2020-03-10,15947,14158,1789,55902,34383,21519,2784,29414,-26630,74633,77955,-3322,14435,14785,-350,906,4333,-3427,48,0,48,15389,19118,-3729,10830.0,10996.0,10779.0,10984.0,209076
2020-03-11,16521,16293,228,58143,32380,25763,2768,30434,-27666,77432,79107,-1675,15874,16447,-573,901,4038,-3137,48,0,48,16823,20485,-3662,10979.0,11029.0,10807.0,10821.0,183871
2020-03-12,18010,21421,-3411,68161,36307,31854,2776,33757,-30981,88947,91485,-2538,19026,17850,1176,2119,3598,-1479,43,0,43,21188,21448,-260,10750.0,10765.0,10161.0,10367.0,331510
2020-03-13,20822,25140,-4318,82320,46372,35948,2925,36302,-33377,106067,107814,-1747,19257,14580,4677,4863,5530,-667,43,0,43,24163,20110,4053,9749.0,10147.0,9450.0,10021.0,348943
2020-03-16,23401,27789,-4388,81012,43036,37976,2869,37845,-34976,107282,108670,-1388,21205,15975,5230,5790,868,4922,43,0,43,27038,16843,10195,9919.0,10055.0,9636.0,9668.0,260020
2020-03-17,24055,30755,-6700,82351,40398,41953,3445,39578,-36133,109851,110731,-880,20625,18190,2435,7742,1825,5917,43,0,43,28410,20015,8395,9379.0,9677.0,9271.0,9363.0,257921
2020-03-18,22106,22845,-739,58829,15029,43800,3656,37711,-34055,84591,75585,9006,6496,13676,-7180,1291,2787,-1496,71,0,71,7858,16463,-8605,9366.0,9489.0,9205.0,9263.0,111426
2020-03-19,22435,26216,-3781,67444,14809,52635,4053,42813,-38760,93932,83838,10094,6849,13538,-6689,1666,1664,2,82,0,82,8597,15202,-6605,8820.0,8872.0,8268.0,8353.0,307231
2020-03-20,20448,25603,-5155,66648,15679,50969,4285,36521,-32236,91381,77803,13578,5959,10876,-4917,9574,2588,6986,82,0,82,15615,13464,2151,8562.0,9166.0,8544.0,9013.0,266159
2020-03-23,21697,26541,-4844,70371,14995,55376,4180,41096,-36916,96248,82632,13616,6550,10725,-4175,8978,275,8703,82,0,82,15610,11000,4610,8609.0,8868.0,8555.0,8688.0,180341
2020-03-24,19960,24768,-4808,65243,14168,51075,4276,37885,-33609,89479,76821,12658,7349,10515,-3166,10446,176,10270,82,0,82,17877,10691,7186,8998.0,9295.0,8986.0,9193.0,179105
2020-03-25,19184,17146,2038,60967,14145,46822,4225,36151,-31926,84376,67442,16934,6861,10440,-3579,8660,169,8491,82,0,82,15603,10609,4994,9410.0,9624.0,9370.0,9583.0,209717
2020-03-26,18685,15096,3589,60090,14244,45846,4107,36122,-32015,82882,65462,17420,9442,12490,-3048,2389,512,1877,82,0,82,11913,13002,-1089,9679.0,9690.0,9426.0,9638.0,190488
2020-03-27,19185,15897,3288,60301,13577,46724,4183,35552,-31369,83669,65026,18643,10272,14074,-3802,2846,1234,1612,82,0,82,13200,15308,-2108,9899.0,9910.0,9548.0,9583.0,187676
2020-03-30,19776,15673,4103,61261,14127,47134,4184,36458,-32274,85221,66258,18963,10757,13576,-2819,3660,3405,255,82,0,82,14499,16981,-2482,9376.0,9576.0,9266.0,9576.0,164970
2020-03-31,19979,16644,3335,63320,15245,48075,4103,36395,-32292,87402,68284,19118,11595,12709,-1114,4573,3173,1400,82,0,82,16250,15882,368,9666.0,9717.0,9495.0,9596.0,142747
2020-04-01,19022,15962,3060,65435,14318,51117,3770,37345,-33575,88227,67625,20602,11590,11531,59,2441,1176,1265,82,0,82,14113,12707,1406,9588.0,9650.0,9551.0,9552.0,116273
2020-04-06,19528,15628,3900,62584,16432,46152,3800,36293,-32493,85912,68353,17559,12252,12483,-231,2160,524,1636,82,0,82,14494,13007,1487,9741.0,9860.0,9582.0,9826.0,146380
2020-04-07,19500,16171,3329,62715,16855,45860,3846,34325,-30479,86061,67351,18710,13215,14588,-1373,5729,1031,4698,82,0,82,19026,15619,3407,9955.0,10020.0,9878.0,9997.0,137022
2020-04-08,20169,15667,4502,63340,21575,41765,3950,33833,-29883,87459,71075,16384,14073,11840,2233,741,2172,-1431,82,0,82,14896,14012,884,9950.0,10135.0,9945.0,10127.0,130314
2020-04-09,23027,18626,4401,66436,22907,43529,3933,34518,-30585,93396,76051,17345,12733,9541,3192,1437,4277,-2840,82,0,82,14252,13818,434,10131.0,10197.0,10028.0,10101.0,135819
2020-04-10,24491,21211,3280,67521,21884,45637,3927,34693,-30766,95939,77788,18151,13593,8162,5431,2156,5223,-3067,82,0,82,15831,13385,2446,10038.0,10140.0,10030.0,10133.0,74244
2020-04-13,25833,21812,4021,64321,17744,46577,3934,37502,-33568,94088,77058,17030,13353,8249,5104,552,3399,-2847,82,0,82,13987,11648,2339,10084.0,10149.0,10031.0,10073.0,124231
2020-04-14,25752,19653,6099,63881,21360,42521,3794,36832,-33038,93427,77845,15582,13868,10786,3082,2315,1283,1032,82,0,82,16265,12069,4196,10160.0,10355.0,10125.0,10346.0,133841
2020-04-15,19417,10405,9012,48097,12841,35256,3820,36083,-32263,71334,59329,12005,6899,4406,2493,3646,268,3378,82,0,82,10627,4674,5953,10347.0,10463.0,10330.0,10450.0,67002
2020-04-16,19266,10706,8560,50359,14974,35385,3814,36533,-32719,73439,62213,11226,7135,4461,2674,4019,960,3059,82,0,82,11236,5421,5815,10177.0,10343.0,10161.0,10302.0,117908
2020-04-17,20024,11060,8964,49553,16689,32864,3821,35162,-31341,73398,62911,10487,8542,4355,4187,2259,2955,-696,81,0,81,10882,7310,3572,10575.0,10669.0,10456.0,10561.0,159024
2020-04-20,20950,10490,10460,49340,19187,30153,3569,35415,-31846,73859,65092,8767,8124,4840,3284,388,5021,-4633,66,0,66,8578,9861,-1283,10515.0,10560.0,10458.0,10476.0,95719
2020-04-21,21977,12255,9722,57351,18561,38790,3497,38161,-34664,82825,68977,13848,9288,6355,2933,1607,5589,-3982,66,0,66,10961,11944,-983,10406.0,10467.0,10144.0,10198.0,185566
2020-04-22,19897,10887,9010,56378,21418,34960,3495,38259,-34764,79770,70564,9206,7940,6246,1694,1713,5671,-3958,64,0,64,9717,11917,-2200,10145.0,10226.0,10065.0,10225.0,140413
2020-04-23,20465,10504,9961,56781,20144,36637,3520,37542,-34022,80766,68190,12576,8536,6216,2320,3369,5430,-2061,64,0,64,11969,11646,323,10268.0,10402.0,10154.0,10292.0,167258
2020-04-24,19879,10854,9025,57572,20298,37274,3516,37141,-33625,80967,68293,12674,8246,6488,1758,3647,4358,-711,64,0,64,11957,10846,1111,10231.0,10292.0,10211.0,10270.0,104624
2020-04-27,19846,11035,8811,59287,23998,35289,3461,35225,-31764,82594,70258,12336,7071,8093,-1022,6264,2767,3497,64,0,64,13399,10860,2539,10373.0,10567.0,10368.0,10547.0,123332
2020-04-28,19446,10840,8606,60000,23442,36558,3494,35330,-31836,82940,69612,13328,7313,8369,-1056,2439,2886,-447,64,0,64,9816,11255,-1439,10600.0,10605.0,10480.0,10582.0,110417
2020-04-29,19422,11589,7833,60706,22267,38439,3482,34385,-30903,83610,68241,15369,7381,8606,-1225,4025,2807,1218,64,0,64,11470,11413,57,10655.0,10770.0,10631.0,10707.0,114379
2020-04-30,19669,10896,8773,59196,22607,36589,3395,33419,-30024,82260,66922,15338,7772,10419,-2647,7322,2678,4644,64,0,64,15158,13097,2061,10813.0,10971.0,10803.0,10944.0,115419
2020-05-04,19810,12460,7350,58597,21987,36610,3297,35985,-32688,81704,70432,11272,7819,8534,-715,1174,6286,-5112,64,0,64,9057,14820,-5763,10540.0,10699.0,10477.0,10615.0,133437
2020-05-05,20463,12894,7569,57029,20944,36085,3326,37230,-33904,80818,71068,9750,6972,7610,-638,966,3538,-2572,64,0,64,8002,11148,-3146,10717.0,10795.0,10658.0,10725.0,110697
2020-05-06,20117,12529,7588,58880,18911,39969,3312,39026,-35714,82309,70466,11843,7644,7666,-22,1000,1347,-347,64,0,64,8708,9013,-305,10658.0,10780.0,10618.0,10750.0,123280
2020-05-07,20687,11850,8837,58944,21080,37864,3342,39263,-35921,82973,72193,10780,8137,9293,-1156,1182,1901,-719,64,0,64,9383,11194,-1811,10736.0,10877.0,10710.0,10833.0,116774
2020-05-08,20305,11752,8553,59538,22450,37088,3343,39335,-35992,83186,73537,9649,8865,10223,-1358,1576,2901,-1325,64,0,64,10505,13124,-2619,10893.0,10956.0,10853.0,10896.0,106019
2020-05-11,20242,12258,7984,60376,23494,36882,3352,38694,-35342,83970,74446,9524,9311,10770,-1459,1798,3511,-1713,64,0,64,11173,14281,-3108,10979.0,11038.0,10935.0,10983.0,93372
2020-05-12,20168,12136,8032,62025,23478,38547,3284,39744,-36460,85477,75358,10119,10924,9935,989,415,5533,-5118,64,0,64,11403,15468,-4065,10902.0,10932.0,10802.0,10865.0,117000
2020-05-13,19843,12186,7657,64559,22864,41695,3284,39762,-36478,87686,74812,12874,11624,9349,2275,2284,3729,-1445,64,0,64,13972,13078,894,10783.0,10925.0,10776.0,10915.0,103023
2020-05-14,19319,12274,7045,63806,25053,38753,3255,41940,-38685,86380,79267,7113,12192,10135,2057,679,5492,-4813,64,0,64,12935,15627,-2692,10828.0,10877.0,10738.0,10750.0,128433
2020-05-15,19023,11951,7072,65077,23811,41266,3252,41410,-38158,87352,77172,10180,11811,9838,1973,3774,1627,2147,64,0,64,15649,11465,4184,10830.0,10869.0,10701.0,10818.0,135179
2020-05-18,18719,11077,7642,65514,29557,35957,3233,42029,-38796,87466,82663,4803,13702,10974,2728,373,5459,-5086,63,0,63,14138,16433,-2295,10768.0,10824.0,10724.0,10763.0,134342
2020-05-19,18115,11616,6499,63349,25919,37430,3237,40196,-36959,84701,77731,6970,13036,10328,2708,3295,3750,-455,62,0,62,16393,14078,2315,10932.0,10964.0,10836.0,10872.0,128453
2020-05-20,17392,8506,8886,51771,15758,36013,3249,39491,-36242,72412,63755,8657,4565,5799,-1234,2415,417,1998,62,0,62,7042,6216,826,10903.0,10960.0,10853.0,10887.0,61752
2020-05-21,18862,8661,10201,52661,18534,34127,3289,38144,-34855,74812,65339,9473,5196,6712,-1516,6786,353,6433,62,0,62,12044,7065,4979,10903.0,11008.0,10894.0,10952.0,116771
2020-05-22,19691,9582,10109,53263,20010,33253,3299,39743,-36444,76253,69335,6918,8257,6976,1281,107,6752,-6645,62,0,62,8426,13728,-5302,10928.0,10935.0,10723.0,10743.0,137601
2020-05-25,18858,9452,9406,51254,18533,32721,3310,37251,-33941,73422,65236,8186,6764,6894,-130,1394,2404,-1010,62,0,62,8220,9298,-1078,10800.0,10840.0,10651.0,10817.0,120809
2020-05-26,19199,10003,9196,53509,19311,34198,3352,36216,-32864,76060,65530,10530,5343,7648,-2305,7672,2324,5348,62,0,62,13077,9972,3105,10896.0,11027.0,10891.0,10984.0,106978
2020-05-27,19135,9970,9165,52624,18441,34183,3360,36416,-33056,75119,64827,10292,5608,7320,-1712,6670,2652,4018,62,0,62,12340,9972,2368,10962.0,11037.0,10926.0,10972.0,103162
2020-05-28,18918,9985,8933,53556,18541,35015,3341,36790,-33449,75815,65316,10499,6485,7296,-811,5365,4827,538,62,0,62,11912,12123,-211,11066.0,11077.0,10856.0,10907.0,142469
2020-05-29,19800,10482,9318,54853,18241,36612,3323,36782,-33459,77976,65505,12471,6675,7249,-574,8791,4263,4528,62,0,62,15528,11512,4016,10888.0,10950.0,10806.0,10922.0,115914
2020-06-01,19670,11556,8114,58294,19599,38695,3369,35848,-32479,81333,67003,14330,7248,8983,-1735,4377,3690,687,62,0,62,11687,12673,-986,10983.0,11103.0,10971.0,11057.0,105285
2020-06-02,19828,11327,8501,57432,18038,39394,3364,35629,-32265,80624,64994,15630,7487,9148,-1661,4073,4081,-8,62,0,62,11622,13229,-1607,11080.0,11140.0,11072.0,11106.0,83041
2020-06-03,20118,11921,8197,59054,18160,40894,3291,34937,-31646,82463,65018,17445,7937,11105,-3168,10377,3625,6752,62,0,62,18376,14730,3646,11250.0,11299.0,11206.0,11283.0,109433
2020-06-04,19922,11966,7956,56523,17097,39426,3315,34569,-31254,79760,63632,16128,7573,11056,-3483,6204,3843,2361,62,0,62,13839,14899,-1060,11419.0,11425.0,11306.0,11357.0,109338
2020-06-05,20244,11847,8397,59383,19348,40035,3336,33286,-29950,82963,64481,18482,8157,11455,-3298,7153,4135,3018,62,0,62,15372,15590,-218,11399.0,11473.0,11377.0,11457.0,85304
2020-06-08,19800,12443,7357,58002,20873,37129,3308,32652,-29344,81110,65968,15142,8351,11919,-3568,5685,4603,1082,62,0,62,14098,16522,-2424,11550.0,11626.0,11491.0,11570.0,107836
2020-06-09,20525,12736,7789,61433,22390,39043,3284,33661,-30377,85242,68787,16455,8340,11357,-3017,6709,4135,2574,62,0,62,15111,15492,-381,11596.0,11622.0,11521.0,11609.0,90763
2020-06-10,20678,12047,8631,61176,23975,37201,3284,34127,-30843,85138,70149,14989,8926,11031,-2105,6021,4541,1480,65,0,65,15012,15572,-560,11634.0,11730.0,11596.0,11706.0,95474
2020-06-11,19320,10996,8324,64318,23542,40776,3236,37453,-34217,86874,71991,14883,6824,8999,-2175,3190,6899,-3709,65,0,65,10079,15898,-5819,11689.0,11738.0,11475.0,11491.0,144385
2020-06-12,19385,9940,9445,63832,28695,35137,3216,38927,-35711,86433,77562,8871,5912,9281,-3369,704,9431,-8727,65,0,65,6681,18712,-12031,11331.0,11432.0,11250.0,11395.0,138977
2020-06-15,19866,10916,8950,63753,26783,36970,3174,40667,-37493,86793,78366,8427,7047,9771,-2724,3214,6807,-3593,1565,1500,65,11826,18078,-6252,11356.0,11446.0,11216.0,11229.0,162092
2020-06-16,19956,11969,7987,66214,30635,35579,3250,39559,-36309,89420,82163,7257,5486,9778,-4292,6255,6747,-492,67,0,67,11808,16525,-4717,11448.0,11554.0,11421.0,11526.0,132203
2020-06-17,14979,7385,7594,55668,24154,31514,3469,39514,-36045,74116,71053,3063,4903,5944,-1041,4939,248,4691,99,0,99,9941,6192,3749,11480.0,11568.0,11467.0,11521.0,68402
2020-06-18,15679,7733,7946,55977,23062,32915,3436,39484,-36048,75092,70279,4813,6104,6983,-879,5701,477,5224,97,0,97,11902,7460,4442,11372.0,11425.0,11295.0,11394.0,115951
2020-06-19,16291,8519,7772,54928,22973,31955,3458,39484,-36026,74677,70976,3701,6574,7289,-715,2999,1379,1620,97,0,97,9670,8668,1002,11424.0,11439.0,11361.0,11410.0,94025
2020-06-22,17112,9073,8039,59695,27174,32521,3596,39594,-35998,80403,75841,4562,7542,7356,186,2211,3554,-1343,102,0,102,9855,10910,-1055,11374.0,11498.0,11362.0,11423.0,114951
2020-06-23,17754,9775,7979,60736,27627,33109,3719,39559,-35840,82209,76961,5248,8137,7101,1036,4972,2650,2322,106,0,106,13215,9751,3464,11493.0,11540.0,11346.0,11455.0,140506
2020-06-24,15547,8319,7228,61980,28346,33634,3650,39239,-35589,81177,75904,5273,7039,6515,524,5137,3077,2060,106,0,106,12282,9592,2690,11541.0,11570.0,11503.0,11523.0,90292
2020-06-29,15943,7245,8698,59638,27956,31682,3767,40615,-36848,79348,75816,3532,9228,6601,2627,2619,5816,-3197,112,0,112,11959,12417,-458,11394.0,11458.0,11315.0,11361.0,126715
2020-06-30,16909,8004,8905,58662,27824,30838,3863,39702,-35839,79434,75530,3904,9919,7297,2622,3924,1849,2075,134,0,134,13977,9146,4831,11460.0,11502.0,11412.0,11469.0,84812
2020-07-01,16400,8536,7864,63447,29952,33495,4000,39718,-35718,83847,78206,5641,8684,7066,1618,7822,1648,6174,159,0,159,16665,8714,7951,11482.0,11623.0,11472.0,11546.0,102446
2020-07-02,17576,9219,8357,65020,28560,36460,3985,38827,-34842,86581,76606,9975,10832,7982,2850,12821,818,12003,161,0,161,23814,8800,15014,11585.0,11712.0,11566.0,11695.0,92103
2020-07-03,16892,9639,7253,67409,25763,41646,4072,38406,-34334,88373,73808,14565,10731,7385,3346,7902,863,7039,172,0,172,18805,8248,10557,11788.0,11850.0,11752.0,11838.0,92327
2020-07-06,16884,9581,7303,66252,30048,36204,4135,36972,-32837,87271,76601,10670,10680,10014,666,6428,1954,4474,178,0,178,17286,11968,5318,11921.0,12072.0,11905.0,12065.0,107214
2020-07-07,16402,8618,7784,65787,29530,36257,4143,36971,-32828,86332,75119,11213,11695,9299,2396,6322,2799,3523,180,0,180,18197,12098,6099,12149.0,12192.0,11990.0,12027.0,134410
2020-07-08,16728,8323,8405,64631,30301,34330,4136,35268,-31132,85495,73892,11603,10997,7283,3714,6443,2825,3618,180,0,180,17620,10108,7512,12041.0,12145.0,12025.0,12125.0,103418
2020-07-09,17240,7245,9995,63971,29493,34478,4135,34494,-30359,85346,71232,14114,12335,7640,4695,4770,3898,872,180,0,180,17285,11538,5747,12202.0,12222.0,12118.0,12147.0,112588
2020-07-10,16773,8559,8214,66724,27453,39271,4296,35691,-31395,87793,71703,16090,14560,9353,5207,6336,4982,1354,189,0,189,21085,14335,6750,12204.0,12213.0,11987.0,11999.0,140575
2020-07-13,18225,8064,10161,62052,28053,33999,4359,35031,-30672,84636,71148,13488,16534,11167,5367,5752,4837,915,190,0,190,22476,16004,6472,12139.0,12210.0,12105.0,12205.0,116687
2020-07-14,19526,8707,10819,61707,30101,31606,4522,35241,-30719,85755,74049,11706,16907,9383,7524,2601,1896,705,191,0,191,19699,11279,8420,12147.0,12224.0,12119.0,12188.0,136035
2020-07-15,15027,7364,7663,51459,23953,27506,4696,35278,-30582,71182,66595,4587,9006,5119,3887,952,1578,-626,204,0,204,10162,6697,3465,12305.0,12323.0,12150.0,12220.0,74574
2020-07-16,16492,7410,9082,50745,24487,26258,4867,36515,-31648,72104,68412,3692,9971,4562,5409,1283,5471,-4188,207,0,207,11461,10033,1428,12066.0,12094.0,11931.0,12032.0,133119
2020-07-17,16785,8192,8593,52594,23673,28921,5127,36500,-31373,74506,68365,6141,10477,7142,3335,921,4491,-3570,195,0,195,11593,11633,-40,12088.0,12138.0,12011.0,12039.0,112518
2020-07-20,17787,7979,9808,53429,24271,29158,4801,36500,-31699,76017,68750,7267,12157,6809,5348,2385,3939,-1554,190,0,190,14732,10748,3984,12073.0,12075.0,11903.0,12031.0,121048
2020-07-21,18589,8773,9816,58044,29268,28776,4699,35519,-30820,81332,73560,7772,10821,7771,3050,3449,2399,1050,190,0,190,14460,10170,4290,12125.0,12324.0,12121.0,12289.0,123081
2020-07-22,15718,7562,8156,58438,30700,27738,4966,35950,-30984,79122,74212,4910,11081,6944,4137,1569,5954,-4385,191,0,191,12841,12898,-57,12301.0,12361.0,12256.0,12331.0,95059
2020-07-23,18141,7231,10910,55788,31715,24073,4975,37218,-32243,78904,76164,2740,12445,6843,5602,1632,5448,-3816,192,0,192,14269,12291,1978,12309.0,12313.0,12199.0,12288.0,122819
2020-07-24,18119,8594,9525,57673,29218,28455,4967,38586,-33619,80759,76398,4361,13988,7634,6354,1535,7122,-5587,192,0,192,15715,14756,959,12232.0,12352.0,12123.0,12150.0,172087
2020-07-27,18190,9003,9187,57718,25262,32456,4955,37596,-32641,80863,71861,9002,13173,6265,6908,3683,2416,1267,195,0,195,17051,8681,8370,12410.0,12572.0,12407.0,12503.0,140577
2020-07-28,18310,9828,8482,56475,27208,29267,4924,38375,-33451,79709,75411,4298,13669,7930,5739,1216,3146,-1930,196,0,196,15081,11076,4005,12834.0,12900.0,12408.0,12457.0,245816
2020-07-29,17129,9127,8002,59034,29904,29130,4860,39555,-34695,81023,78586,2437,14070,9919,4151,1661,4604,-2943,182,0,182,15913,14523,1390,12446.0,12543.0,12392.0,12423.0,138924
2020-07-30,17724,8765,8959,59809,27936,31873,4867,39512,-34645,82400,76213,6187,14880,10713,4167,4448,1833,2615,174,0,174,19502,12546,6956,12617.0,12627.0,12488.0,12596.0,126225
2020-07-31,18097,9244,8853,60051,30809,29242,4864,39145,-34281,83012,79198,3814,15048,11034,4014,3187,4071,-884,161,0,161,18396,15105,3291,12606.0,12644.0,12525.0,12577.0,130348
2020-08-03,20033,9124,10909,58563,33940,24623,4857,40474,-35617,83453,83538,-85,17581,11180,6401,899,6850,-5951,161,0,161,18641,18030,611,12531.0,12567.0,12405.0,12443.0,134894
2020-08-04,20126,9505,10621,61047,30221,30826,4993,39540,-34547,86166,79266,6900,17786,12023,5763,4845,1069,3776,155,0,155,22786,13092,9694,12516.0,12632.0,12489.0,12629.0,111175
2020-08-05,17727,8238,9489,62719,31056,31663,4938,39145,-34207,85384,78439,6945,17913,12485,5428,5563,914,4649,155,0,155,23631,13399,10232,12700.0,12746.0,12643.0,12744.0,106101
2020-08-06,18782,9125,9657,62223,30745,31478,4889,39086,-34197,85894,78956,6938,19133,11767,7366,6006,1207,4799,150,0,150,25289,12974,12315,12856.0,12925.0,12753.0,12835.0,141397
2020-08-07,19802,10053,9749,61378,29523,31855,4872,39435,-34563,86052,79011,7041,21506,12325,9181,3080,3575,-495,150,0,150,24736,15900,8836,12860.0,12866.0,12706.0,12763.0,114920
2020-08-10,19625,10073,9552,59574,30425,29149,4791,38856,-34065,83990,79354,4636,19398,12619,6779,3833,3545,288,146,0,146,23377,16164,7213,12779.0,12905.0,12720.0,12855.0,109604
2020-08-11,19742,11056,8686,58185,30232,27953,4788,39432,-34644,82715,80720,1995,21018,13561,7457,1768,7712,-5944,147,0,147,22933,21273,1660,12825.0,12874.0,12727.0,12737.0,106920
2020-08-12,17448,8193,9255,55669,27137,28532,4713,39830,-35117,77830,75160,2670,23571,14266,9305,2261,5552,-3291,151,0,151,25983,19818,6165,12700.0,12701.0,12565.0,12655.0,131890
2020-08-13,17072,8615,8457,55616,27045,28571,4570,38849,-34279,77258,74509,2749,24604,11785,12819,3237,6648,-3411,151,0,151,27992,18433,9559,12816.0,12836.0,12702.0,12723.0,113664
2020-08-14,18464,7975,10489,55260,26516,28744,4552,37816,-33264,78276,72307,5969,22730,11708,11022,5664,5857,-193,151,0,151,28545,17565,10980,12696.0,12790.0,12646.0,12788.0,105105
2020-08-17,20557,10857,9700,56664,26396,30268,4572,37001,-32429,81793,74254,7539,23427,12938,10489,7553,5250,2303,151,0,151,31131,18188,12943,12776.0,12959.0,12771.0,12955.0,126563
2020-08-18,19083,8505,10578,53796,26875,26921,4593,37276,-32683,77472,72656,4816,26010,13450,12560,3992,7665,-3673,151,0,151,30153,21115,9038,12983.0,12998.0,12836.0,12875.0,134346
2020-08-19,17740,6628,11112,46718,23469,23249,4701,37735,-33034,69159,67832,1327,13665,9121,4544,229,7863,-7634,151,0,151,14045,16984,-2939,12905.0,12955.0,12780.0,12806.0,70664
2020-08-20,20631,7103,13528,48970,28266,20704,4718,41446,-36728,74319,76815,-2496,15747,11343,4404,303,10849,-10546,151,0,151,16201,22192,-5991,12695.0,12709.0,12067.0,12305.0,237845
2020-08-21,19486,7377,12109,50820,22648,28172,4785,40099,-35314,75091,70124,4967,16148,12734,3414,3772,4348,-576,147,0,147,20067,17082,2985,12466.0,12598.0,12423.0,12543.0,134925
2020-08-24,19342,7921,11421,50924,21210,29714,4662,39900,-35238,74928,69031,5897,16459,14408,2051,4996,4462,534,125,0,125,21580,18870,2710,12568.0,12653.0,12503.0,12604.0,103793
2020-08-25,19223,8875,10348,53266,23296,29970,4743,39236,-34493,77232,71407,5825,16779,14891,1888,4308,4548,-240,125,0,125,21212,19439,1773,12657.0,12795.0,12643.0,12737.0,111954
2020-08-26,17581,7691,9890,53670,22192,31478,4690,39008,-34318,75941,68891,7050,17807,13951,3856,5254,2533,2721,125,0,125,23186,16484,6702,12730.0,12799.0,12681.0,12792.0,86909
2020-08-27,17688,7764,9924,53983,22305,31678,4680,38693,-34013,76351,68762,7589,18545,14531,4014,4517,2803,1714,125,0,125,23187,17334,5853,12838.0,12925.0,12735.0,12760.0,126988
2020-08-28,18978,7315,11663,52326,24467,27859,4662,40064,-35402,75966,71846,4120,18547,14236,4311,2841,1917,924,109,0,109,21497,16153,5344,12740.0,12782.0,12634.0,12691.0,138555
2020-08-31,19116,8166,10950,53223,27915,25308,4946,40431,-35485,77285,76512,773,18968,14177,4791,2048,4338,-2290,105,0,105,21121,18515,2606,12800.0,12826.0,12563.0,12591.0,142474
2020-09-01,17991,6845,11146,54399,28326,26073,4907,40039,-35132,77297,75210,2087,18751,14334,4417,3024,4020,-996,105,0,105,21880,18354,3526,12566.0,12698.0,12531.0,12691.0,114612
2020-09-02,17553,6377,11176,53237,26094,27143,4770,40035,-35265,75560,72506,3054,18547,12729,5818,2279,4088,-1809,105,0,105,20931,16817,4114,12765.0,12776.0,12595.0,12691.0,127417
2020-09-03,16881,6695,10186,56125,27564,28561,4727,39694,-34967,77733,73953,3780,19384,14279,5105,4056,4684,-628,105,0,105,23545,18963,4582,12792.0,12858.0,12705.0,12732.0,130555
2020-09-04,17294,7676,9618,56513,27336,29177,4684,39773,-35089,78491,74785,3706,20360,14154,6206,2603,6536,-3933,105,0,105,23068,20690,2378,12558.0,12651.0,12510.0,12606.0,130795
2020-09-07,16918,8150,8768,55528,25370,30158,4650,40056,-35406,77096,73576,3520,21436,16736,4700,4548,7846,-3298,96,0,96,26080,24582,1498,12608.0,12733.0,12560.0,12582.0,137459
2020-09-08,17435,8445,8990,59296,27070,32226,4624,40069,-35445,81355,75584,5771,18767,16417,2350,7402,7487,-85,96,0,96,26265,23904,2361,12657.0,12695.0,12610.0,12667.0,110554
2020-09-09,18953,8578,10375,61562,32639,28923,4589,41815,-37226,85104,83032,2072,18194,16697,1497,3985,5447,-1462,88,0,88,22267,22144,123,12545.0,12606.0,12434.0,12598.0,153591
2020-09-10,19553,9857,9696,63562,31331,32231,4604,41856,-37252,87719,83044,4675,19618,17119,2499,7015,3674,3341,88,0,88,26721,20793,5928,12669.0,12706.0,12622.0,12699.0,111296
2020-09-11,20385,9026,11359,63950,34609,29341,4607,41883,-37276,88942,85518,3424,20636,17951,2685,4501,5747,-1246,88,0,88,25225,23698,1527,12658.0,12689.0,12606.0,12661.0,114638
2020-09-14,23873,11992,11881,65536,35931,29605,4850,41300,-36450,94259,89223,5036,23935,20267,3668,7823,5506,2317,88,0,88,31846,25773,6073,12694.0,12797.0,12678.0,12785.0,127791
2020-09-15,20398,8248,12150,69725,40498,29227,5326,41170,-35844,95449,89916,5533,24689,17602,7087,7373,4590,2783,88,0,88,32150,22192,9958,12768.0,12855.0,12756.0,12840.0,108510
2020-09-16,18440,6788,11652,57473,24945,32528,6868,41568,-34700,82781,73301,9480,19010,8898,10112,4686,85,4601,91,0,91,23787,8983,14804,12945.0,13018.0,12900.0,12968.0,67977
2020-09-17,20082,6075,14007,54254,30032,24222,7785,42358,-34573,82121,78465,3656,20477,10173,10304,771,9416,-8645,91,0,91,21339,19589,1750,12855.0,12908.0,12772.0,12816.0,119751
2020-09-18,20166,6198,13968,54746,31883,22863,7728,42305,-34577,82640,80386,2254,22032,11570,10462,917,11152,-10235,91,0,91,23040,22722,318,12839.0,12866.0,12773.0,12835.0,95760
2020-09-21,21253,6456,14797,53411,40253,13158,7881,43894,-36013,82545,90603,-8058,23215,11615,11600,1094,9406,-8312,91,0,91,24400,21021,3379,12820.0,12877.0,12655.0,12659.0,140049
2020-09-22,21860,6258,15602,53518,41497,12021,8101,45777,-37676,83479,93532,-10053,23072,11949,11123,2486,12548,-10062,91,0,91,25649,24497,1152,12627.0,12655.0,12481.0,12507.0,130601
2020-09-23,20802,6967,13835,51371,37921,13450,8273,46440,-38167,80446,91328,-10882,21464,11543,9921,2393,4544,-2151,91,0,91,23948,16087,7861,12553.0,12563.0,12441.0,12528.0,117910
2020-09-24,21981,7108,14873,51254,35810,15444,8577,48575,-39998,81812,91493,-9681,23499,13824,9675,1724,9856,-8132,91,0,91,25314,23680,1634,12407.0,12414.0,12166.0,12175.0,171038
2020-09-25,21008,7402,13606,53984,29994,23990,8625,48601,-39976,83617,85997,-2380,22601,13901,8700,4357,5699,-1342,91,0,91,27049,19600,7449,12265.0,12309.0,12114.0,12195.0,128504
2020-09-28,20918,7728,13190,54747,33098,21649,8978,46432,-37454,84643,87258,-2615,22197,14529,7668,5631,1384,4247,91,0,91,27919,15913,12006,12292.0,12421.0,12246.0,12417.0,94633
2020-09-29,21597,9339,12258,55766,32229,23537,8995,46059,-37064,86358,87627,-1269,22721,15470,7251,8697,1355,7342,91,0,91,31509,16825,14684,12478.0,12522.0,12395.0,12421.0,103096
2020-09-30,18780,7766,11014,58988,30029,28959,9014,45299,-36285,86782,83094,3688,22326,14377,7949,11771,1110,10661,91,0,91,34188,15487,18701,12456.0,12548.0,12444.0,12472.0,107766
2020-10-05,19896,7733,12163,56318,31509,24809,9015,45261,-36246,85229,84503,726,23882,15491,8391,11212,1431,9781,91,0,91,35185,16922,18263,12577.0,12620.0,12486.0,12529.0,93958
2020-10-06,20199,8494,11705,58937,33926,25011,9089,44124,-35035,88225,86544,1681,24964,16613,8351,13925,801,13124,91,0,91,38980,17414,21566,12618.0,12704.0,12614.0,12675.0,99739
2020-10-07,19069,8261,10808,62260,32180,30080,9128,43447,-34319,90457,83888,6569,25081,12441,12640,8504,714,7790,91,0,91,33676,13155,20521,12620.0,12758.0,12606.0,12755.0,89405
2020-10-08,19418,9171,10247,63150,33682,29468,9184,42744,-33560,91752,85597,6155,26311,13675,12636,12266,437,11829,91,0,91,38668,14112,24556,12831.0,12876.0,12772.0,12873.0,99102
2020-10-12,20295,9972,10323,62486,33358,29128,9302,42524,-33222,92083,85854,6229,26897,13366,13531,11432,522,10910,91,0,91,38420,13888,24532,12935.0,12995.0,12878.0,12920.0,106219
2020-10-13,21329,10325,11004,64315,33246,31069,9287,43126,-33839,94931,86697,8234,28243,13929,14314,12716,369,12347,91,0,91,41050,14298,26752,12950.0,12952.0,12816.0,12919.0,99008
2020-10-14,20136,9848,10288,64223,33869,30354,9208,44342,-35134,93567,88059,5508,29191,14847,14344,9650,897,8753,91,0,91,38932,15744,23188,12940.0,12956.0,12871.0,12888.0,82548
2020-10-15,22219,8922,13297,63833,33868,29965,9158,45437,-36279,95210,88227,6983,31224,16776,14448,9096,656,8440,91,0,91,40411,17432,22979,12838.0,12892.0,12727.0,12840.0,130422
2020-10-16,23012,9728,13284,60673,31928,28745,9123,46350,-37227,92808,88006,4802,29517,17986,11531,4996,3091,1905,91,0,91,34604,21077,13527,12818.0,12865.0,12718.0,12745.0,116952
2020-10-19,23185,10253,12932,64511,35742,28769,9210,45619,-36409,96906,91614,5292,31617,19574,12043,5741,2071,3670,91,0,91,37449,21645,15804,12783.0,12912.0,12782.0,12896.0,127215
2020-10-20,25712,11302,14410,65248,38864,26384,9205,45695,-36490,100165,95861,4304,32231,18917,13314,2772,3738,-966,92,0,92,35095,22655,12440,12892.0,12905.0,12844.0,12856.0,100271
2020-10-21,22634,7129,15505,54094,26628,27466,9360,46456,-37096,86088,80213,5875,19865,14337,5528,1043,155,888,92,0,92,21000,14492,6508,12906.0,12946.0,12851.0,12860.0,58692
2020-10-22,23167,7668,15499,58819,27458,31361,9466,46473,-37007,91452,81599,9853,20328,13167,7161,6340,916,5424,92,0,92,26760,14083,12677,12729.0,12839.0,12707.0,12837.0,100864
2020-10-23,23685,7493,16192,56221,27324,28897,9449,46494,-37045,89355,81311,8044,20284,13946,6338,3115,2702,413,92,0,92,23491,16648,6843,12865.0,12883.0,12795.0,12839.0,78710
2020-10-26,22183,8170,14013,61234,29151,32083,9675,46810,-37135,93092,84131,8961,20908,14604,6304,6149,2757,3392,92,0,92,27149,17361,9788,12848.0,12935.0,12820.0,12858.0,90884
2020-10-27,23562,8293,15269,60675,31587,29088,8419,47835,-39416,92656,87715,4941,21380,14761,6619,2663,346,2317,92,0,92,24135,15107,9028,12826.0,12833.0,12765.0,12807.0,82240
2020-10-28,22577,7870,14707,61532,31051,30481,8369,49115,-40746,92478,88036,4442,21363,15376,5987,2105,1731,374,92,0,92,23560,17107,6453,12780.0,12809.0,12713.0,12739.0,88057
2020-10-29,22578,7486,15092,60179,34783,25396,8361,50074,-41713,91118,92343,-1225,22513,17131,5382,1101,4405,-3304,92,0,92,23706,21536,2170,12598.0,12640.0,12504.0,12602.0,119037
2020-10-30,24753,8245,16508,62388,33332,29056,8286,51607,-43321,95427,93184,2243,23715,15129,8586,1082,5507,-4425,92,0,92,24889,20636,4253,12545.0,12563.0,12407.0,12414.0,121830
2020-11-02,24510,7786,16724,60291,32707,27584,8297,51838,-43541,93098,92331,767,23310,14766,8544,973,1606,-633,92,0,92,24375,16372,8003,12474.0,12531.0,12402.0,12515.0,97211
2020-11-03,24385,8814,15571,63754,32288,31466,8452,50073,-41621,96591,91175,5416,22888,15701,7187,2507,2266,241,92,0,92,25487,17967,7520,12611.0,12715.0,12602.0,12685.0,90467
2020-11-04,24816,8033,16783,64920,33133,31787,8775,48792,-40017,98511,89958,8553,22764,13171,9593,9680,862,8818,92,0,92,32536,14033,18503,12770.0,12879.0,12662.0,12865.0,149906
2020-11-05,25083,8567,16516,68474,33005,35469,9076,48759,-39683,102633,90331,12302,22939,14990,7949,10839,819,10020,89,0,89,33867,15809,18058,12924.0,12928.0,12821.0,12890.0,90854
2020-11-06,24315,9939,14376,73312,32433,40879,9270,48280,-39010,106897,90652,16245,23189,16676,6513,6186,715,5471,89,0,89,29464,17391,12073,12942.0,12991.0,12896.0,12936.0,100789
2020-11-09,23921,9283,14638,75451,38129,37322,9783,46687,-36904,109155,94099,15056,22715,17403,5312,11515,1411,10104,89,0,89,34319,18814,15505,13090.0,13175.0,13046.0,13121.0,117098
2020-11-10,24245,9235,15010,73552,36648,36904,9923,47007,-37084,107720,92890,14830,24146,16402,7744,6534,1731,4803,89,0,89,30769,18133,12636,13130.0,13154.0,13010.0,13071.0,110282
2020-11-11,25043,9143,15900,73383,38673,34710,10226,45164,-34938,108652,92980,15672,23969,13214,10755,7053,2530,4523,89,0,89,31111,15744,15367,13101.0,13281.0,13077.0,13263.0,109089
2020-11-12,22936,7903,15033,75045,37542,37503,10172,45136,-34964,108153,90581,17572,22078,12224,9854,7946,2697,5249,89,0,89,30113,14921,15192,13266.0,13305.0,13193.0,13230.0,93512
2020-11-13,22259,7222,15037,75129,39899,35230,10034,44110,-34076,107422,91231,16191,23415,8299,15116,7848,2504,5344,89,0,89,31352,10803,20549,13227.0,13285.0,13163.0,13284.0,90650
2020-11-16,22997,7680,15317,74111,44125,29986,10289,41447,-31158,107397,93252,14145,23646,8774,14872,7738,4398,3340,90,0,90,31474,13172,18302,13407.0,13582.0,13406.0,13581.0,132561
2020-11-17,23661,6335,17326,75866,49161,26705,10737,40458,-29721,110264,95954,14310,25937,9015,16922,7322,6886,436,90,0,90,33349,15901,17448,13656.0,13737.0,13603.0,13625.0,130507
2020-11-18,20033,5866,14167,62799,36535,26264,10782,39310,-28528,93614,81711,11903,23358,5733,17625,8532,982,7550,90,0,90,31980,6715,25265,13632.0,13788.0,13621.0,13756.0,68642
2020-11-19,20551,5388,15163,60752,37380,23372,10735,38660,-27925,92038,81428,10610,23930,6130,17800,5711,2878,2833,88,0,88,29729,9008,20721,13732.0,13750.0,13662.0,13740.0,95715
2020-11-20,20427,5306,15121,59026,37188,21838,10743,37458,-26715,90196,79952,10244,24577,6915,17662,4984,4224,760,88,0,88,29649,11139,18510,13724.0,13737.0,13640.0,13736.0,85986
2020-11-23,21003,5858,15145,54806,37524,17282,10861,36307,-25446,86670,79689,6981,25188,7005,18183,1528,5186,-3658,88,0,88,26804,12191,14613,13790.0,13943.0,13788.0,13875.0,115103
2020-11-24,21317,7061,14256,54987,37161,17826,10790,35875,-25085,87094,80097,6997,27220,8866,18354,803,6295,-5492,88,0,88,28111,15161,12950,13921.0,13928.0,13777.0,13804.0,89096
2020-11-25,20959,8393,12566,58859,39913,18946,10663,34711,-24048,90481,83017,7464,26787,9643,17144,1342,7486,-6144,88,0,88,28217,17129,11088,13886.0,13909.0,13692.0,13709.0,123391
2020-11-26,21239,8766,12473,59772,44776,14996,10834,33090,-22256,91845,86632,5213,28162,11432,16730,3514,6893,-3379,71,0,71,31747,18325,13422,13788.0,13862.0,13741.0,13841.0,97189
2020-11-27,22120,9346,12774,59821,43008,16813,10830,32904,-22074,92771,85258,7513,29152,11701,17451,4383,7205,-2822,71,0,71,33606,18906,14700,13781.0,13890.0,13763.0,13878.0,94853
2020-11-30,24804,8794,16010,58984,47344,11640,10786,33284,-22498,94574,89422,5152,28052,10726,17326,458,4714,-4256,71,0,71,28581,15440,13141,13883.0,13975.0,13704.0,13722.0,134279
2020-12-01,24324,8778,15546,58506,50335,8171,10864,31799,-20935,93694,90912,2782,27748,11754,15994,1469,4346,-2877,71,0,71,29288,16100,13188,13818.0,13885.0,13751.0,13877.0,91672
2020-12-02,23023,7501,15522,59244,49508,9736,10848,30916,-20068,93115,87925,5190,28020,10781,17239,5106,4346,760,71,0,71,33197,15127,18070,13932.0,13980.0,13855.0,13956.0,110308
2020-12-03,23867,8044,15823,57190,46932,10258,10861,30728,-19867,91918,85704,6214,28850,10934,17916,4866,4986,-120,71,0,71,33787,15920,17867,13971.0,14047.0,13903.0,13986.0,125877
2020-12-04,25626,9747,15879,61232,51470,9762,10825,29931,-19106,97683,91148,6535,30365,12593,17772,6000,6172,-172,71,0,71,36436,18765,17671,14022.0,14149.0,14012.0,14138.0,110715
2020-12-07,27166,10115,17051,57110,51155,5955,10846,29653,-18807,95122,90923,4199,31345,12256,19089,1987,7917,-5930,71,0,71,33403,20173,13230,14181.0,14247.0,14087.0,14225.0,125628
2020-12-08,27804,10963,16841,56348,51239,5109,10991,29002,-18011,95143,91204,3939,30534,12742,17792,3173,8252,-5079,71,0,71,33778,20994,12784,14206.0,14350.0,14156.0,14342.0,111313
2020-12-09,26894,8857,18037,54615,55307,-692,11129,28577,-17448,92638,92741,-103,30007,11915,18092,583,6045,-5462,71,0,71,30661,17960,12701,14372.0,14425.0,14331.0,14397.0,96545
2020-12-10,28428,10350,18078,55021,56013,-992,11330,29262,-17932,94779,95625,-846,31592,12871,18721,810,5052,-4242,71,0,71,32473,17923,14550,14261.0,14314.0,14178.0,14241.0,126413
2020-12-11,29618,10551,19067,54332,55771,-1439,11161,29214,-18053,95111,95536,-425,32516,13397,19119,1040,5785,-4745,71,0,71,33627,19182,14445,14290.0,14340.0,14091.0,14236.0,159011
2020-12-14,31050,10708,20342,51006,55628,-4622,11332,29434,-18102,93388,95770,-2382,32856,14089,18767,647,10534,-9887,71,0,71,33574,24623,8951,14264.0,14285.0,14197.0,14200.0,120593
2020-12-15,29977,9593,20384,56653,56994,-341,12010,30283,-18273,98640,96870,1770,36336,16027,20309,784,7688,-6904,74,0,74,37194,23715,13479,14162.0,14232.0,14030.0,14085.0,158662
2020-12-16,24142,6155,17987,43369,47014,-3645,12487,29185,-16698,79998,82354,-2356,14693,10838,3855,3989,362,3627,99,0,99,18781,11200,7581,14198.0,14328.0,14186.0,14323.0,71732
2020-12-17,25029,5504,19525,42324,49210,-6886,12298,29217,-16919,79651,83931,-4280,14942,10492,4450,508,3852,-3344,99,0,99,15549,14344,1205,14220.0,14225.0,14085.0,14186.0,116139
2020-12-18,24715,5887,18828,44345,50312,-5967,12245,29220,-16975,81305,85419,-4114,14791,11387,3404,1003,5620,-4617,87,0,87,15881,17007,-1126,14190.0,14222.0,14128.0,14137.0,89422
2020-12-21,25031,5722,19309,45919,50492,-4573,12402,28709,-16307,83352,84923,-1571,14974,10948,4026,3845,2430,1415,87,0,87,18906,13378,5528,14155.0,14313.0,14021.0,14312.0,135177
2020-12-22,25349,6297,19052,43988,49710,-5722,12261,29516,-17255,81598,85523,-3925,14633,12955,1678,479,7522,-7043,87,0,87,15199,20477,-5278,14253.0,14334.0,14042.0,14046.0,136896
2020-12-23,24590,6094,18496,41861,48660,-6799,12383,28906,-16523,78834,83660,-4826,14319,13549,770,1220,6237,-5017,87,0,87,15626,19786,-4160,14104.0,14181.0,14031.0,14113.0,115346
2020-12-24,24354,6265,18089,43405,47904,-4499,12499,28674,-16175,80258,82843,-2585,14859,13149,1710,3142,4996,-1854,87,0,87,18088,18145,-57,14185.0,14287.0,14179.0,14242.0,106221
2020-12-25,25360,5982,19378,42539,48287,-5748,12482,28315,-15833,80381,82584,-2203,16061,13132,2929,2804,5608,-2804,87,0,87,18952,18740,212,14328.0,14383.0,14245.0,14305.0,88875
2020-12-28,26445,6163,20282,42701,52067,-9366,12530,27774,-15244,81676,86004,-4328,15617,11637,3980,2326,1180,1146,87,0,87,18030,12817,5213,14329.0,14444.0,14320.0,14437.0,82692
2020-12-29,26754,5705,21049,43212,52802,-9590,12543,27772,-15229,82509,86279,-3770,15514,10598,4916,2111,1968,143,87,0,87,17712,12566,5146,14465.0,14466.0,14376.0,14459.0,80587
2020-12-30,24659,5410,19249,47884,54421,-6537,12669,27003,-14334,85212,86834,-1622,15135,9809,5326,8751,1256,7495,87,0,87,23973,11065,12908,14451.0,14643.0,14440.0,14638.0,97857
2020-12-31,26060,5565,20495,47023,56345,-9322,12690,25887,-13197,85773,87797,-2024,15802,8378,7424,5376,1394,3982,87,0,87,21265,9772,11493,14678.0,14712.0,14604.0,14678.0,96684
2021-01-04,27483,5910,21573,47304,57524,-10220,12858,25023,-12165,87645,88457,-812,15342,8265,7077,4551,1915,2636,87,0,87,19980,10180,9800,14640.0,14925.0,14635.0,14874.0,137069
2021-01-05,28458,6224,22234,47213,58138,-10925,12852,25091,-12239,88523,89453,-930,16997,7583,9414,4851,2226,2625,87,0,87,21935,9809,12126,14874.0,14980.0,14836.0,14977.0,110886
2021-01-06,28872,7036,21836,47161,58291,-11130,12893,25013,-12120,88926,90340,-1414,20039,9577,10462,3604,5015,-1411,87,0,87,23730,14592,9138,15048.0,15140.0,14764.0,14911.0,233806
2021-01-07,29952,6675,23277,48671,61467,-12796,12945,23913,-10968,91568,92055,-487,19327,8895,10432,5119,2140,2979,87,0,87,24533,11035,13498,15050.0,15260.0,15024.0,15230.0,151918
2021-01-08,29659,6595,23064,51101,66427,-15326,12971,23137,-10166,93731,96159,-2428,19610,9621,9989,4872,4441,431,87,0,87,24569,14062,10507,15376.0,15473.0,15264.0,15454.0,158703
2021-01-11,31217,7287,23930,50064,68908,-18844,12994,23112,-10118,94275,99307,-5032,21804,9830,11974,3607,2672,935,87,0,87,25498,12502,12996,15420.0,15538.0,15369.0,15534.0,139479
2021-01-12,31890,8541,23349,52701,71902,-19201,12920,23119,-10199,97511,103562,-6051,24884,11631,13253,4388,3359,1029,87,0,87,29359,14990,14369,15517.0,15605.0,15407.0,15493.0,175838
2021-01-13,31078,7378,23700,53259,74794,-21535,13051,22457,-9406,97388,104629,-7241,23629,11074,12555,6710,4085,2625,87,0,87,30426,15159,15267,15557.0,15790.0,15555.0,15764.0,154811
2021-01-14,33241,8096,25145,49059,77177,-28118,13067,22699,-9632,95367,107972,-12605,26542,13478,13064,2601,3812,-1211,87,0,87,29230,17290,11940,15705.0,15766.0,15632.0,15729.0,121305
2021-01-15,32449,7733,24716,45754,70606,-24852,13029,22511,-9482,91232,100850,-9618,25221,14013,11208,4596,3325,1271,87,0,87,29904,17338,12566,15950.0,16002.0,15584.0,15634.0,231505
2021-01-18,33041,6716,26325,48758,76741,-27983,12966,22616,-9650,94765,106073,-11308,26596,14129,12467,3574,4905,-1331,83,0,83,30253,19034,11219,15637.0,15679.0,15327.0,15606.0,200935
2021-01-19,32007,5739,26268,39270,69252,-29982,13225,21902,-8677,84502,96893,-12391,26506,13060,13446,2456,4223,-1767,89,0,89,29051,17283,11768,15714.0,15946.0,15710.0,15888.0,173474
2021-01-20,25776,4645,21131,33210,49927,-16717,13104,22325,-9221,72090,76897,-4807,15104,11024,4080,1002,7521,-6519,88,0,88,16194,18545,-2351,15899.0,15964.0,15735.0,15766.0,119559
2021-01-21,26331,4736,21595,30347,50928,-20581,13036,21045,-8009,69714,76709,-6995,16042,9343,6699,1256,1217,39,83,0,83,17381,10560,6821,15803.0,16183.0,15769.0,16129.0,231416
2021-01-22,27528,4502,23026,29227,56778,-27551,13286,21602,-8316,70041,82882,-12841,16799,11931,4868,1137,7861,-6724,81,0,81,18017,19792,-1775,16051.0,16085.0,15928.0,15984.0,161218
2021-01-25,28482,4817,23665,29970,59093,-29123,13142,21865,-8723,71594,85775,-14181,16050,10874,5176,1478,8624,-7146,81,0,81,17609,19498,-1889,15956.0,16004.0,15719.0,15912.0,168191
2021-01-26,28718,5900,22818,30505,58009,-27504,12876,22833,-9957,72099,86742,-14643,19735,13710,6025,1601,3721,-2120,81,0,81,21417,17431,3986,15865.0,15974.0,15537.0,15626.0,230474
2021-01-27,27430,5862,21568,31457,59563,-28106,12761,22822,-10061,71648,88247,-16599,19212,14020,5192,1821,2642,-821,75,0,75,21108,16662,4446,15725.0,15814.0,15585.0,15660.0,184037
2021-01-28,27533,6511,21022,31669,59476,-27807,12346,23259,-10913,71548,89246,-17698,21850,16512,5338,2940,2505,435,75,0,75,24865,19017,5848,15411.0,15524.0,15305.0,15383.0,202151
2021-01-29,28592,7686,20906,35390,52756,-17366,12070,24133,-12063,76052,84575,-8523,21541,17738,3803,4352,917,3435,75,0,75,25968,18655,7313,15498.0,15539.0,15063.0,15075.0,206011
2021-02-01,28105,7022,21083,34878,54502,-19624,12262,23356,-11094,75245,84880,-9635,21954,17457,4497,5958,573,5385,75,0,75,27987,18030,9957,15156.0,15398.0,15090.0,15360.0,164870
2021-02-02,28331,7458,20873,35017,53872,-18855,12566,21986,-9420,75914,83316,-7402,20738,18035,2703,8520,252,8268,75,0,75,29333,18287,11046,15469.0,15820.0,15459.0,15755.0,177487
2021-02-03,27890,5568,22322,29485,51227,-21742,12552,21984,-9432,69927,78779,-8852,22355,17902,4453,4212,1274,2938,75,0,75,26642,19176,7466,15864.0,15875.0,15716.0,15772.0,145093
2021-02-04,28533,6519,22014,30951,51840,-20889,12539,22421,-9882,72023,80780,-8757,23820,18838,4982,5585,2665,2920,75,0,75,29480,21503,7977,15721.0,15777.0,15542.0,15701.0,179004
2021-02-05,27939,5740,22199,33261,55922,-22661,12490,21986,-9496,73690,83648,-9958,23517,17344,6173,4540,1411,3129,75,0,75,28132,18755,9377,15809.0,15984.0,15751.0,15804.0,178540
2021-02-17,24698,4244,20454,26950,43941,-16991,13015,20256,-7241,64663,68441,-3778,18619,14528,4091,1795,586,1209,75,0,75,20489,15114,5375,16261.0,16433.0,16179.0,16326.0,100608
2021-02-18,25192,3956,21236,26203,49352,-23149,13011,19733,-6722,64406,73041,-8635,19031,15816,3215,147,6439,-6292,75,0,75,19253,22255,-3002,16374.0,16525.0,16287.0,16380.0,152979
2021-02-19,25918,4415,21503,25014,46952,-21938,12860,19952,-7092,63792,71319,-7527,19160,15820,3340,610,7257,-6647,75,0,75,19845,23077,-3232,16301.0,16328.0,16130.0,16314.0,152680
2021-02-22,26423,3862,22561,23744,49931,-26187,12999,19936,-6937,63166,73729,-10563,19680,17077,2603,208,6708,-6500,75,0,75,19963,23785,-3822,16480.0,16564.0,16336.0,16385.0,151539
2021-02-23,26651,4493,22158,24750,52542,-27792,13013,19725,-6712,64414,76760,-12346,20537,17734,2803,323,7373,-7050,75,0,75,20935,25107,-4172,16223.0,16451.0,16182.0,16437.0,136807
2021-02-24,25769,4697,21072,24216,53364,-29148,12845,20380,-7535,62830,78441,-15611,19502,20304,-802,156,4309,-4153,75,0,75,19733,24613,-4880,16300.0,16435.0,16133.0,16182.0,180413
2021-02-25,25909,5080,20829,25137,53619,-28482,13261,19837,-6576,64307,78536,-14229,21214,19873,1341,6213,2523,3690,75,0,75,27502,22396,5106,16388.0,16422.0,16243.0,16388.0,135256
2021-02-26,27163,7038,20125,26163,55598,-29435,13281,20842,-7561,66607,83478,-16871,23494,21946,1548,107,5113,-5006,75,0,75,23676,27059,-3383,16037.0,16118.0,15852.0,15935.0,197795
2021-03-02,27215,7314,19901,29050,53803,-24753,13238,21042,-7804,69503,82159,-12656,24553,22310,2243,4442,4339,103,75,0,75,29070,26649,2421,16249.0,16277.0,15868.0,15907.0,146577
2021-03-03,25960,6747,19213,26876,51837,-24961,13368,20496,-7128,66204,79080,-12876,25265,24117,1148,10480,2365,8115,75,0,75,35820,26482,9338,16000.0,16196.0,15885.0,16181.0,153225
2021-03-04,26170,7232,18938,26287,50037,-23750,13386,21149,-7763,65843,78418,-12575,26392,25009,1383,5293,5061,232,75,0,75,31760,30070,1690,16025.0,16066.0,15756.0,15925.0,198855
2021-03-05,26515,7565,18950,26186,51881,-25695,13296,21575,-8279,65997,81021,-15024,26657,24924,1733,5886,2374,3512,75,0,75,32618,27298,5320,15601.0,15914.0,15570.0,15855.0,168446
2021-03-08,26916,8409,18507,27958,48152,-20194,13247,21569,-8322,68121,78130,-10009,27484,24734,2750,5393,3101,2292,75,0,75,32952,27835,5117,15950.0,16095.0,15767.0,15816.0,175531
2021-03-09,27834,8826,19008,26092,50017,-23925,13405,21373,-7968,67331,80216,-12885,28670,25328,3342,5770,2897,2873,75,0,75,34515,28225,6290,15810.0,15848.0,15608.0,15822.0,171528
2021-03-10,26172,6794,19378,26178,47858,-21680,13400,21362,-7962,65750,76014,-10264,28581,25704,2877,8868,2938,5930,75,0,75,37524,28642,8882,15977.0,15986.0,15808.0,15883.0,136272
2021-03-11,25512,6054,19458,24513,51651,-27138,13739,20291,-6552,63764,77996,-14232,27788,23304,4484,7591,2425,5166,75,0,75,35454,25729,9725,15951.0,16214.0,15942.0,16174.0,135436
2021-03-12,26859,5796,21063,22916,51775,-28859,13748,20286,-6538,63523,77857,-14334,25937,22241,3696,5395,5071,324,75,0,75,31407,27312,4095,16276.0,16288.0,16155.0,16222.0,116406
2021-03-15,28255,6989,21266,24368,54673,-30305,13750,20290,-6540,66373,81952,-15579,25650,22511,3139,3319,3552,-233,75,0,75,29044,26063,2981,16206.0,16249.0,16142.0,16200.0,125844
2021-03-16,27877,8088,19789,28249,55150,-26901,13950,20272,-6322,70076,83510,-13434,25832,21297,4535,7849,3171,4678,102,0,102,33783,24468,9315,16250.0,16348.0,16213.0,16305.0,128695
2021-03-17,26272,3127,23145,21981,49331,-27350,13872,20288,-6416,62125,72746,-10621,17107,19334,-2227,560,7531,-6971,102,0,102,17769,26865,-9096,16304.0,16336.0,16161.0,16176.0,72615
2021-03-18,26148,3684,22464,22522,49236,-26714,13896,20265,-6369,62566,73185,-10619,17529,20332,-2803,1807,4901,-3094,102,0,102,19438,25233,-5795,16255.0,16401.0,16220.0,16239.0,138744
2021-03-19,27759,4597,23162,22187,49580,-27393,13406,20311,-6905,63352,74488,-11136,19030,19711,-681,568,12306,-11738,102,0,102,19700,32017,-12317,16100.0,16110.0,15953.0,16012.0,149724
2021-03-22,27001,4236,22765,22377,47330,-24953,13467,19892,-6425,62845,71458,-8613,19145,21967,-2822,2418,4706,-2288,102,0,102,21665,26673,-5008,16018.0,16174.0,15911.0,16140.0,134577
2021-03-23,28479,4606,23873,21278,47255,-25977,14052,19891,-5839,63809,71752,-7943,18962,20400,-1438,183,5917,-5734,102,0,102,19247,26317,-7070,16223.0,16277.0,16103.0,16120.0,117179
2021-03-24,28710,4864,23846,20568,48786,-28218,13898,20424,-6526,63176,74074,-10898,19247,22867,-3620,171,9053,-8882,102,0,102,19520,31920,-12400,16019.0,16062.0,15939.0,15983.0,131876
2021-03-25,28127,4662,23465,21208,46313,-25105,13957,20424,-6467,63292,71399,-8107,18808,23621,-4813,340,5199,-4859,102,0,102,19250,28820,-9570,15890.0,16090.0,15870.0,16032.0,136413
2021-03-26,27619,4177,23442,25493,48328,-22835,14273,19662,-5389,67385,72167,-4782,19143,20729,-1586,6707,1306,5401,102,0,102,25952,22035,3917,16095.0,16293.0,16081.0,16288.0,123696
2021-03-29,27812,4569,23243,25129,45470,-20341,14355,19645,-5290,67296,69684,-2388,19879,22299,-2420,3492,1330,2162,102,0,102,23473,23629,-156,16370.0,16485.0,16350.0,16411.0,112333
2021-03-30,27764,4797,22967,26057,45422,-19365,14314,19337,-5023,68135,69556,-1421,20204,21732,-1528,5871,665,5206,102,0,102,26177,22397,3780,16469.0,16531.0,16418.0,16519.0,100799
2021-03-31,28076,5013,23063,23734,45113,-21379,14159,19555,-5396,65969,69681,-3712,20001,21761,-1760,632,2191,-1559,102,0,102,20735,23952,-3217,16540.0,16549.0,16403.0,16422.0,104772
2021-04-01,26987,4539,22448,24704,44520,-19816,14099,19337,-5238,65790,68396,-2606,19671,19979,-308,5434,773,4661,102,0,102,25207,20752,4455,16535.0,16587.0,16452.0,16551.0,115342
2021-04-06,26632,4651,21981,25837,44958,-19121,14265,18797,-4532,66734,68406,-1672,19869,21281,-1412,7271,761,6510,102,0,102,27242,22042,5200,16760.0,16840.0,16697.0,16731.0,103549
2021-04-07,27623,4387,23236,20909,43776,-22867,14169,18806,-4637,62701,66969,-4268,19983,20627,-644,5313,873,4440,103,0,103,25399,21500,3899,16777.0,16788.0,16673.0,16768.0,93030
2021-04-08,28302,4731,23571,21067,44429,-23362,14286,18480,-4194,63655,67640,-3985,20555,21836,-1281,7489,767,6722,102,0,102,28146,22603,5543,16715.0,16930.0,16687.0,16930.0,111596
2021-04-09,28363,5242,23121,19040,44492,-25452,14344,18492,-4148,61747,68226,-6479,21638,22678,-1040,1623,4360,-2737,103,0,103,23364,27038,-3674,16952.0,16971.0,16810.0,16841.0,103181
2021-04-12,28292,5323,22969,18594,44566,-25972,14325,18494,-4169,61211,68383,-7172,22704,24003,-1299,2354,2660,-306,103,0,103,25161,26663,-1502,16895.0,16965.0,16760.0,16834.0,113383
2021-04-13,29666,6006,23660,20222,45628,-25406,14163,18898,-4735,64051,70532,-6481,24077,25412,-1335,1803,3323,-1520,103,0,103,25983,28735,-2752,16910.0,17046.0,16780.0,16795.0,150603
2021-04-14,28556,4723,23833,19079,44249,-25170,14232,18901,-4669,61867,67873,-6006,24211,25116,-905,4523,3692,831,103,0,103,28837,28808,29,16860.0,16917.0,16592.0,16856.0,185298
2021-04-15,28666,4673,23993,19026,43620,-24594,14287,18364,-4077,61979,66657,-4678,24143,23568,575,6020,2966,3054,103,0,103,30266,26534,3732,16881.0,17074.0,16852.0,17071.0,132033
2021-04-16,29576,4891,24685,19680,48530,-28850,14534,18147,-3613,63790,71568,-7778,24838,25219,-381,5018,2431,2587,103,0,103,29959,27650,2309,17062.0,17160.0,16990.0,17158.0,127426
2021-04-19,28213,5766,22447,23072,47607,-24535,14706,17830,-3124,65991,71203,-5212,26110,24817,1293,7182,1985,5197,103,0,103,33395,26802,6593,17118.0,17296.0,17111.0,17271.0,124734
2021-04-20,29716,6055,23661,22058,50890,-28832,14724,17842,-3118,66498,74787,-8289,26263,25438,825,5643,3178,2465,115,0,115,32021,28616,3405,17238.0,17324.0,17206.0,17319.0,114295
2021-04-21,25741,2565,23176,17137,43805,-26668,14316,18062,-3746,57194,64432,-7238,22153,20015,2138,182,6853,-6671,109,0,109,22444,26868,-4424,17225.0,17270.0,17150.0,17231.0,83992
2021-04-22,26587,3786,22801,16068,44802,-28734,14289,18267,-3978,56944,66855,-9911,23057,22982,75,194,2507,-2313,103,0,103,23354,25489,-2135,17258.0,17369.0,17053.0,17109.0,189953
2021-04-23,25808,3245,22563,17390,46847,-29457,14362,18061,-3699,57560,68153,-10593,23901,24492,-591,5080,252,4828,103,0,103,29084,24744,4340,17061.0,17260.0,17041.0,17257.0,122696
2021-04-26,26265,3327,22938,17447,47933,-30486,14594,17418,-2824,58306,68678,-10372,24409,27378,-2969,8097,158,7939,105,0,105,32611,27536,5075,17337.0,17536.0,17323.0,17530.0,128096
2021-04-27,27493,3705,23788,17716,49167,-31451,14610,17421,-2811,59819,70293,-10474,25103,28409,-3306,6394,171,6223,105,0,105,31602,28580,3022,17532.0,17576.0,17460.0,17571.0,120862
2021-04-28,26737,2746,23991,15786,49127,-33341,14612,17423,-2811,57135,69296,-12161,25805,28194,-2389,1821,545,1276,105,0,105,27731,28739,-1008,17548.0,17563.0,17475.0,17533.0,101986
2021-04-29,27147,2758,24389,16667,48675,-32008,14623,17441,-2818,58437,68874,-10437,26514,28580,-2066,3777,335,3442,105,0,105,30396,28915,1481,17578.0,17702.0,17531.0,17571.0,150499
2021-05-03,28492,4046,24446,17359,53610,-36251,14836,18114,-3278,60687,75770,-15083,29091,29680,-589,286,13245,-12959,105,0,105,29482,42925,-13443,17501.0,17534.0,17226.0,17253.0,184441
2021-05-04,28979,4585,24394,17741,57105,-39364,14824,18840,-4016,61544,80530,-18986,30423,30256,167,1124,16543,-15419,105,0,105,31652,46799,-15147,17271.0,17309.0,16668.0,16933.0,243802
2021-05-05,27135,4118,23017,16607,55361,-38754,14636,19346,-4710,58378,78825,-20447,30598,31793,-1195,725,5550,-4825,105,0,105,31428,37343,-5915,16847.0,17020.0,16756.0,16769.0,157298
2021-05-06,26726,4421,22305,18536,52710,-34174,14767,19068,-4301,60029,76199,-16170,32249,30717,1532,4901,2978,1923,105,0,105,37255,33695,3560,16884.0,17081.0,16700.0,16944.0,197754
2021-05-07,26223,3583,22640,17462,53492,-36030,15104,18411,-3307,58789,75486,-16697,32304,30546,1758,7150,3816,3334,105,0,105,39559,34362,5197,17120.0,17288.0,17060.0,17287.0,142796
2021-05-10,26412,3063,23349,18507,56026,-37519,15148,18466,-3318,60067,77555,-17488,33066,30028,3038,3625,7075,-3450,105,0,105,36796,37103,-307,17369.0,17373.0,17178.0,17228.0,126289
2021-05-11,28260,4777,23483,22733,55251,-32518,14348,20125,-5777,65341,80153,-14812,36407,29896,6511,1508,12879,-11371,105,0,105,38020,42775,-4755,16968.0,16970.0,16425.0,16556.0,245767
2021-05-12,27112,4725,22387,26374,51237,-24863,14303,22081,-7778,67789,78043,-10254,36361,26915,9446,3932,4993,-1061,105,0,105,40398,31908,8490,16503.0,16531.0,15027.0,15692.0,366512
2021-05-13,27569,5741,21828,26491,48283,-21792,14191,21690,-7499,68251,75714,-7463,34599,26905,7694,1946,3151,-1205,105,0,105,36650,30056,6594,15538.0,15991.0,15348.0,15566.0,234182
2021-05-14,26525,6839,19686,28580,44104,-15524,14360,21242,-6882,69465,72185,-2720,33907,25513,8394,3963,1661,2302,107,0,107,37977,27174,10803,15800.0,16021.0,15653.0,15772.0,218712
2021-05-17,27226,6277,20949,26529,41935,-15406,14281,22708,-8427,68036,70920,-2884,30843,23907,6936,3803,1284,2519,107,0,107,34753,25191,9562,15183.0,15735.0,15096.0,15263.0,275831
2021-05-18,26452,5641,20811,29854,49958,-20104,14967,20369,-5402,71273,75968,-4695,27664,23889,3775,6977,220,6757,107,0,107,34748,24109,10639,15563.0,16180.0,15501.0,16147.0,220609
2021-05-19,24202,2165,22037,20476,40557,-20081,14969,20373,-5404,59647,63095,-3448,24393,19094,5299,322,2727,-2405,107,0,107,24822,21821,3001,16122.0,16248.0,15979.0,16138.0,115944
2021-05-20,25132,2801,22331,20968,39951,-18983,14661,20712,-6051,60761,63464,-2703,25187,19108,6079,95,3425,-3330,105,0,105,25387,22533,2854,16078.0,16113.0,15854.0,15981.0,158770
2021-05-21,25482,3001,22481,20309,41629,-21320,14890,19944,-5054,60681,64574,-3893,24388,19377,5011,726,3426,-2700,105,0,105,25219,22803,2416,16222.0,16425.0,16072.0,16257.0,185232
2021-05-24,25779,2806,22973,20432,44702,-24270,14964,19732,-4768,61175,67240,-6065,24302,20139,4163,583,5267,-4684,105,0,105,24990,25406,-416,16079.0,16368.0,16069.0,16294.0,138416
2021-05-25,24588,3008,21580,20242,43186,-22944,15227,19068,-3841,60057,65262,-5205,24752,23238,1514,3618,3628,-10,105,0,105,28475,26866,1609,16463.0,16623.0,16425.0,16585.0,145492
2021-05-26,24780,2842,21938,20711,43305,-22594,15375,19064,-3689,60866,65211,-4345,24360,21909,2451,1610,4691,-3081,105,0,105,26075,26600,-525,16616.0,16664.0,16504.0,16616.0,104686
2021-05-27,24668,2741,21927,19382,42736,-23354,15432,19277,-3845,59482,64754,-5272,24535,22783,1752,1741,6209,-4468,105,0,105,26381,28992,-2611,16593.0,16595.0,16219.0,16534.0,150465
2021-05-28,24137,2790,21347,20427,44493,-24066,15674,18511,-2837,60238,65794,-5556,24384,23667,717,3060,6418,-3358,105,0,105,27549,30085,-2536,16731.0,16878.0,16673.0,16863.0,124240
2021-05-31,24327,3422,20905,20339,45091,-24752,15754,18284,-2530,60420,66797,-6377,24864,24619,245,2640,6570,-3930,105,0,105,27609,31189,-3580,16891.0,17098.0,16884.0,17013.0,144649
2021-06-01,26002,4766,21236,21907,47184,-25277,16472,17973,-1501,64381,69923,-5542,25396,25245,151,3189,6582,-3393,105,0,105,28690,31827,-3137,17050.0,17148.0,17015.0,17130.0,116773
2021-06-02,25969,5550,20419,21800,46329,-24529,17196,17976,-780,64965,69855,-4890,24464,24904,-440,1922,6572,-4650,105,0,105,26491,31476,-4985,17171.0,17198.0,17016.0,17098.0,121046
2021-06-03,26432,5327,21105,22313,47293,-24980,17706,17976,-270,66451,70596,-4145,25217,24415,802,1486,6450,-4964,105,0,105,26808,30865,-4057,17253.0,17313.0,17147.0,17230.0,130148
2021-06-04,27358,6105,21253,21797,49636,-27839,18352,18401,-49,67507,74142,-6635,24870,24476,394,324,8388,-8064,104,0,104,25298,32864,-7566,17051.0,17159.0,17025.0,17100.0,109068
2021-06-07,28370,6483,21887,21672,49036,-27364,18480,18445,35,68522,73964,-5442,25458,24132,1326,1351,7881,-6530,104,0,104,26913,32013,-5100,17212.0,17229.0,16719.0,17090.0,176148
2021-06-08,28541,7130,21411,21029,49234,-28205,18535,18448,87,68105,74812,-6707,25097,25118,-21,514,7883,-7369,104,0,104,25715,33001,-7286,17190.0,17198.0,17030.0,17090.0,102605
2021-06-09,28958,4700,24258,21243,49911,-28668,18398,18878,-480,68599,73489,-4890,12382,25007,-12625,241,4838,-4597,105,0,105,12728,29845,-17117,16997.0,17073.0,16889.0,16963.0,120368
2021-06-10,30280,4802,25478,19742,49414,-29672,18651,18188,463,68673,72404,-3731,11661,25762,-14101,1117,3720,-2603,105,0,105,12883,29482,-16599,17035.0,17175.0,16992.0,17159.0,127407
2021-06-11,29546,4357,25189,20388,49507,-29119,18833,18193,640,68767,72057,-3290,11201,26041,-14840,2558,4537,-1979,105,0,105,13864,30578,-16714,17189.0,17298.0,17189.0,17219.0,120701
2021-06-15,27610,3330,24280,21584,52853,-31269,19164,17861,1303,68358,74044,-5686,11757,27603,-15846,2765,5128,-2363,105,0,105,14627,32731,-18104,17322.0,17402.0,17276.0,17398.0,118150
2021-06-16,22940,3128,19812,18165,47183,-29018,19427,17862,1565,60532,68173,-7641,10525,10268,257,1041,5039,-3998,150,0,150,11716,15307,-3591,17324.0,17398.0,17033.0,17345.0,71397
2021-06-17,24455,3079,21376,19049,52137,-33088,19465,17859,1606,62969,73075,-10106,12156,10894,1262,1279,8568,-7289,151,0,151,13586,19462,-5876,17070.0,17298.0,17039.0,17297.0,102114
2021-06-18,24422,3452,20970,17862,49474,-31612,19452,17874,1578,61736,70800,-9064,10926,10799,127,1070,9796,-8726,182,0,182,12178,20595,-8417,17315.0,17332.0,17212.0,17252.0,96349
2021-06-21,25421,4341,21080,19876,51350,-31474,19187,18537,650,64484,74228,-9744,11610,11731,-121,960,13038,-12078,159,0,159,12729,24769,-12040,17048.0,17149.0,16891.0,16962.0,143363
2021-06-22,25415,5973,19442,18175,49247,-31072,19114,18528,586,62704,73748,-11044,11523,14209,-2686,378,11255,-10877,153,0,153,12054,25464,-13410,17155.0,17180.0,16988.0,17028.0,101124
2021-06-23,25518,7005,18513,18706,51170,-32464,19435,17781,1654,63659,75956,-12297,11475,13154,-1679,1332,8077,-6745,153,0,153,12960,21231,-8271,17100.0,17319.0,17059.0,17272.0,127143
2021-06-24,25093,7474,17619,19912,51406,-31494,19506,17767,1739,64511,76647,-12136,10717,13608,-2891,1401,10175,-8774,153,0,153,12271,23783,-11512,17298.0,17398.0,17261.0,17336.0,92809
2021-06-25,24206,6913,17293,19251,48745,-29494,19492,17569,1923,62949,73227,-10278,10222,13457,-3235,1341,5791,-4450,153,0,153,11716,19248,-7532,17438.0,17562.0,17377.0,17419.0,113764
2021-06-28,24002,7078,16924,20029,50063,-30034,19479,17353,2126,63510,74494,-10984,9936,14044,-4108,1366,6519,-5153,153,0,153,11455,20563,-9108,17484.0,17560.0,17398.0,17535.0,82055
2021-06-29,24190,6192,17998,20989,50291,-29302,19444,17353,2091,64623,73836,-9213,9504,12353,-2849,1034,8116,-7082,155,0,155,10693,20469,-9776,17595.0,17623.0,17451.0,17529.0,115306
2021-06-30,23953,6926,17027,21787,50858,-29071,19634,16912,2722,65374,74696,-9322,9484,12959,-3475,1728,4582,-2854,155,0,155,11367,17541,-6174,17610.0,17766.0,17583.0,17715.0,104462
2021-07-01,23513,5962,17551,21337,51250,-29913,19517,17125,2392,64367,74337,-9970,10068,12472,-2404,954,8896,-7942,155,0,155,11177,21368,-10191,17678.0,17774.0,17555.0,17646.0,122682
2021-07-02,23942,6618,17324,21386,50251,-28865,19526,17123,2403,64854,73992,-9138,10021,12681,-2660,1360,6826,-5466,155,0,155,11536,19507,-7971,17651.0,17724.0,17588.0,17653.0,101454
2021-07-05,23681,7537,16144,22294,50374,-28080,19911,16577,3334,65886,74488,-8602,9812,14656,-4844,2133,1738,395,189,0,189,12134,16394,-4260,17755.0,17920.0,17742.0,17898.0,107714
2021-07-06,23619,7020,16599,21759,50772,-29013,19832,16577,3255,65210,74369,-9159,9372,13795,-4423,1248,6139,-4891,184,0,184,10804,19934,-9130,17956.0,17974.0,17858.0,17878.0,84492
2021-07-07,23187,6494,16693,22642,50077,-27435,19597,16796,2801,65426,73367,-7941,10165,13056,-2891,1562,7184,-5622,189,0,189,11916,20240,-8324,17821.0,17906.0,17715.0,17830.0,109544
2021-07-08,23619,6311,17308,22156,49653,-27497,19625,16792,2833,65400,72756,-7356,9073,14037,-4964,1536,8128,-6592,202,0,202,10811,22165,-11354,17876.0,17897.0,17694.0,17825.0,116445
2021-07-09,23255,6563,16692,21564,50304,-28740,19362,16910,2452,64181,73777,-9596,10119,14535,-4416,1515,12159,-10644,202,0,202,11836,26694,-14858,17662.0,17700.0,17526.0,17658.0,138093
2021-07-12,23224,7393,15831,20711,49967,-29256,19609,16470,3139,63544,73830,-10286,10580,15927,-5347,1650,7442,-5792,203,0,203,12433,23369,-10936,17848.0,17960.0,17770.0,17824.0,127781
2021-07-13,22648,8744,13904,22679,50891,-28212,19609,16468,3141,64936,76103,-11167,11647,17283,-5636,2167,6237,-4070,203,0,203,14017,23520,-9503,17958.0,18030.0,17824.0,17869.0,123418
2021-07-14,22123,6707,15416,22147,49294,-27147,18413,16468,1945,62683,72469,-9786,10955,15528,-4573,2348,7185,-4837,203,0,203,13506,22713,-9207,17846.0,17924.0,17748.0,17874.0,120033
2021-07-15,22649,6599,16050,21305,49348,-28043,18489,16138,2351,62443,72085,-9642,12186,16277,-4091,2938,5770,-2832,142,0,142,15266,22047,-6781,17919.0,18046.0,17868.0,18022.0,103184
2021-07-16,23731,6460,17271,22340,51917,-29577,18399,16356,2043,64470,74733,-10263,10417,15394,-4977,3008,15791,-12783,195,0,195,13620,31185,-17565,17826.0,17928.0,17772.0,17925.0,109949
2021-07-19,24873,6096,18777,18425,52291,-33866,18415,16504,1911,61713,74891,-13178,9458,15845,-6387,1856,8502,-6646,190,0,190,11504,24347,-12843,17717.0,17813.0,17647.0,17794.0,144969
2021-07-20,24868,5888,18980,18414,54852,-36438,18222,17156,1066,61504,77896,-16392,9781,21638,-11857,3359,7234,-3875,152,0,152,13292,28872,-15580,17680.0,17716.0,17478.0,17558.0,147968
2021-07-21,21836,4191,17645,16498,51703,-35205,18134,17305,829,56468,73199,-16731,4365,20421,-16056,1172,5834,-4662,187,0,187,5724,26255,-20531,17655.0,17674.0,17376.0,17430.0,86527
2021-07-22,21790,4648,17142,17346,52533,-35187,18252,17072,1180,57388,74253,-16865,4489,22278,-17789,4308,2295,2013,195,0,195,8992,24573,-15581,17441.0,17525.0,17347.0,17407.0,125712
2021-07-23,21963,4958,17005,17456,52819,-35363,18123,16632,1491,57542,74409,-16867,4732,22368,-17636,2589,2713,-124,226,0,226,7547,25081,-17534,17486.0,17559.0,17380.0,17407.0,115875
2021-07-26,23444,4926,18518,17606,52043,-34437,17561,16978,583,58611,73947,-15336,4842,22325,-17483,388,6606,-6218,234,0,234,5464,28931,-23467,17473.0,17479.0,17197.0,17202.0,108704
2021-07-27,22555,5824,16731,17185,51925,-34740,17499,16980,519,57239,74729,-17490,4704,24540,-19836,1607,3147,-1540,236,0,236,6547,27687,-21140,17322.0,17348.0,17153.0,17173.0,118319
2021-07-28,21862,5152,16710,16149,47605,-31456,16865,18095,-1230,54876,70852,-15976,4496,23361,-18865,258,5389,-5131,237,0,237,4991,28750,-23759,17062.0,17136.0,16733.0,16965.0,203426
2021-07-29,21698,5630,16068,18698,47064,-28366,17228,17319,-91,57624,70013,-12389,6093,23057,-16964,5776,458,5318,240,0,240,12109,23515,-11406,17136.0,17332.0,17068.0,17331.0,123218
2021-07-30,20897,5036,15861,18212,46353,-28141,17207,17539,-332,56316,68928,-12612,3646,22776,-19130,1529,1853,-324,255,0,255,5430,24629,-19199,17285.0,17299.0,17126.0,17173.0,117560
2021-08-02,20098,4876,15222,19220,49031,-29811,17556,16987,569,56874,70894,-14020,5657,21995,-16338,5186,955,4231,255,0,255,11098,22950,-11852,17313.0,17470.0,17160.0,17470.0,131605
2021-08-03,20457,4558,15899,19320,47865,-28545,17485,16950,535,57262,69373,-12111,5489,21464,-15975,3117,2703,414,255,0,255,8861,24167,-15306,17426.0,17496.0,17361.0,17484.0,95199
2021-08-04,20118,4676,15442,20768,48086,-27318,17663,16726,937,58549,69488,-10939,7065,21883,-14818,4979,1726,3253,268,0,268,12312,23609,-11297,17491.0,17586.0,17464.0,17571.0,89232
2021-08-05,19767,4651,15116,19280,49563,-30283,17657,16654,1003,56704,70868,-14164,5759,20882,-15123,2718,5526,-2808,261,0,261,8738,26408,-17670,17570.0,17584.0,17520.0,17542.0,65647
2021-08-06,20188,4605,15583,18997,47410,-28413,17520,16971,549,56705,68986,-12281,5383,20709,-15326,3474,2376,1098,270,0,270,9127,23085,-13958,17555.0,17560.0,17353.0,17437.0,110731
2021-08-09,19931,5084,14847,19257,45605,-26348,17533,17387,146,56721,68076,-11355,5944,21003,-15059,4991,2218,2773,275,0,275,11210,23221,-12011,17438.0,17448.0,17235.0,17404.0,124689
2021-08-10,20487,5702,14785,19021,46943,-27922,17380,17745,-365,56888,70390,-13502,5532,21494,-15962,2935,6899,-3964,282,0,282,8749,28393,-19644,17396.0,17443.0,17259.0,17299.0,109191
2021-08-11,19682,5289,14393,16693,48400,-31707,17358,17966,-608,53733,71655,-17922,5090,20837,-15747,2390,7936,-5546,303,0,303,7783,28773,-20990,17217.0,17298.0,17078.0,17171.0,141084
2021-08-12,19432,5213,14219,17811,48300,-30489,17371,17966,-595,54614,71479,-16865,5055,21595,-16540,2472,7858,-5386,306,0,306,7833,29453,-21620,17207.0,17235.0,17125.0,17157.0,91671
2021-08-13,20297,5895,14402,17318,49400,-32082,17314,18270,-956,54929,73565,-18636,5260,22816,-17556,1242,8889,-7647,309,0,309,6811,31705,-24894,17185.0,17190.0,16934.0,16934.0,150070
2021-08-16,19226,5583,13643,18458,46527,-28069,17191,18449,-1258,54875,70559,-15684,5579,23380,-17801,4611,4412,199,309,0,309,10499,27792,-17293,16829.0,16936.0,16750.0,16772.0,150977
2021-08-17,18508,5692,12816,18559,45680,-27121,17327,18789,-1462,54394,70161,-15767,5675,22169,-16494,6490,4785,1705,309,0,309,12474,26954,-14480,16850.0,16873.0,16575.0,16580.0,132669
2021-08-18,16357,3928,12429,14825,42218,-27393,17474,18108,-634,48656,64254,-15598,5967,7392,-1425,2575,1698,877,309,0,309,8851,9090,-239,16440.0,16796.0,16389.0,16784.0,102422
2021-08-19,16031,5066,10965,15824,39660,-23836,17034,19030,-1996,48889,63756,-14867,6327,9509,-3182,282,8243,-7961,309,0,309,6918,17752,-10834,16611.0,16648.0,16256.0,16329.0,196641
2021-08-20,16510,5679,10831,16173,36813,-20640,16987,19238,-2251,49670,61730,-12060,6500,10401,-3901,2656,4284,-1628,309,0,309,9465,14685,-5220,16297.0,16426.0,16145.0,16193.0,175910
2021-08-23,17061,5960,11101,17580,39793,-22213,17443,18132,-689,52084,63885,-11801,7167,10028,-2861,5139,1230,3909,309,0,309,12615,11258,1357,16427.0,16729.0,16393.0,16684.0,127852
2021-08-24,16851,6524,10327,18600,39772,-21172,17544,17982,-438,52995,64278,-11283,7292,10097,-2805,4474,2292,2182,321,0,321,12087,12389,-302,16822.0,16842.0,16717.0,16784.0,90436
2021-08-25,16337,5936,10401,19667,40684,-21017,17739,17544,195,53743,64164,-10421,7343,10705,-3362,6978,1344,5634,338,0,338,14659,12049,2610,16794.0,16982.0,16785.0,16963.0,109545
2021-08-26,16803,5468,11335,17175,37104,-19929,17614,17542,72,51592,60114,-8522,8288,8651,-363,3933,3489,444,340,0,340,12561,12140,421,17103.0,17125.0,16882.0,16995.0,127120
2021-08-27,15686,6394,9292,17936,35507,-17571,16783,17002,-219,50405,58903,-8498,7672,9928,-2256,6421,1360,5061,340,0,340,14433,11288,3145,16940.0,17218.0,16908.0,17170.0,122558
2021-08-30,16143,6830,9313,16685,35983,-19298,16953,16373,580,49781,59186,-9405,7702,9105,-1403,6127,1795,4332,354,0,354,14183,10900,3283,17249.0,17353.0,17206.0,17339.0,95679
2021-08-31,16050,7743,8307,21774,40938,-19164,17024,15857,1167,54848,64538,-9690,8739,8185,554,8138,2779,5359,353,0,353,17230,10964,6266,17276.0,17468.0,17144.0,17457.0,138468
2021-09-01,14876,6450,8426,21897,42096,-20199,17037,15845,1192,53810,64391,-10581,9404,8853,551,4002,3703,299,347,0,347,13753,12556,1197,17408.0,17500.0,17363.0,17476.0,111022
2021-09-02,14118,6442,7676,21671,37476,-15805,16892,16069,823,52681,59987,-7306,10372,8928,1444,4738,3334,1404,347,0,347,15457,12262,3195,17434.0,17507.0,17266.0,17320.0,137473
2021-09-03,14485,7603,6882,20410,40226,-19816,16771,15733,1038,51666,63562,-11896,11183,10323,860,5669,2271,3398,215,0,215,17067,12594,4473,17442.0,17553.0,17370.0,17509.0,114430
2021-09-06,14283,7961,6322,21392,37688,-16296,16744,15939,805,52419,61588,-9169,10475,9661,814,5987,1843,4144,222,0,222,16684,11504,5180,17440.0,17596.0,17425.0,17496.0,120721
2021-09-07,14822,8504,6318,20306,35886,-15580,15964,15944,20,51092,60334,-9242,11697,9799,1898,5871,2049,3822,223,0,223,17791,11848,5943,17522.0,17529.0,17337.0,17422.0,125371
2021-09-08,13655,7043,6612,20623,34820,-14197,15677,16487,-810,49955,58350,-8395,11844,9706,2138,7380,4014,3366,235,0,235,19459,13720,5739,17395.0,17426.0,17163.0,17262.0,151809
2021-09-09,14360,7182,7178,22436,34091,-11655,14941,16487,-1546,51737,57760,-6023,12271,8888,3383,507,4594,-4087,235,0,235,13013,13482,-469,17142.0,17291.0,17084.0,17235.0,125037
2021-09-10,14890,7435,7455,22919,37221,-14302,15030,15989,-959,52839,60645,-7806,13497,10247,3250,1743,3079,-1336,235,0,235,15475,13326,2149,17300.0,17479.0,17284.0,17473.0,111079
2021-09-13,17000,8654,8346,22015,37418,-15403,15006,16104,-1098,54021,62176,-8155,13309,9765,3544,864,6928,-6064,235,0,235,14408,16693,-2285,17434.0,17492.0,17356.0,17442.0,120401
2021-09-14,15819,8487,7332,23342,38710,-15368,15112,16095,-983,54273,63292,-9019,13750,11236,2514,1089,4717,-3628,242,0,242,15081,15953,-872,17541.0,17569.0,17426.0,17461.0,108843
2021-09-15,16219,4844,11375,16495,31581,-15086,14244,16307,-2063,46958,52732,-5774,6728,6249,479,696,4239,-3543,274,0,274,7698,10488,-2790,17403.0,17433.0,17280.0,17382.0,74105
2021-09-16,16879,4999,11880,15674,33671,-17997,14165,16528,-2363,46718,55198,-8480,7232,6195,1037,671,7320,-6649,264,0,264,8167,13515,-5348,17337.0,17362.0,17191.0,17248.0,93340
2021-09-17,16742,5989,10753,17970,34583,-16613,14217,16506,-2289,48929,57078,-8149,7526,7457,69,1043,3307,-2264,264,0,264,8833,10764,-1931,17256.0,17395.0,17165.0,17298.0,117752
2021-09-22,18394,5421,12973,16336,34164,-17828,12955,17206,-4251,47685,56791,-9106,9376,7730,1646,411,12453,-12042,264,0,264,10051,20183,-10132,16835.0,16940.0,16751.0,16900.0,134553
2021-09-23,18650,5621,13029,18329,34797,-16468,13094,16906,-3812,50073,57324,-7251,9004,8779,225,1512,11541,-10029,257,0,257,10773,20320,-9547,17020.0,17130.0,16985.0,17080.0,99807
2021-09-24,18225,5659,12566,19014,36477,-17463,13165,16528,-3363,50404,58664,-8260,8279,9538,-1259,1715,11482,-9767,257,0,257,10251,21020,-10769,17191.0,17275.0,17170.0,17250.0,94226
2021-09-27,18873,6373,12500,20034,39360,-19326,13176,16518,-3342,52083,62251,-10168,9437,9432,5,1448,16145,-14697,251,0,251,11136,25577,-14441,17247.0,17344.0,17222.0,17292.0,94562
2021-09-28,19190,6782,12408,18151,36597,-18446,12434,16640,-4206,49775,60019,-10244,10373,7603,2770,1141,10731,-9590,251,0,251,11765,18334,-6569,17182.0,17183.0,17042.0,17170.0,103595
2021-09-29,19975,6369,13606,18110,36280,-18170,11987,17513,-5526,50072,60162,-10090,12630,9687,2943,380,19892,-19512,244,0,244,13254,29579,-16325,16926.0,16937.0,16760.0,16823.0,148685
2021-09-30,20433,6681,13752,20010,36741,-16731,12194,17186,-4992,52637,60608,-7971,12588,8258,4330,1341,17606,-16265,244,0,244,14173,25864,-11691,16803.0,16966.0,16704.0,16917.0,129398
2021-10-01,21131,7293,13838,24484,37521,-13037,12100,18183,-6083,57715,62997,-5282,13123,10258,2865,535,21715,-21180,244,0,244,13902,31973,-18071,16800.0,16805.0,16415.0,16517.0,162836
2021-10-04,20901,7470,13431,25458,36615,-11157,12265,18200,-5935,58624,62285,-3661,12766,10016,2750,1009,17841,-16832,244,0,244,14019,27857,-13838,16588.0,16629.0,16313.0,16358.0,140802
2021-10-05,21961,7282,14679,21656,38785,-17129,12618,18127,-5509,56235,64194,-7959,12458,9256,3202,197,20506,-20309,244,0,244,12899,29762,-16863,16240.0,16424.0,16107.0,16398.0,151416
2021-10-06,20787,5685,15102,23353,37095,-13742,12642,18125,-5483,56782,60905,-4123,14131,10600,3531,186,17217,-17031,251,0,251,14568,27817,-13249,16470.0,16493.0,16265.0,16359.0,136018
2021-10-07,20532,7268,13264,21783,40063,-18280,12949,17293,-4344,55264,64624,-9360,12007,11324,683,2269,15302,-13033,250,0,250,14526,26626,-12100,16521.0,16760.0,16519.0,16706.0,123808
2021-10-08,21460,7522,13938,19757,40901,-21144,12851,17514,-4663,54068,65937,-11869,13260,12187,1073,1993,17998,-16005,250,0,250,15503,30185,-14682,16740.0,16759.0,16591.0,16627.0,101077
2021-10-12,22296,9066,13230,21797,37431,-15634,12734,17965,-5231,56827,64462,-7635,14158,13141,1017,1347,13026,-11679,250,0,250,15755,26167,-10412,16485.0,16489.0,16285.0,16418.0,138434
2021-10-13,21171,8356,12815,20524,38960,-18436,12747,18099,-5352,54442,65415,-10973,13992,13452,540,1166,16369,-15203,250,0,250,15408,29821,-14413,16520.0,16585.0,16318.0,16318.0,114897
2021-10-14,20684,8064,12620,23632,39759,-16127,12783,18088,-5305,57099,65911,-8812,14197,12468,1729,1876,12936,-11060,250,0,250,16323,25404,-9081,16496.0,16546.0,16354.0,16405.0,104604
2021-10-15,21145,7863,13282,23033,40683,-17650,13316,17122,-3806,57494,65668,-8174,14150,10069,4081,2559,10889,-8330,249,0,249,16958,20958,-4000,16654.0,16790.0,16570.0,16782.0,109050
2021-10-18,21114,7831,13283,24078,43080,-19002,13423,17088,-3665,58615,67999,-9384,15592,13034,2558,4023,12213,-8190,254,0,254,19869,25247,-5378,16800.0,16870.0,16705.0,16725.0,109628
2021-10-19,20330,8641,11689,22924,41130,-18206,13824,16754,-2930,57078,66525,-9447,15512,12511,3001,4582,10490,-5908,278,0,278,20372,23001,-2629,16810.0,16954.0,16787.0,16902.0,97333
2021-10-20,18454,3602,14852,17323,34786,-17463,14047,16753,-2706,49824,55141,-5317,9639,10434,-795,2350,3523,-1173,285,0,285,12274,13957,-1683,16973.0,16987.0,16863.0,16882.0,56080
2021-10-21,19478,3646,15832,19664,37827,-18163,12801,16738,-3937,51943,58211,-6268,9027,11837,-2810,1923,8451,-6528,265,0,265,11215,20288,-9073,16879.0,17047.0,16812.0,16813.0,117754
2021-10-22,19443,3358,16085,19291,39293,-20002,12719,16736,-4017,51453,59387,-7934,9220,11748,-2528,1734,8650,-6916,256,0,256,11210,20398,-9188,16877.0,16913.0,16770.0,16854.0,98819
2021-10-25,19523,3515,16008,19108,39136,-20028,12703,16738,-4035,51334,59389,-8055,9572,12057,-2485,2884,3002,-118,249,0,249,12705,15059,-2354,16788.0,16930.0,16731.0,16888.0,97221
2021-10-26,19860,4960,14900,20112,42177,-22065,12776,16455,-3679,52748,63592,-10844,9952,12575,-2623,2508,3788,-1280,252,0,252,12712,16363,-3651,16975.0,17073.0,16948.0,17048.0,92092
2021-10-27,20457,3746,16711,19594,42260,-22666,12699,16452,-3753,52750,62458,-9708,10439,9722,717,2082,6431,-4349,249,0,249,12770,16153,-3383,16944.0,17088.0,16928.0,17071.0,85950
2021-10-28,20600,3852,16748,19933,42347,-22414,12583,16455,-3872,53116,62654,-9538,10857,10316,541,1925,7409,-5484,249,0,249,13031,17725,-4694,17013.0,17103.0,16984.0,17038.0,85288
2021-10-29,22083,4284,17799,19062,42904,-23842,12485,16619,-4134,53630,63807,-10177,11683,10463,1220,1270,7741,-6471,249,0,249,13202,18204,-5002,17061.0,17074.0,16858.0,16945.0,111444
2021-11-01,22289,4549,17740,20227,42311,-22084,12580,16396,-3816,55096,63256,-8160,11099,10620,479,1086,4492,-3406,249,0,249,12434,15112,-2678,17040.0,17130.0,17028.0,17079.0,79806
2021-11-02,22463,5575,16888,21541,43984,-22443,12535,16507,-3972,56539,66066,-9527,12268,11949,319,1902,6544,-4642,249,0,249,14419,18493,-4074,17167.0,17255.0,17004.0,17047.0,109134
2021-11-03,21401,4389,17012,20790,42324,-21534,12592,16497,-3905,54783,63210,-8427,12302,11988,314,1957,4179,-2222,249,0,249,14508,16167,-1659,17081.0,17127.0,17040.0,17092.0,72076
2021-11-04,21452,4375,17077,20776,43873,-23097,12612,16176,-3564,54840,64424,-9584,12118,13298,-1180,1879,6482,-4603,249,0,249,14246,19780,-5534,17269.0,17280.0,17050.0,17075.0,90112
2021-11-05,21944,4045,17899,22740,44136,-21396,12650,15701,-3051,57334,63882,-6548,10853,11227,-374,7060,3338,3722,249,0,249,18162,14565,3597,17150.0,17279.0,17106.0,17267.0,90064
2021-11-08,21427,4109,17318,24888,42343,-17455,12763,15481,-2718,59078,61933,-2855,10908,12402,-1494,9544,1568,7976,249,0,249,20701,13970,6731,17256.0,17425.0,17251.0,17424.0,77522
2021-11-09,20617,4158,16459,25784,39366,-13582,12714,15162,-2448,59115,58686,429,11027,13808,-2781,4853,1721,3132,253,0,253,16133,15529,604,17499.0,17593.0,17480.0,17555.0,80924
2021-11-10,21292,3836,17456,23757,40270,-16513,12634,14882,-2248,57683,58988,-1305,11881,10151,1730,2098,5468,-3370,254,0,254,14233,15619,-1386,17550.0,17581.0,17496.0,17555.0,75931
2021-11-11,20986,4481,16505,23348,41338,-17990,12592,14595,-2003,56926,60414,-3488,13828,11468,2360,2315,9332,-7017,254,0,254,16397,20800,-4403,17430.0,17537.0,17395.0,17470.0,84466
2021-11-12,20371,4148,16223,25699,42670,-16971,12638,14588,-1950,58708,61406,-2698,13910,10291,3619,2882,7784,-4902,255,0,255,17047,18075,-1028,17570.0,17638.0,17491.0,17547.0,91259
2021-11-15,19721,4221,15500,29454,45033,-15579,12616,14269,-1653,61791,63523,-1732,12891,10482,2409,3431,8233,-4802,233,0,233,16555,18715,-2160,17615.0,17707.0,17603.0,17664.0,102421
2021-11-16,18962,5435,13527,29676,44739,-15063,12678,14267,-1589,61316,64441,-3125,14088,12672,1416,2744,7068,-4324,233,0,233,17065,19740,-2675,17662.0,17717.0,17653.0,17701.0,78291
2021-11-17,17274,3451,13823,22930,38480,-15550,12770,14117,-1347,52974,56048,-3074,11407,7719,3688,2857,471,2386,233,0,233,14497,8190,6307,17711.0,17761.0,17678.0,17722.0,52589
2021-11-18,17291,3883,13408,24175,42115,-17940,12713,13956,-1243,54179,59954,-5775,11912,8718,3194,2294,3060,-766,233,0,233,14439,11778,2661,17769.0,17868.0,17763.0,17860.0,87837
2021-11-19,17598,3718,13880,22931,42698,-19767,12583,13957,-1374,53112,60373,-7261,11162,7458,3704,621,8573,-7952,233,0,233,12016,16031,-4015,17919.0,17949.0,17813.0,17851.0,82761
2021-11-22,17656,4122,13534,26119,44775,-18656,12582,13957,-1375,56357,62854,-6497,10975,8454,2521,2303,10353,-8050,233,0,233,13511,18807,-5296,17790.0,17876.0,17787.0,17836.0,58435
2021-11-23,18593,4469,14124,25391,44098,-18707,12442,14287,-1845,56426,62854,-6428,11520,8951,2569,1466,13229,-11763,229,0,229,13215,22180,-8965,17765.0,17768.0,17638.0,17659.0,102784
2021-11-24,18151,4112,14039,26591,45556,-18965,12388,14287,-1899,57130,63955,-6825,11731,8258,3473,2417,12133,-9716,230,0,230,14378,20391,-6013,17604.0,17698.0,17593.0,17679.0,76818
2021-11-25,18487,3966,14521,26150,46472,-20322,12376,14287,-1911,57013,64725,-7712,13152,8555,4597,943,16878,-15935,221,0,221,14316,25433,-11117,17688.0,17715.0,17600.0,17676.0,66753
2021-11-26,18179,4586,13593,25483,45526,-20043,12157,14940,-2783,55819,65052,-9233,12540,8718,3822,1302,12454,-11152,226,0,226,14068,21172,-7104,17530.0,17572.0,17307.0,17342.0,129988
2021-11-29,17321,4546,12775,27290,45770,-18480,12207,14945,-2738,56818,65261,-8443,12034,9240,2794,2717,8962,-6245,226,0,226,14977,18202,-3225,17243.0,17416.0,17184.0,17308.0,120115
2021-11-30,19546,4991,14555,25816,47610,-21794,12287,14972,-2685,57649,67573,-9924,12103,9371,2732,1377,13838,-12461,222,0,222,13702,23209,-9507,17428.0,17537.0,17312.0,17327.0,111906
2021-12-01,18517,4812,13705,27067,48641,-21574,12410,14480,-2070,57994,67933,-9939,11620,9592,2028,3406,6449,-3043,222,0,222,15248,16041,-793,17350.0,17617.0,17333.0,17586.0,103548
2021-12-02,18076,5169,12907,25754,47612,-21858,12479,14320,-1841,56309,67101,-10792,11404,10126,1278,4178,6111,-1933,223,0,223,15805,16237,-432,17570.0,17709.0,17509.0,17705.0,108997
2021-12-03,18793,5126,13667,25658,47825,-22167,12481,14315,-1834,56932,67266,-10334,11523,10181,1342,2900,8245,-5345,223,0,223,14646,18426,-3780,17696.0,17745.0,17621.0,17706.0,79145
2021-12-06,20154,6101,14053,26877,50907,-24030,12477,14317,-1840,59508,71325,-11817,12415,8647,3768,1848,13432,-11584,223,0,223,14486,22079,-7593,17619.0,17736.0,17527.0,17693.0,91121
2021-12-07,20974,5968,15006,25350,51568,-26218,13726,14213,-487,60050,71749,-11699,14214,8514,5700,469,11322,-10853,217,0,217,14900,19836,-4936,17677.0,17799.0,17586.0,17795.0,94771
2021-12-08,18022,4102,13920,25001,50415,-25414,14295,14166,129,57318,68683,-11365,14096,9889,4207,5124,7713,-2589,217,0,217,19437,17602,1835,17945.0,17988.0,17840.0,17851.0,94293
2021-12-09,17793,4144,13649,25804,50404,-24600,14368,14171,197,57965,68719,-10754,15045,10904,4141,5503,8381,-2878,217,0,217,20765,19285,1480,17886.0,17946.0,17812.0,17911.0,79412
2021-12-10,18450,3966,14484,24508,50924,-26416,14425,14172,253,57383,69062,-11679,17659,12624,5035,3395,12318,-8923,217,0,217,21271,24942,-3671,17808.0,17874.0,17765.0,17818.0,73341
2021-12-13,19017,4800,14217,27013,52763,-25750,14398,14382,16,60428,71945,-11517,18611,12651,5960,4391,14150,-9759,217,0,217,23219,26801,-3582,17912.0,17944.0,17743.0,17752.0,102639
2021-12-14,20214,6095,14119,26018,52546,-26528,14556,14812,-256,60788,73453,-12665,21238,15077,6161,5326,15397,-10071,221,0,221,26785,30474,-3689,17683.0,17711.0,17565.0,17605.0,109694
2021-12-15,16895,1969,14926,20890,46678,-25788,14959,14817,142,52744,63464,-10720,10990,13996,-3006,1742,4436,-2694,223,0,223,12955,18432,-5477,17588.0,17666.0,17536.0,17630.0,53677
2021-12-16,17043,1873,15170,21203,47733,-26530,15153,14378,775,53399,63984,-10585,11506,13107,-1601,832,4689,-3857,223,0,223,12561,17796,-5235,17765.0,17809.0,17671.0,17804.0,84101
2021-12-17,16673,2408,14265,22015,47429,-25414,15184,14379,805,53872,64216,-10344,11429,14943,-3514,2246,7525,-5279,219,0,219,13894,22468,-8574,17716.0,17798.0,17703.0,17786.0,78566
2021-12-20,18173,2416,15757,21589,48231,-26642,14990,14663,327,54752,65310,-10558,11185,13398,-2213,1881,10105,-8224,219,0,219,13285,23503,-10218,17720.0,17748.0,17564.0,17580.0,103831
2021-12-21,18020,2951,15069,22106,47519,-25413,15173,14333,840,55299,64803,-9504,11578,16256,-4678,3931,3882,49,219,0,219,15728,20138,-4410,17660.0,17829.0,17624.0,17796.0,87917
2021-12-22,17966,2167,15799,21197,45391,-24194,15206,14323,883,54369,61881,-7512,11582,13588,-2006,2501,4984,-2483,219,0,219,14302,18572,-4270,17847.0,17852.0,17783.0,17833.0,54102
2021-12-23,18213,2192,16021,22282,46148,-23866,15039,14107,932,55534,62447,-6913,12085,13743,-1658,5369,2390,2979,219,0,219,17673,16133,1540,17935.0,17983.0,17903.0,17954.0,66061
2021-12-24,17674,2260,15414,23007,47663,-24656,15047,14107,940,55728,64030,-8302,12053,14328,-2275,6071,1782,4289,219,0,219,18343,16110,2233,18014.0,18035.0,17946.0,17958.0,50035
2021-12-27,17598,2451,15147,25438,48898,-23460,15038,13892,1146,58074,65241,-7167,12092,14706,-2614,7575,768,6807,219,0,219,19886,15474,4412,17982.0,18099.0,17967.0,18068.0,58096
2021-12-28,17407,2919,14488,27786,50379,-22593,15120,13724,1396,60313,67022,-6709,12318,15556,-3238,8732,149,8583,223,0,223,21273,15705,5568,18115.0,18209.0,18105.0,18207.0,60973
2021-12-29,17622,2489,15133,29056,52147,-23091,15194,13568,1626,61872,68204,-6332,12638,14061,-1423,7692,1100,6592,223,0,223,20553,15161,5392,18195.0,18289.0,18188.0,18276.0,57011
2021-12-30,17979,2345,15634,27306,52462,-25156,15287,13633,1654,60572,68440,-7868,12876,13922,-1046,4364,3137,1227,219,0,219,17459,17059,400,18242.0,18265.0,18177.0,18212.0,56933
2022-01-03,18361,2641,15720,26582,51758,-25176,15356,13514,1842,60299,67913,-7614,12381,14485,-2104,7294,1534,5760,223,0,223,19898,16019,3879,18288.0,18389.0,18203.0,18273.0,96972
2022-01-04,19420,3025,16395,27113,51817,-24704,15524,13134,2390,62057,67976,-5919,12614,14559,-1945,9824,385,9439,223,0,223,22661,14944,7717,18361.0,18522.0,18359.0,18516.0,90796
2022-01-05,19120,2736,16384,27902,51989,-24087,16039,13136,2903,63061,67861,-4800,12765,15142,-2377,7930,2035,5895,223,0,223,20918,17177,3741,18480.0,18546.0,18438.0,18480.0,82044
2022-01-06,17886,2973,14913,28444,51581,-23137,16069,13424,2645,62399,67978,-5579,13078,16928,-3850,9208,1849,7359,223,0,223,22509,18777,3732,18345.0,18419.0,18238.0,18335.0,119801
2022-01-07,18625,3762,14863,25367,51976,-26609,15960,13718,2242,59952,69456,-9504,12793,17927,-5134,6560,4891,1669,223,0,223,19576,22818,-3242,18459.0,18478.0,18115.0,18143.0,137788
2022-01-10,19386,3732,15654,25419,50850,-25431,16080,13544,2536,60885,68126,-7241,13451,16926,-3475,8336,2629,5707,223,0,223,22010,19555,2455,18075.0,18264.0,18022.0,18258.0,96625
2022-01-11,20127,3695,16432,23945,52262,-28317,16091,13590,2501,60163,69547,-9384,13965,17218,-3253,4838,5738,-900,224,0,224,19027,22956,-3929,18200.0,18295.0,18102.0,18280.0,119585
2022-01-12,19409,2479,16930,23031,51460,-28429,16250,13682,2568,58690,67621,-8931,15416,19455,-4039,6052,4123,1929,224,0,224,21692,23578,-1886,18403.0,18411.0,18271.0,18375.0,90837
2022-01-13,18412,3337,15075,24230,49927,-25697,16299,13670,2629,58941,66934,-7993,15620,17397,-1777,7350,3033,4317,224,0,224,23194,20430,2764,18433.0,18485.0,18364.0,18425.0,95326
2022-01-14,18722,3063,15659,23473,48947,-25474,16304,13680,2624,58499,65690,-7191,18173,18264,-91,4758,5886,-1128,228,0,228,23159,24150,-991,18549.0,18560.0,18220.0,18357.0,158202
2022-01-17,19996,5034,14962,24820,50454,-25634,16398,13616,2782,61214,69104,-7890,17510,18487,-977,6224,3963,2261,228,0,228,23962,22450,1512,18417.0,18537.0,18387.0,18509.0,117616
2022-01-18,20828,4608,16220,26327,50530,-24203,16409,14029,2380,63564,69167,-5603,18314,21773,-3459,6303,4015,2288,247,0,247,24864,25788,-924,18531.0,18583.0,18347.0,18349.0,129157
2022-01-19,17330,2650,14680,21290,45781,-24491,16397,14674,1723,55017,63105,-8088,15919,18741,-2822,2027,5812,-3785,247,0,247,18193,24553,-6360,18261.0,18345.0,18210.0,18218.0,72718
2022-01-20,18029,2413,15616,21835,46710,-24875,16497,14604,1893,56361,63727,-7366,16137,18774,-2637,1746,3400,-1654,241,0,241,18124,22174,-4050,18203.0,18270.0,18081.0,18226.0,119191
2022-01-21,19036,3358,15678,21095,47110,-26015,16621,15286,1335,56752,65754,-9002,17335,21050,-3715,1319,8651,-7332,237,0,237,18891,29701,-10810,18026.0,18050.0,17836.0,17895.0,157754
2022-01-24,19074,2925,16149,19591,46732,-27141,16795,15172,1623,55460,64829,-9369,17918,21018,-3100,1676,6141,-4465,233,0,233,19827,27159,-7332,17736.0,17973.0,17703.0,17957.0,133779
2022-01-25,20838,3635,17203,17523,50251,-32728,16768,15760,1008,55129,69646,-14517,18841,20836,-1995,762,9788,-9026,233,0,233,19836,30624,-10788,17790.0,17799.0,17578.0,17678.0,158896
2022-01-26,20361,3784,16577,17849,49630,-31781,17240,15790,1450,55450,69204,-13754,18501,20168,-1667,1841,7428,-5587,235,0,235,20577,27596,-7019,17683.0,17757.0,17607.0,17625.0,96254
2022-02-07,21511,3772,17739,18470,48730,-30260,16977,15334,1643,56958,67836,-10878,18770,19493,-723,4930,5127,-197,235,0,235,23935,24620,-685,17797.0,17900.0,17693.0,17899.0,113464
2022-02-08,21339,4114,17225,18868,48402,-29534,17122,15110,2012,57329,67626,-10297,18735,20763,-2028,5637,5104,533,235,0,235,24607,25867,-1260,17960.0,18047.0,17922.0,17942.0,89700
2022-02-09,21816,4215,17601,20349,45801,-25452,17213,14880,2333,59378,64896,-5518,18140,17289,851,3278,2617,661,235,0,235,21653,19906,1747,18068.0,18169.0,18050.0,18167.0,72278
2022-02-10,21462,4555,16907,21723,42282,-20559,15808,14813,995,58993,61650,-2657,18430,17023,1407,5678,846,4832,235,3,232,24343,17872,6471,18230.0,18340.0,18133.0,18337.0,95136
2022-02-11,21317,5555,15762,22969,41991,-19022,14010,14315,-305,58296,61861,-3565,19932,17649,2283,3179,3294,-115,239,2,237,23350,20945,2405,18202.0,18290.0,18182.0,18275.0,87617
2022-02-14,21858,5126,16732,20915,42060,-21145,13382,14682,-1300,56155,61868,-5713,21538,21123,415,2399,5844,-3445,239,2,237,24176,26969,-2793,18099.0,18132.0,17934.0,17977.0,137955
2022-02-15,19424,5218,14206,23195,39586,-16391,13328,14836,-1508,55947,59640,-3693,21988,21507,481,2770,4088,-1318,238,2,236,24996,25597,-601,17922.0,18093.0,17883.0,17953.0,114065
2022-02-16,17473,3469,14004,19729,35153,-15424,12815,14316,-1501,50017,52938,-2921,15846,14360,1486,3421,468,2953,238,2,236,19505,14830,4675,18184.0,18248.0,18140.0,18207.0,63453
2022-02-17,18005,3829,14176,21116,37563,-16447,12848,14373,-1525,51969,55765,-3796,15522,14040,1482,2670,4864,-2194,238,2,236,18430,18906,-476,18269.0,18330.0,18168.0,18243.0,110179
2022-02-18,18298,3962,14336,22185,39394,-17209,12849,14418,-1569,53332,57774,-4442,15647,15116,531,2826,6768,-3942,238,2,236,18711,21886,-3175,18065.0,18254.0,18039.0,18226.0,96351
2022-02-21,18627,3753,14874,20971,40455,-19484,12909,14432,-1523,52507,58640,-6133,15313,15782,-469,1940,6697,-4757,238,2,236,17491,22481,-4990,18001.0,18242.0,17970.0,18210.0,95874
2022-02-22,19180,3718,15462,19132,38935,-19803,12559,15048,-2489,50871,57701,-6830,15204,14530,674,1054,13334,-12280,243,2,241,16501,27866,-11365,17990.0,18068.0,17773.0,17878.0,144406
2022-02-23,18820,4023,14797,19592,36711,-17119,12623,14764,-2141,51035,55498,-4463,14914,13907,1007,2003,9044,-7041,239,0,239,17156,22951,-5795,17954.0,18060.0,17936.0,18042.0,83991
2022-02-24,19997,4531,15466,20706,40675,-19969,12288,15560,-3272,52991,60766,-7775,16575,18632,-2057,1860,15281,-13421,239,3,236,18674,33916,-15242,17811.0,17850.0,17506.0,17516.0,187058
2022-02-25,19835,5094,14741,17834,38200,-20366,11836,15359,-3523,49505,58653,-9148,15664,17019,-1355,3143,10203,-7060,243,2,241,19050,27224,-8174,17660.0,17702.0,17513.0,17606.0,129514
2022-03-01,19798,6159,13639,21000,39087,-18087,11852,14731,-2879,52650,59977,-7327,15477,17865,-2388,7336,6886,450,239,2,237,23052,24753,-1701,17756.0,17942.0,17692.0,17911.0,109687
2022-03-02,19938,5277,14661,19703,39938,-20235,11784,14835,-3051,51425,60050,-8625,16512,17350,-838,1856,12482,-10626,239,2,237,18607,29834,-11227,17788.0,17895.0,17758.0,17844.0,94806
2022-03-03,19707,5679,14028,18155,37620,-19465,11850,14731,-2881,49712,58030,-8318,16472,17782,-1310,1979,9143,-7164,240,2,238,18691,26927,-8236,17942.0,17964.0,17865.0,17929.0,77058
2022-03-04,19450,5745,13705,20535,38052,-17517,11744,15082,-3338,51729,58879,-7150,16232,18137,-1905,3833,12150,-8317,240,5,235,20305,30292,-9987,17608.0,17788.0,17522.0,17666.0,118785
2022-03-07,20401,5289,15112,18593,38062,-19469,11105,16169,-5064,50099,59520,-9421,17360,19181,-1821,325,17922,-17597,241,5,236,17926,37108,-19182,17362.0,17405.0,17051.0,17058.0,157085
2022-03-08,20287,5418,14869,19913,35769,-15856,9045,16540,-7495,49245,57727,-8482,17071,16538,533,2724,14240,-11516,241,7,234,20036,30785,-10749,16840.0,17058.0,16695.0,16702.0,160675
2022-03-09,18943,5950,12993,21673,34393,-12720,9128,16138,-7010,49744,56481,-6737,15551,14805,746,5110,9980,-4870,241,7,234,20902,24792,-3890,16890.0,17023.0,16865.0,16946.0,115509
2022-03-10,19251,7231,12020,22470,29531,-7061,9355,15287,-5932,51076,52049,-973,18547,17272,1275,4247,5145,-898,245,5,240,23039,22422,617,17301.0,17456.0,17269.0,17437.0,102545
2022-03-11,19726,5587,14139,22289,32842,-10553,9277,15634,-6357,51292,54063,-2771,15958,15558,400,2947,8299,-5352,245,8,237,19150,23865,-4715,17372.0,17387.0,17170.0,17220.0,95875
2022-03-14,19802,7052,12750,21658,32325,-10667,9207,15675,-6468,50667,55052,-4385,17089,15375,1714,1734,8034,-6300,244,8,236,19067,23417,-4350,17289.0,17350.0,17150.0,17239.0,120161
2022-03-15,20775,7476,13299,24853,38688,-13835,9105,16393,-7288,54733,62557,-7824,15758,14521,1237,591,13077,-12486,321,9,312,16670,27607,-10937,17177.0,17195.0,16861.0,16882.0,141872
2022-03-16,19307,5332,13975,15691,28014,-12323,9135,16286,-7151,44133,49632,-5499,12713,9538,3175,1059,3936,-2877,325,8,317,14097,13482,615,17080.0,17089.0,16801.0,16937.0,76060
2022-03-17,19908,5684,14224,19262,31877,-12615,9898,15026,-5128,49068,52587,-3519,13567,10841,2726,6467,662,5805,331,8,323,20365,11511,8854,17339.0,17470.0,17262.0,17446.0,129146
2022-03-18,20028,5336,14692,17190,34162,-16972,11472,15138,-3666,48690,54636,-5946,13521,12241,1280,3160,1391,1769,335,8,327,17016,13640,3376,17441.0,17444.0,17295.0,17391.0,96826
2022-03-21,20129,6224,13905,19251,33642,-14391,11584,15310,-3726,50964,55176,-4212,13587,13879,-292,6968,1509,5459,315,7,308,20870,15395,5475,17442.0,17577.0,17439.0,17489.0,93353
2022-03-22,19709,6173,13536,20407,33399,-12992,11532,15316,-3784,51648,54888,-3240,13943,14134,-191,8307,2261,6046,315,7,308,22565,16402,6163,17536.0,17543.0,17453.0,17520.0,68446
2022-03-23,20411,6013,14398,23125,35181,-12056,11699,15185,-3486,55235,56379,-1144,13893,15665,-1772,10667,1359,9308,326,4,322,24886,17028,7858,17644.0,17735.0,17610.0,17702.0,88805
2022-03-24,19915,6432,13483,22061,33005,-10944,10180,15188,-5008,52156,54625,-2469,14643,15923,-1280,9011,2286,6725,326,4,322,23980,18213,5767,17570.0,17687.0,17548.0,17671.0,80125
2022-03-25,20136,6074,14062,20533,32611,-12078,10172,15193,-5021,50841,53878,-3037,14404,16124,-1720,5359,3394,1965,326,4,322,20089,19522,567,17720.0,17726.0,17591.0,17621.0,83085
2022-03-28,20057,6746,13311,20211,28687,-8476,9813,15590,-5777,50081,51023,-942,14518,17882,-3364,3174,1411,1763,334,7,327,18026,19300,-1274,17512.0,17521.0,17304.0,17438.0,117571
2022-03-29,19926,6997,12929,23628,28985,-5357,9875,15482,-5607,53429,51464,1965,13573,17839,-4266,6221,1130,5091,338,7,331,20132,18976,1156,17560.0,17577.0,17484.0,17545.0,76398
2022-03-30,19603,7071,12532,26585,31542,-4957,9960,15102,-5142,56148,53715,2433,13353,16543,-3190,9813,467,9346,334,7,327,23500,17017,6483,17671.0,17755.0,17658.0,17741.0,89839
2022-03-31,19522,6800,12722,22986,32202,-9216,9921,15266,-5345,52429,54268,-1839,13826,16149,-2323,3926,3466,460,334,8,326,18086,19623,-1537,17747.0,17774.0,17623.0,17639.0,78029
2022-04-01,19588,7431,12157,24334,30566,-6232,9863,15489,-5626,53785,53486,299,14956,17862,-2906,4865,1589,3276,334,9,325,20155,19460,695,17466.0,17567.0,17414.0,17554.0,82047
2022-04-06,19510,7314,12196,24328,29893,-5565,9850,15511,-5661,53688,52718,970,15011,18060,-3049,4478,2230,2248,334,11,323,19823,20301,-478,17439.0,17508.0,17327.0,17506.0,86927
2022-04-07,19647,7668,11979,25322,31881,-6559,9609,16236,-6627,54578,55785,-1207,13951,20153,-6202,1903,9152,-7249,334,11,323,16188,29316,-13128,17333.0,17387.0,17123.0,17143.0,114893
2022-04-08,18754,7913,10841,27652,30333,-2681,9631,16019,-6388,56037,54265,1772,14860,18520,-3660,3922,2542,1380,334,10,324,19116,21072,-1956,17200.0,17318.0,17169.0,17316.0,84229
2022-04-11,19759,8111,11648,28599,29022,-423,9512,16521,-7009,57870,53654,4216,15399,20702,-5303,2180,9915,-7735,336,10,326,17915,30627,-12712,17222.0,17298.0,16976.0,17039.0,128637
2022-04-12,20137,8158,11979,29694,31557,-1863,9485,16585,-7100,59316,56300,3016,15229,18941,-3712,2787,7140,-4353,332,10,322,18348,26091,-7743,16960.0,17068.0,16906.0,16999.0,107948
2022-04-13,20226,7579,12647,30611,33869,-3258,10357,16282,-5925,61194,57730,3464,15468,17191,-1723,6695,3344,3351,340,5,335,22503,20540,1963,17080.0,17321.0,17071.0,17316.0,107841
2022-04-14,20235,6749,13486,28448,33622,-5174,10534,16262,-5728,59217,56633,2584,14439,17506,-3067,3889,4478,-589,340,6,334,18668,21990,-3322,17349.0,17352.0,17251.0,17298.0,73517
2022-04-15,20088,7527,12561,26897,35318,-8421,10766,16887,-6121,57751,59732,-1981,12909,19217,-6308,1506,9294,-7788,336,7,329,14751,28518,-13767,17102.0,17117.0,16960.0,16983.0,97455
2022-04-18,19597,7922,11675,27311,34363,-7052,10775,17173,-6398,57683,59458,-1775,12674,20641,-7967,3122,7186,-4064,340,7,333,16136,27834,-11698,16908.0,16995.0,16813.0,16881.0,122230
2022-04-19,19033,7282,11751,30139,37493,-7354,10855,16948,-6093,60027,61723,-1696,14807,20686,-5879,3389,9123,-5734,349,6,343,18545,29815,-11270,17065.0,17122.0,16988.0,17000.0,106177
2022-04-20,17946,3654,14292,21804,31777,-9973,10961,16703,-5742,50711,52134,-1423,10297,14566,-4269,2081,2317,-236,369,4,365,12747,16887,-4140,17071.0,17135.0,16992.0,17125.0,57157
2022-04-21,18039,4437,13602,22780,32779,-9999,11061,16591,-5530,51880,53807,-1927,10238,14697,-4459,2396,3746,-1350,367,4,363,13001,18447,-5446,17180.0,17222.0,17090.0,17126.0,86180
2022-04-22,18421,4695,13726,22650,30647,-7997,11005,16881,-5876,52076,52223,-147,10635,15394,-4759,1887,6917,-5030,367,6,361,12889,22317,-9428,16862.0,16999.0,16823.0,16992.0,96385
2022-04-25,18964,5053,13911,20744,29440,-8696,10986,17758,-6772,50694,52251,-1557,11143,15784,-4641,649,12836,-12187,360,8,352,12152,28628,-16476,16686.0,16734.0,16508.0,16572.0,123324
2022-04-26,19279,5053,14226,20729,30440,-9711,10740,18022,-7282,50748,53515,-2767,10857,15517,-4660,1777,9600,-7823,360,8,352,12994,25125,-12131,16648.0,16663.0,16533.0,16586.0,82214
