date,mxf_dealer_long_oi,mxf_dealer_short_oi,mxf_dealer_net_oi,mxf_foreigner_long_oi,mxf_foreigner_short_oi,mxf_foreigner_net_oi,mxf_trust_long_oi,mxf_trust_short_oi,mxf_trust_net_oi,mxf_long_oi,mxf_short_oi,mxf_net_oi
2008-04-21,1659,3147,-1488,0,138,-138,0,15,-15,1659,3300,-1641
2008-04-22,1829,3387,-1558,0,368,-368,0,12,-12,1829,3767,-1938
2008-04-23,1806,3473,-1667,0,64,-64,0,15,-15,1806,3552,-1746
2008-04-24,2414,3510,-1096,306,0,306,0,15,-15,2720,3525,-805
2008-04-25,2889,3808,-919,1,177,-176,0,9,-9,2890,3994,-1104
2008-04-28,4756,3698,1058,360,7,353,0,12,-12,5116,3717,1399
2008-04-29,3857,4516,-659,1,200,-199,0,12,-12,3858,4728,-870
2008-04-30,4526,4636,-110,299,0,299,0,9,-9,4825,4645,180
2008-05-02,2460,2736,-276,298,179,119,0,9,-9,2758,2924,-166
2008-05-05,1895,2860,-965,0,270,-270,0,9,-9,1895,3139,-1244
2008-05-06,2187,2754,-567,183,232,-49,0,7,-7,2370,2993,-623
2008-05-07,2393,2311,82,436,0,436,0,12,-12,2829,2323,506
2008-05-08,2000,2394,-394,266,131,135,0,12,-12,2266,2537,-271
2008-05-09,1449,2913,-1464,0,248,-248,0,9,-9,1449,3170,-1721
2008-05-12,1905,2557,-652,401,88,313,0,9,-9,2306,2654,-348
2008-05-13,3437,2414,1023,649,0,649,0,9,-9,4086,2423,1663
2008-05-14,3025,2540,485,566,200,366,0,9,-9,3591,2749,842
2008-05-15,3495,2522,973,499,0,499,0,9,-9,3994,2531,1463
2008-05-16,4058,2935,1123,552,3,549,0,9,-9,4610,2947,1663
2008-05-19,2955,2876,79,25,3,22,0,9,-9,2980,2888,92
2008-05-20,4590,7329,-2739,0,351,-351,0,8,-8,4590,7688,-3098
2008-05-21,4546,8508,-3962,12,148,-136,0,8,-8,4558,8664,-4106
2008-05-22,615,8487,-7872,158,149,9,0,7,-7,773,8643,-7870
2008-05-23,648,9418,-8770,0,506,-506,0,7,-7,648,9931,-9283
2008-05-26,920,9893,-8973,0,281,-281,0,12,-12,920,10186,-9266
2008-05-27,1038,9358,-8320,0,121,-121,0,7,-7,1038,9486,-8448
2008-05-28,1260,9561,-8301,0,695,-695,0,7,-7,1260,10263,-9003
2008-05-29,1656,10259,-8603,0,811,-811,0,9,-9,1656,11079,-9423
2008-05-30,1920,11294,-9374,0,1092,-1092,0,9,-9,1920,12395,-10475
2008-06-02,1840,11355,-9515,0,775,-775,0,9,-9,1840,12139,-10299
2008-06-03,1841,12354,-10513,0,1264,-1264,0,9,-9,1841,13627,-11786
2008-06-04,1848,11705,-9857,307,1003,-696,0,9,-9,2155,12717,-10562
2008-06-05,349,7948,-7599,219,1003,-784,0,9,-9,568,8960,-8392
2008-06-06,498,8170,-7672,0,1087,-1087,0,9,-9,498,9266,-8768
2008-06-09,442,9294,-8852,0,1023,-1023,0,17,-17,442,10334,-9892
2008-06-10,454,10734,-10280,0,1480,-1480,0,19,-19,454,12233,-11779
2008-06-11,493,11348,-10855,0,1343,-1343,0,19,-19,493,12710,-12217
2008-06-12,1909,11701,-9792,6,1644,-1638,0,19,-19,1915,13364,-11449
2008-06-13,2671,11501,-8830,0,1570,-1570,0,19,-19,2671,13090,-10419
2008-06-16,2146,10810,-8664,2,1340,-1338,0,19,-19,2148,12169,-10021
2008-06-17,786,9778,-8992,45,1503,-1458,0,19,-19,831,11300,-10469
2008-06-18,903,9450,-8547,55,1525,-1470,0,19,-19,958,10994,-10036
2008-06-19,146,7101,-6955,7,982,-975,0,13,-13,153,8096,-7943
2008-06-20,283,7289,-7006,0,1247,-1247,0,13,-13,283,8549,-8266
2008-06-23,817,8249,-7432,0,788,-788,0,13,-13,817,9050,-8233
2008-06-24,1108,8884,-7776,0,1012,-1012,0,13,-13,1108,9909,-8801
2008-06-25,1471,9518,-8047,0,726,-726,0,13,-13,1471,10257,-8786
2008-06-26,1639,10145,-8506,0,1322,-1322,0,13,-13,1639,11480,-9841
2008-06-27,1615,10082,-8467,145,1356,-1211,0,13,-13,1760,11451,-9691
2008-06-30,1682,10406,-8724,229,1444,-1215,0,13,-13,1911,11863,-9952
2008-07-01,210,8176,-7966,0,1532,-1532,0,13,-13,210,9721,-9511
2008-07-02,207,8741,-8534,262,1508,-1246,0,13,-13,469,10262,-9793
2008-07-03,1495,8668,-7173,236,1424,-1188,0,13,-13,1731,10105,-8374
2008-07-04,265,8488,-8223,0,1828,-1828,0,13,-13,265,10329,-10064
2008-07-07,374,7581,-7207,0,1377,-1377,0,13,-13,374,8971,-8597
2008-07-08,755,8744,-7989,0,1806,-1806,0,13,-13,755,10563,-9808
2008-07-09,965,8391,-7426,0,1726,-1726,0,13,-13,965,10130,-9165
2008-07-10,466,8515,-8049,0,1495,-1495,0,13,-13,466,10023,-9557
2008-07-11,911,7872,-6961,243,1502,-1259,0,13,-13,1154,9387,-8233
2008-07-14,643,9363,-8720,0,1878,-1878,0,13,-13,643,11254,-10611
2008-07-15,788,8216,-7428,0,1785,-1785,0,13,-13,788,10014,-9226
2008-07-16,499,7160,-6661,106,848,-742,0,3,-3,605,8011,-7406
2008-07-17,1228,3185,-1957,248,651,-403,0,3,-3,1476,3839,-2363
2008-07-18,1271,3726,-2455,248,876,-628,0,53,-53,1519,4655,-3136
2008-07-21,1481,2134,-653,514,804,-290,0,3,-3,1995,2941,-946
2008-07-22,1299,2559,-1260,514,1165,-651,0,113,-113,1813,3837,-2024
2008-07-23,2033,1851,182,514,973,-459,0,3,-3,2547,2827,-280
2008-07-24,1950,1626,324,514,862,-348,0,131,-131,2464,2619,-155
2008-07-25,1418,1792,-374,514,1126,-612,0,3,-3,1932,2921,-989
2008-07-29,1343,3410,-2067,514,1194,-680,0,180,-180,1857,4784,-2927
2008-07-30,1709,3939,-2230,514,1210,-696,0,3,-3,2223,5152,-2929
2008-07-31,2011,5521,-3510,209,977,-768,0,3,-3,2220,6501,-4281
2008-08-01,1677,5527,-3850,0,845,-845,0,118,-118,1677,6490,-4813
2008-08-04,1649,4596,-2947,0,412,-412,0,3,-3,1649,5011,-3362
2008-08-05,1034,4320,-3286,0,1084,-1084,0,203,-203,1034,5607,-4573
2008-08-06,1569,2596,-1027,0,823,-823,0,3,-3,1569,3422,-1853
2008-08-07,1352,2636,-1284,89,764,-675,0,151,-151,1441,3551,-2110
2008-08-08,2847,2526,321,318,975,-657,0,3,-3,3165,3504,-339
2008-08-11,2940,2513,427,318,1228,-910,1,3,-2,3259,3744,-485
2008-08-12,2854,2877,-23,402,1173,-771,2,3,-1,3258,4053,-795
2008-08-13,2064,3170,-1106,269,1439,-1170,2,3,-1,2335,4612,-2277
2008-08-14,2637,3015,-378,0,1290,-1290,2,63,-61,2639,4368,-1729
2008-08-15,2415,4146,-1731,0,1703,-1703,2,3,-1,2417,5852,-3435
2008-08-18,1804,5826,-4022,0,1406,-1406,2,53,-51,1806,7285,-5479
2008-08-19,3566,6198,-2632,128,1185,-1057,2,3,-1,3696,7386,-3690
2008-08-20,1228,4732,-3504,80,1228,-1148,2,145,-143,1310,6105,-4795
2008-08-21,353,4453,-4100,11,182,-171,2,3,-1,366,4638,-4272
2008-08-22,1083,4793,-3710,195,641,-446,2,93,-91,1280,5527,-4247
2008-08-25,1567,4534,-2967,524,421,103,2,3,-1,2093,4958,-2865
2008-08-26,1344,4663,-3319,504,249,255,2,3,-1,1850,4915,-3065
2008-08-27,963,3194,-2231,557,0,557,2,3,-1,1522,3197,-1675
2008-08-28,514,4184,-3670,611,0,611,2,3,-1,1127,4187,-3060
2008-08-29,547,4091,-3544,370,324,46,2,3,-1,919,4418,-3499
2008-09-01,1214,5230,-4016,435,958,-523,2,3,-1,1651,6191,-4540
2008-09-02,1506,5872,-4366,453,560,-107,2,3,-1,1961,6435,-4474
2008-09-03,724,6549,-5825,449,982,-533,2,3,-1,1175,7534,-6359
2008-09-04,862,6490,-5628,457,1041,-584,1,3,-2,1320,7534,-6214
2008-09-05,1052,6183,-5131,437,347,90,0,3,-3,1489,6533,-5044
2008-09-08,2037,5294,-3257,485,495,-10,0,3,-3,2522,5792,-3270
2008-09-09,1172,6552,-5380,395,477,-82,0,3,-3,1567,7032,-5465
2008-09-10,1210,6693,-5483,318,355,-37,0,3,-3,1528,7051,-5523
2008-09-11,1470,7825,-6355,11,481,-470,0,3,-3,1481,8309,-6828
2008-09-12,2109,8071,-5962,11,375,-364,0,3,-3,2120,8449,-6329
2008-09-15,3047,7941,-4894,396,190,206,0,3,-3,3443,8134,-4691
2008-09-16,1737,9526,-7789,331,39,292,0,3,-3,2068,9568,-7500
2008-09-17,1131,10150,-9019,11,227,-216,0,3,-3,1142,10380,-9238
2008-09-18,1707,6735,-5028,11,119,-108,0,0,0,1718,6854,-5136
2008-09-19,3263,4638,-1375,11,175,-164,0,3,-3,3274,4816,-1542
2008-09-22,4034,4882,-848,11,175,-164,0,3,-3,4045,5060,-1015
2008-09-23,4498,5666,-1168,11,88,-77,0,3,-3,4509,5757,-1248
2008-09-24,4851,6177,-1326,11,200,-189,0,3,-3,4862,6380,-1518
2008-09-25,5388,7203,-1815,11,429,-418,0,3,-3,5399,7635,-2236
2008-09-26,6131,8342,-2211,11,883,-872,0,3,-3,6142,9228,-3086
2008-09-30,5009,7854,-2845,11,883,-872,0,3,-3,5020,8740,-3720
2008-10-01,5259,8042,-2783,11,483,-472,0,3,-3,5270,8528,-3258
2008-10-02,5513,8792,-3279,11,856,-845,0,3,-3,5524,9651,-4127
2008-10-03,6866,10326,-3460,11,498,-487,0,3,-3,6877,10827,-3950
2008-10-06,7329,10563,-3234,11,1031,-1020,0,3,-3,7340,11597,-4257
2008-10-07,7485,10007,-2522,11,1002,-991,0,3,-3,7496,11012,-3516
2008-10-08,7097,10490,-3393,11,821,-810,0,3,-3,7108,11314,-4206
2008-10-09,6873,9892,-3019,11,1004,-993,0,3,-3,6884,10899,-4015
2008-10-13,10385,13172,-2787,11,901,-890,0,3,-3,10396,14076,-3680
2008-10-14,14774,13873,901,11,1043,-1032,0,6,-6,14785,14922,-137
2008-10-15,7626,7174,452,11,930,-919,0,3,-3,7637,8107,-470
2008-10-16,1123,6141,-5018,11,158,-147,0,3,-3,1134,6302,-5168
2008-10-17,2053,9485,-7432,11,322,-311,0,3,-3,2064,9810,-7746
2008-10-20,2910,9106,-6196,11,149,-138,0,3,-3,2921,9258,-6337
2008-10-21,3188,8102,-4914,11,459,-448,0,3,-3,3199,8564,-5365
2008-10-22,3493,9278,-5785,11,469,-458,0,3,-3,3504,9750,-6246
2008-10-23,3906,10603,-6697,11,558,-547,0,3,-3,3917,11164,-7247
2008-10-24,5098,12193,-7095,11,638,-627,0,3,-3,5109,12834,-7725
2008-10-27,5175,12029,-6854,11,632,-621,0,3,-3,5186,12664,-7478
2008-10-28,4891,9742,-4851,11,555,-544,0,3,-3,4902,10300,-5398
2008-10-29,4932,7842,-2910,11,902,-891,0,3,-3,4943,8747,-3804
2008-10-30,5082,5368,-286,11,492,-481,0,3,-3,5093,5863,-770
2008-10-31,5169,6059,-890,11,774,-763,0,3,-3,5180,6836,-1656
2008-11-03,1076,3828,-2752,11,1765,-1754,0,3,-3,1087,5596,-4509
2008-11-04,1219,4891,-3672,11,2015,-2004,0,3,-3,1230,6909,-5679
2008-11-05,1077,4900,-3823,11,2066,-2055,0,0,0,1088,6966,-5878
2008-11-06,986,5179,-4193,11,1903,-1892,0,0,0,997,7082,-6085
2008-11-07,1761,4446,-2685,11,1782,-1771,0,0,0,1772,6228,-4456
2008-11-10,1881,4842,-2961,11,1782,-1771,0,0,0,1892,6624,-4732
2008-11-11,1922,4413,-2491,12,1746,-1734,0,0,0,1934,6159,-4225
2008-11-12,1426,4114,-2688,11,1667,-1656,0,0,0,1437,5781,-4344
2008-11-13,1792,4261,-2469,11,1923,-1912,0,0,0,1803,6184,-4381
2008-11-14,2042,5310,-3268,10,2147,-2137,0,0,0,2052,7457,-5405
2008-11-17,1390,4808,-3418,10,1933,-1923,0,0,0,1400,6741,-5341
2008-11-18,1398,6015,-4617,10,2589,-2579,0,0,0,1408,8604,-7196
2008-11-19,1046,6740,-5694,65,1094,-1029,0,0,0,1111,7834,-6723
2008-11-20,1523,5055,-3532,10,479,-469,0,0,0,1533,5534,-4001
2008-11-21,1671,5449,-3778,10,304,-294,0,0,0,1681,5753,-4072
2008-11-24,1514,4177,-2663,10,497,-487,0,0,0,1524,4674,-3150
2008-11-25,1567,3276,-1709,10,651,-641,0,0,0,1577,3927,-2350
2008-11-26,1835,3012,-1177,10,425,-415,0,0,0,1845,3437,-1592
2008-11-27,2387,2207,180,10,155,-145,0,0,0,2397,2362,35
2008-11-28,3383,2247,1136,10,314,-304,0,0,0,3393,2561,832
2008-12-01,2458,1403,1055,10,77,-67,0,92,-92,2468,1572,896
2008-12-02,1796,1364,432,10,1063,-1053,0,92,-92,1806,2519,-713
2008-12-03,1902,1146,756,10,1282,-1272,0,92,-92,1912,2520,-608
2008-12-04,1893,1297,596,10,1202,-1192,1,92,-91,1904,2591,-687
2008-12-05,2203,1286,917,10,1170,-1160,1,92,-91,2214,2548,-334
2008-12-08,4103,1262,2841,10,544,-534,0,92,-92,4113,1898,2215
2008-12-09,3540,1496,2044,10,1369,-1359,0,0,0,3550,2865,685
2008-12-10,3103,1724,1379,10,828,-818,0,0,0,3113,2552,561
2008-12-11,2908,1723,1185,10,1803,-1793,0,0,0,2918,3526,-608
2008-12-12,3269,2216,1053,10,1550,-1540,1,0,1,3280,3766,-486
2008-12-15,3067,2085,982,10,1691,-1681,1,0,1,3078,3776,-698
2008-12-16,2791,2372,419,10,1426,-1416,0,0,0,2801,3798,-997
2008-12-17,3646,1826,1820,10,2575,-2565,0,0,0,3656,4401,-745
2008-12-18,2247,1198,1049,10,1164,-1154,0,0,0,2257,2362,-105
2008-12-19,2188,1150,1038,10,764,-754,0,0,0,2198,1914,284
2008-12-22,2131,2793,-662,10,1722,-1712,0,92,-92,2141,4607,-2466
2008-12-23,2147,3681,-1534,10,1393,-1383,0,92,-92,2157,5166,-3009
2008-12-24,2320,2740,-420,10,933,-923,0,92,-92,2330,3765,-1435
2008-12-25,2412,1945,467,10,995,-985,0,92,-92,2422,3032,-610
2008-12-26,2506,1974,532,10,1604,-1594,0,92,-92,2516,3670,-1154
2008-12-29,2659,1913,746,10,1254,-1244,0,92,-92,2669,3259,-590
2008-12-30,2585,2012,573,10,916,-906,0,92,-92,2595,3020,-425
2008-12-31,1727,2388,-661,10,1844,-1834,0,0,0,1737,4232,-2495
2009-01-05,1609,1627,-18,10,1630,-1620,0,0,0,1619,3257,-1638
2009-01-06,1920,1315,605,10,1662,-1652,0,0,0,1930,2977,-1047
2009-01-07,2039,1053,986,10,1660,-1650,0,0,0,2049,2713,-664
2009-01-08,1995,1559,436,10,2256,-2246,0,0,0,2005,3815,-1810
2009-01-09,2543,1695,848,10,1860,-1850,0,0,0,2553,3555,-1002
2009-01-10,2507,1915,592,10,1860,-1850,0,0,0,2517,3775,-1258
2009-01-12,2649,2018,631,10,1550,-1540,0,0,0,2659,3568,-909
2009-01-13,2930,1904,1026,10,983,-973,0,0,0,2940,2887,53
2009-01-14,3022,2143,879,11,1764,-1753,0,0,0,3033,3907,-874
2009-01-15,3153,3116,37,11,1286,-1275,2,0,2,3166,4402,-1236
2009-01-16,3469,2915,554,11,1325,-1314,2,0,2,3482,4240,-758
2009-01-17,3456,2958,498,11,1325,-1314,2,0,2,3469,4283,-814
2009-01-19,3541,3656,-115,11,1956,-1945,2,0,2,3554,5612,-2058
2009-01-20,1915,4946,-3031,11,1430,-1419,2,0,2,1928,6376,-4448
2009-01-21,728,5287,-4559,259,77,182,0,0,0,987,5364,-4377
2009-02-02,1059,5561,-4502,1040,2,1038,0,0,0,2099,5563,-3464
2009-02-03,1375,5416,-4041,1238,2,1236,0,0,0,2613,5418,-2805
2009-02-04,1978,5321,-3343,988,90,898,0,0,0,2966,5411,-2445
2009-02-05,1793,5790,-3997,408,2,406,0,0,0,2201,5792,-3591
2009-02-06,1779,5888,-4109,468,2,466,0,0,0,2247,5890,-3643
2009-02-09,1732,5913,-4181,67,529,-462,0,0,0,1799,6442,-4643
2009-02-10,2453,5938,-3485,67,145,-78,0,0,0,2520,6083,-3563
2009-02-11,2661,5947,-3286,1136,2,1134,0,0,0,3797,5949,-2152
2009-02-12,2336,5747,-3411,11,109,-98,0,0,0,2347,5856,-3509
2009-02-13,2393,5183,-2790,1044,2,1042,0,0,0,3437,5185,-1748
2009-02-16,2678,4908,-2230,11,120,-109,0,0,0,2689,5028,-2339
2009-02-17,2153,4864,-2711,35,959,-924,0,0,0,2188,5823,-3635
2009-02-18,1417,390,1027,1004,0,1004,0,0,0,2421,390,2031
2009-02-19,1986,486,1500,1186,0,1186,0,0,0,3172,486,2686
2009-02-20,1649,820,829,311,0,311,0,0,0,1960,820,1140
2009-02-23,2239,835,1404,1472,0,1472,0,0,0,3711,835,2876
2009-02-24,2276,1029,1247,823,0,823,0,0,0,3099,1029,2070
2009-02-25,2424,885,1539,1137,0,1137,0,0,0,3561,885,2676
2009-02-26,1689,1535,154,980,0,980,0,0,0,2669,1535,1134
2009-02-27,2262,1165,1097,1609,0,1609,0,0,0,3871,1165,2706
2009-03-02,1726,2980,-1254,403,0,403,0,0,0,2129,2980,-851
2009-03-03,2045,2695,-650,1303,0,1303,0,0,0,3348,2695,653
2009-03-04,2792,2226,566,1961,0,1961,0,0,0,4753,2226,2527
2009-03-05,2812,1592,1220,1395,0,1395,0,0,0,4207,1592,2615
2009-03-06,3217,1340,1877,2066,0,2066,0,0,0,5283,1340,3943
2009-03-09,3057,1962,1095,807,0,807,0,0,0,3864,1962,1902
2009-03-10,3262,2497,765,639,0,639,0,0,0,3901,2497,1404
2009-03-11,3181,2519,662,923,0,923,0,0,0,4104,2519,1585
2009-03-12,2923,2838,85,1440,0,1440,0,0,0,4363,2838,1525
2009-03-13,3057,2726,331,2177,0,2177,0,0,0,5234,2726,2508
2009-03-16,3407,3099,308,1188,0,1188,0,0,0,4595,3099,1496
2009-03-17,3209,3464,-255,1746,0,1746,0,0,0,4955,3464,1491
2009-03-18,2431,216,2215,70,1065,-995,0,0,0,2501,1281,1220
2009-03-19,2769,942,1827,144,846,-702,0,0,0,2913,1788,1125
2009-03-20,2595,2631,-36,148,1062,-914,0,5,-5,2743,3698,-955
2009-03-23,2508,2309,199,355,694,-339,0,9,-9,2863,3012,-149
2009-03-24,2485,1577,908,40,1450,-1410,0,17,-17,2525,3044,-519
2009-03-25,2254,2307,-53,9,842,-833,0,17,-17,2263,3166,-903
2009-03-26,2216,2534,-318,8,1418,-1410,0,1,-1,2224,3953,-1729
2009-03-27,2142,3081,-939,8,1420,-1412,0,11,-11,2150,4512,-2362
2009-03-30,1872,4692,-2820,8,1734,-1726,0,10,-10,1880,6436,-4556
2009-03-31,1776,4967,-3191,8,727,-719,0,17,-17,1784,5711,-3927
2009-04-01,1988,4641,-2653,8,288,-280,0,3,-3,1996,4932,-2936
2009-04-02,2193,3319,-1126,8,424,-416,23,0,23,2224,3743,-1519
2009-04-03,2124,2751,-627,8,1275,-1267,23,0,23,2155,4026,-1871
2009-04-06,2299,2682,-383,8,1792,-1784,0,5,-5,2307,4479,-2172
2009-04-07,2389,2556,-167,8,1116,-1108,1,0,1,2398,3672,-1274
2009-04-08,2375,3615,-1240,0,1989,-1989,0,24,-24,2375,5628,-3253
2009-04-09,2495,2768,-273,0,1060,-1060,20,0,20,2515,3828,-1313
2009-04-10,2602,3342,-740,0,1416,-1416,47,0,47,2649,4758,-2109
2009-04-13,2641,2703,-62,0,2261,-2261,47,0,47,2688,4964,-2276
2009-04-14,3609,3214,395,0,2205,-2205,0,0,0,3609,5419,-1810
2009-04-15,2705,423,2282,527,144,383,0,0,0,3232,567,2665
2009-04-16,1942,992,950,578,194,384,0,4,-4,2520,1190,1330
2009-04-17,2020,1117,903,631,991,-360,0,37,-37,2651,2145,506
2009-04-20,1631,1292,339,1548,1061,487,0,0,0,3179,2353,826
2009-04-21,1565,2157,-592,1543,702,841,0,0,0,3108,2859,249
2009-04-22,1666,1495,171,556,619,-63,0,0,0,2222,2114,108
2009-04-23,1915,1363,552,447,420,27,0,0,0,2362,1783,579
2009-04-24,1988,1910,78,447,586,-139,0,0,0,2435,2496,-61
2009-04-27,2101,3362,-1261,766,964,-198,19,0,19,2886,4326,-1440
2009-04-28,2160,4403,-2243,1077,1022,55,0,3,-3,3237,5428,-2191
2009-04-29,2322,4887,-2565,1222,1086,136,0,1,-1,3544,5974,-2430
2009-04-30,6695,2988,3707,1232,1136,96,0,1,-1,7927,4125,3802
2009-05-04,7165,2353,4812,1232,1411,-179,0,1,-1,8397,3765,4632
2009-05-05,5325,3915,1410,834,1431,-597,0,0,0,6159,5346,813
2009-05-06,5475,3976,1499,854,899,-45,0,0,0,6329,4875,1454
2009-05-07,5089,3639,1450,740,922,-182,0,0,0,5829,4561,1268
2009-05-08,4947,4916,31,740,864,-124,0,0,0,5687,5780,-93
2009-05-11,5868,5227,641,740,871,-131,0,0,0,6608,6098,510
2009-05-12,4482,5916,-1434,740,1129,-389,0,0,0,5222,7045,-1823
2009-05-13,5378,6762,-1384,740,1065,-325,0,0,0,6118,7827,-1709
2009-05-14,5340,7979,-2639,740,1162,-422,0,0,0,6080,9141,-3061
2009-05-15,5971,6587,-616,826,1073,-247,0,0,0,6797,7660,-863
2009-05-18,5623,6096,-473,999,1083,-84,0,0,0,6622,7179,-557
2009-05-19,5433,6547,-1114,619,1211,-592,0,0,0,6052,7758,-1706
2009-05-20,1321,2347,-1026,366,90,276,0,0,0,1687,2437,-750
2009-05-21,933,2080,-1147,394,232,162,0,0,0,1327,2312,-985
2009-05-22,1574,2239,-665,451,216,235,0,0,0,2025,2455,-430
2009-05-25,1656,2332,-676,0,491,-491,0,2,-2,1656,2825,-1169
2009-05-26,1530,3121,-1591,0,782,-782,0,0,0,1530,3903,-2373
2009-05-27,1671,2376,-705,364,20,344,16,0,16,2051,2396,-345
2009-06-01,1896,3444,-1548,116,377,-261,16,0,16,2028,3821,-1793
2009-06-02,2836,3531,-695,137,577,-440,16,17,-1,2989,4125,-1136
2009-06-03,2916,3940,-1024,49,39,10,16,17,-1,2981,3996,-1015
2009-06-04,3438,5672,-2234,30,772,-742,16,12,4,3484,6456,-2972
2009-06-05,3776,5815,-2039,39,771,-732,16,0,16,3831,6586,-2755
2009-06-06,4013,4794,-781,47,771,-724,16,0,16,4076,5565,-1489
2009-06-08,4282,7049,-2767,86,1022,-936,16,0,16,4384,8071,-3687
2009-06-09,5204,7592,-2388,105,854,-749,0,0,0,5309,8446,-3137
2009-06-10,5853,6300,-447,86,421,-335,0,0,0,5939,6721,-782
2009-06-11,6190,4579,1611,200,530,-330,0,0,0,6390,5109,1281
2009-06-12,6712,4885,1827,290,1031,-741,0,0,0,7002,5916,1086
2009-06-15,9451,5922,3529,431,961,-530,0,0,0,9882,6883,2999
2009-06-16,8592,5507,3085,369,507,-138,0,0,0,8961,6014,2947
2009-06-17,770,6885,-6115,105,214,-109,0,0,0,875,7099,-6224
2009-06-18,1291,6804,-5513,163,589,-426,0,0,0,1454,7393,-5939
2009-06-19,1991,5076,-3085,161,760,-599,0,0,0,2152,5836,-3684
2009-06-22,2660,3729,-1069,642,931,-289,0,0,0,3302,4660,-1358
2009-06-23,1991,4785,-2794,692,904,-212,0,0,0,2683,5689,-3006
2009-06-24,2735,4264,-1529,1537,1032,505,0,0,0,4272,5296,-1024
2009-06-25,3926,3334,592,1326,1032,294,0,0,0,5252,4366,886
2009-06-26,4532,3222,1310,1259,1020,239,0,0,0,5791,4242,1549
2009-06-29,4691,2944,1747,958,981,-23,0,0,0,5649,3925,1724
2009-06-30,3191,2789,402,658,604,54,0,0,0,3849,3393,456
2009-07-01,4833,3009,1824,856,0,856,0,0,0,5689,3009,2680
2009-07-02,5409,3058,2351,768,130,638,0,0,0,6177,3188,2989
2009-07-03,4757,3010,1747,839,801,38,0,0,0,5596,3811,1785
2009-07-06,4888,2968,1920,811,1102,-291,0,0,0,5699,4070,1629
2009-07-07,4503,2535,1968,784,738,46,0,3,-3,5287,3276,2011
2009-07-08,2871,2331,540,558,723,-165,0,3,-3,3429,3057,372
2009-07-09,3012,2489,523,471,272,199,0,3,-3,3483,2764,719
2009-07-10,3832,2092,1740,474,790,-316,0,3,-3,4306,2885,1421
2009-07-13,2273,3235,-962,154,925,-771,0,3,-3,2427,4163,-1736
2009-07-14,5542,3873,1669,152,411,-259,0,3,-3,5694,4287,1407
2009-07-15,2609,1229,1380,324,28,296,0,0,0,2933,1257,1676
2009-07-16,2396,1381,1015,505,0,505,0,0,0,2901,1381,1520
2009-07-17,2661,1945,716,640,0,640,0,0,0,3301,1945,1356
2009-07-20,2831,1792,1039,183,252,-69,0,0,0,3014,2044,970
2009-07-21,2816,1865,951,204,387,-183,0,0,0,3020,2252,768
2009-07-22,2394,2129,265,357,0,357,0,0,0,2751,2129,622
2009-07-23,2568,2189,379,336,6,330,0,0,0,2904,2195,709
2009-07-24,1607,2270,-663,243,520,-277,0,0,0,1850,2790,-940
2009-07-27,2016,2295,-279,200,69,131,0,0,0,2216,2364,-148
2009-07-28,2178,1740,438,700,0,700,0,0,0,2878,1740,1138
2009-07-29,1913,2075,-162,103,315,-212,0,0,0,2016,2390,-374
2009-07-30,2171,2912,-741,497,652,-155,0,0,0,2668,3564,-896
2009-07-31,2453,2945,-492,1012,518,494,0,0,0,3465,3463,2
2009-08-03,2470,3059,-589,498,744,-246,0,0,0,2968,3803,-835
2009-08-04,2526,2431,95,315,914,-599,0,0,0,2841,3345,-504
2009-08-05,2607,2582,25,531,477,54,0,0,0,3138,3059,79
2009-08-06,3636,2384,1252,787,526,261,0,0,0,4423,2910,1513
2009-08-10,4813,2596,2217,998,797,201,0,0,0,5811,3393,2418
2009-08-11,5124,2898,2226,1549,604,945,0,0,0,6673,3502,3171
2009-08-12,4357,2859,1498,1567,722,845,0,0,0,5924,3581,2343
2009-08-13,4408,2220,2188,2138,376,1762,0,0,0,6546,2596,3950
2009-08-14,3987,1868,2119,1982,257,1725,0,0,0,5969,2125,3844
2009-08-17,3377,1665,1712,1446,1022,424,0,0,0,4823,2687,2136
2009-08-18,3525,1834,1691,588,1069,-481,0,0,0,4113,2903,1210
2009-08-19,942,1389,-447,40,437,-397,0,0,0,982,1826,-844
2009-08-20,1215,1287,-72,40,609,-569,0,0,0,1255,1896,-641
2009-08-21,1654,1354,300,67,1531,-1464,0,0,0,1721,2885,-1164
2009-08-24,2979,1163,1816,169,449,-280,0,0,0,3148,1612,1536
2009-08-25,2233,1742,491,256,495,-239,0,0,0,2489,2237,252
2009-08-26,2182,1301,881,170,702,-532,0,0,0,2352,2003,349
2009-08-27,1658,1816,-158,104,735,-631,0,0,0,1762,2551,-789
2009-08-28,2286,2007,279,208,357,-149,0,0,0,2494,2364,130
2009-08-31,2141,2864,-723,170,1273,-1103,0,10,-10,2311,4147,-1836
2009-09-01,3177,2639,538,146,217,-71,0,0,0,3323,2856,467
2009-09-02,2423,712,1711,206,425,-219,0,11,-11,2629,1148,1481
2009-09-03,1757,692,1065,191,410,-219,0,11,-11,1948,1113,835
2009-09-04,2741,856,1885,317,563,-246,0,4,-4,3058,1423,1635
2009-09-07,2861,853,2008,566,1273,-707,0,4,-4,3427,2130,1297
2009-09-08,2480,1948,532,631,1273,-642,0,0,0,3111,3221,-110
2009-09-09,2423,2932,-509,731,1023,-292,0,0,0,3154,3955,-801
2009-09-10,2910,3622,-712,688,751,-63,0,0,0,3598,4373,-775
2009-09-11,2773,3785,-1012,422,974,-552,0,0,0,3195,4759,-1564
2009-09-14,2111,3084,-973,369,987,-618,0,0,0,2480,4071,-1591
2009-09-15,2615,2967,-352,415,747,-332,0,0,0,3030,3714,-684
2009-09-16,1316,608,708,598,187,411,0,0,0,1914,795,1119
2009-09-17,1563,1204,359,346,103,243,0,0,0,1909,1307,602
2009-09-18,1587,855,732,919,83,836,0,2,-2,2506,940,1566
2009-09-21,1756,845,911,456,77,379,0,2,-2,2212,924,1288
2009-09-22,1755,1421,334,464,117,347,0,2,-2,2219,1540,679
2009-09-23,2086,1975,111,207,355,-148,0,3,-3,2293,2333,-40
2009-09-24,2591,2045,546,185,219,-34,0,3,-3,2776,2267,509
2009-09-25,2105,1985,120,399,54,345,0,3,-3,2504,2042,462
2009-09-28,2480,1983,497,258,97,161,0,3,-3,2738,2083,655
2009-09-29,3241,2511,730,662,281,381,0,3,-3,3903,2795,1108
2009-09-30,3711,2197,1514,1138,340,798,0,3,-3,4849,2540,2309
2009-10-01,4496,2284,2212,868,311,557,0,3,-3,5364,2598,2766
2009-10-02,3838,3001,837,241,333,-92,0,3,-3,4079,3337,742
2009-10-05,3989,2435,1554,510,302,208,0,3,-3,4499,2740,1759
2009-10-06,4570,1286,3284,644,291,353,0,3,-3,5214,1580,3634
2009-10-07,4002,1034,2968,215,297,-82,0,3,-3,4217,1334,2883
2009-10-08,3708,1745,1963,46,458,-412,0,3,-3,3754,2206,1548
2009-10-09,4136,929,3207,572,404,168,0,3,-3,4708,1336,3372
2009-10-12,4776,941,3835,213,501,-288,0,3,-3,4989,1445,3544
2009-10-13,4211,1186,3025,568,475,93,0,3,-3,4779,1664,3115
2009-10-14,6394,1532,4862,923,361,562,0,3,-3,7317,1896,5421
2009-10-15,5146,1926,3220,641,351,290,0,3,-3,5787,2280,3507
2009-10-16,4880,1866,3014,987,337,650,0,3,-3,5867,2206,3661
2009-10-19,5006,1269,3737,1827,409,1418,0,14,-14,6833,1692,5141
2009-10-20,4233,974,3259,976,313,663,0,14,-14,5209,1301,3908
2009-10-21,1274,1257,17,420,424,-4,0,14,-14,1694,1695,-1
2009-10-22,1924,2642,-718,41,776,-735,0,14,-14,1965,3432,-1467
2009-10-23,2323,1656,667,122,371,-249,0,14,-14,2445,2041,404
2009-10-26,2385,1006,1379,454,152,302,0,14,-14,2839,1172,1667
2009-10-27,2485,2028,457,123,126,-3,0,14,-14,2608,2168,440
2009-10-28,3017,2773,244,36,1036,-1000,0,14,-14,3053,3823,-770
2009-10-29,3540,3694,-154,102,1476,-1374,0,14,-14,3642,5184,-1542
2009-10-30,3843,2967,876,78,1647,-1569,0,14,-14,3921,4628,-707
2009-11-02,3902,3625,277,140,612,-472,0,14,-14,4042,4251,-209
2009-11-03,4453,4262,191,184,1268,-1084,0,14,-14,4637,5544,-907
2009-11-04,4226,3233,993,212,1424,-1212,0,14,-14,4438,4671,-233
2009-11-05,4411,3717,694,289,1672,-1383,0,14,-14,4700,5403,-703
2009-11-06,4909,3764,1145,327,1887,-1560,0,14,-14,5236,5665,-429
2009-11-09,5839,4100,1739,278,1777,-1499,0,14,-14,6117,5891,226
2009-11-10,6828,3830,2998,309,1966,-1657,0,14,-14,7137,5810,1327
2009-11-11,5289,4079,1210,315,1198,-883,0,14,-14,5604,5291,313
2009-11-12,5251,3846,1405,164,1187,-1023,0,14,-14,5415,5047,368
2009-11-13,5751,4613,1138,158,1271,-1113,0,14,-14,5909,5898,11
2009-11-16,5386,3462,1924,228,875,-647,0,14,-14,5614,4351,1263
2009-11-17,4614,3410,1204,236,1591,-1355,0,3,-3,4850,5004,-154
2009-11-18,2255,556,1699,354,34,320,0,2,-2,2609,592,2017
2009-11-19,2396,1416,980,622,123,499,0,2,-2,3018,1541,1477
2009-11-20,2467,1557,910,253,29,224,0,2,-2,2720,1588,1132
2009-11-23,2497,2460,37,353,66,287,0,2,-2,2850,2528,322
2009-11-24,2527,2697,-170,189,257,-68,0,2,-2,2716,2956,-240
2009-11-25,2575,2384,191,361,52,309,0,2,-2,2936,2438,498
2009-11-26,2461,2122,339,225,294,-69,0,2,-2,2686,2418,268
2009-11-27,2773,3487,-714,184,1396,-1212,0,3,-3,2957,4886,-1929
2009-11-30,2686,3113,-427,162,1433,-1271,0,3,-3,2848,4549,-1701
2009-12-01,2679,2502,177,181,565,-384,0,3,-3,2860,3070,-210
2009-12-02,2789,2758,31,178,1015,-837,0,0,0,2967,3773,-806
2009-12-03,2639,2637,2,162,1467,-1305,0,0,0,2801,4104,-1303
2009-12-04,2646,3742,-1096,160,1212,-1052,0,0,0,2806,4954,-2148
2009-12-07,2745,2756,-11,191,717,-526,0,0,0,2936,3473,-537
2009-12-08,2992,3533,-541,175,1098,-923,0,0,0,3167,4631,-1464
2009-12-09,2837,3192,-355,313,773,-460,0,0,0,3150,3965,-815
2009-12-10,2513,5148,-2635,166,1313,-1147,0,0,0,2679,6461,-3782
2009-12-11,3959,3423,536,255,1233,-978,0,0,0,4214,4656,-442
2009-12-14,3134,3524,-390,203,1032,-829,0,0,0,3337,4556,-1219
2009-12-15,2833,3950,-1117,169,1532,-1363,0,0,0,3002,5482,-2480
2009-12-16,830,1130,-300,290,680,-390,0,0,0,1120,1810,-690
2009-12-17,1342,1052,290,177,674,-497,0,0,0,1519,1726,-207
2009-12-18,2052,1241,811,175,506,-331,0,0,0,2227,1747,480
2009-12-21,2060,1287,773,470,346,124,0,0,0,2530,1633,897
2009-12-22,2220,1447,773,922,307,615,0,0,0,3142,1754,1388
2009-12-23,2980,1553,1427,1379,236,1143,0,0,0,4359,1789,2570
2009-12-24,2716,1352,1364,1760,103,1657,0,0,0,4476,1455,3021
2009-12-25,2670,1430,1240,1633,75,1558,0,0,0,4303,1505,2798
2009-12-28,2460,1210,1250,713,173,540,0,0,0,3173,1383,1790
2009-12-29,2528,941,1587,641,156,485,0,0,0,3169,1097,2072
2009-12-30,2397,1091,1306,810,134,676,0,0,0,3207,1225,1982
2009-12-31,2412,880,1532,860,155,705,0,0,0,3272,1035,2237
2010-01-04,2275,943,1332,370,249,121,0,0,0,2645,1192,1453
2010-01-05,3797,959,2838,248,618,-370,0,0,0,4045,1577,2468
2010-01-06,5882,1185,4697,403,314,89,0,0,0,6285,1499,4786
2010-01-07,4465,1467,2998,248,1696,-1448,0,0,0,4713,3163,1550
2010-01-08,4733,1328,3405,168,2216,-2048,0,0,0,4901,3544,1357
2010-01-11,3990,1589,2401,162,2359,-2197,0,0,0,4152,3948,204
2010-01-12,4314,1917,2397,173,2776,-2603,0,0,0,4487,4693,-206
2010-01-13,4570,2929,1641,181,3039,-2858,0,0,0,4751,5968,-1217
2010-01-14,6085,2473,3612,200,2463,-2263,0,0,0,6285,4936,1349
2010-01-15,6654,2445,4209,208,1942,-1734,0,0,0,6862,4387,2475
2010-01-18,4889,2315,2574,584,2044,-1460,0,0,0,5473,4359,1114
2010-01-19,5443,4808,635,162,2915,-2753,0,0,0,5605,7723,-2118
2010-01-20,1925,2561,-636,510,663,-153,0,0,0,2435,3224,-789
2010-01-21,1848,5098,-3250,368,379,-11,0,0,0,2216,5477,-3261
2010-01-22,2562,4563,-2001,221,404,-183,0,0,0,2783,4967,-2184
2010-01-25,3109,4731,-1622,1056,454,602,0,0,0,4165,5185,-1020
2010-01-26,3580,3452,128,175,234,-59,0,0,0,3755,3686,69
2010-01-27,3409,2766,643,170,312,-142,0,0,0,3579,3078,501
2010-01-28,3574,2418,1156,1058,244,814,0,10,-10,4632,2672,1960
2010-01-29,3363,3149,214,630,211,419,0,20,-20,3993,3380,613
2010-02-01,3677,4082,-405,313,901,-588,0,20,-20,3990,5003,-1013
2010-02-02,5236,5572,-336,192,1360,-1168,0,20,-20,5428,6952,-1524
2010-02-03,5877,5776,101,230,132,98,0,20,-20,6107,5928,179
2010-02-04,5806,6483,-677,160,185,-25,0,20,-20,5966,6688,-722
2010-02-05,5077,7409,-2332,164,128,36,0,25,-25,5241,7562,-2321
2010-02-06,5330,6458,-1128,201,335,-134,0,25,-25,5531,6818,-1287
2010-02-08,6581,6320,261,302,281,21,0,25,-25,6883,6626,257
2010-02-09,4562,5304,-742,744,267,477,0,25,-25,5306,5596,-290
2010-02-10,3972,4395,-423,615,271,344,0,25,-25,4587,4691,-104
2010-02-22,354,2522,-2168,68,927,-859,0,25,-25,422,3474,-3052
2010-02-23,1627,2655,-1028,79,737,-658,0,25,-25,1706,3417,-1711
2010-02-24,635,4169,-3534,107,579,-472,0,25,-25,742,4773,-4031
2010-02-25,1507,3248,-1741,82,877,-795,0,25,-25,1589,4150,-2561
2010-02-26,1644,2905,-1261,112,923,-811,0,25,-25,1756,3853,-2097
2010-03-01,1272,1661,-389,162,400,-238,0,25,-25,1434,2086,-652
2010-03-02,1389,1820,-431,161,728,-567,0,25,-25,1550,2573,-1023
2010-03-03,1736,1421,315,135,618,-483,0,25,-25,1871,2064,-193
2010-03-04,2218,1454,764,149,840,-691,0,0,0,2367,2294,73
2010-03-05,2402,1191,1211,136,1117,-981,0,0,0,2538,2308,230
2010-03-08,2550,999,1551,118,1306,-1188,0,0,0,2668,2305,363
2010-03-09,2949,896,2053,108,1380,-1272,0,0,0,3057,2276,781
2010-03-10,2367,1075,1292,98,1083,-985,0,0,0,2465,2158,307
2010-03-11,2413,1415,998,91,1234,-1143,0,0,0,2504,2649,-145
2010-03-12,1945,1745,200,79,1074,-995,0,0,0,2024,2819,-795
2010-03-15,1902,3162,-1260,95,1060,-965,0,0,0,1997,4222,-2225
2010-03-16,2860,3756,-896,91,512,-421,0,0,0,2951,4268,-1317
2010-03-17,575,2498,-1923,462,76,386,0,0,0,1037,2574,-1537
2010-03-18,1334,1338,-4,583,840,-257,0,0,0,1917,2178,-261
2010-03-19,1326,1704,-378,716,866,-150,0,0,0,2042,2570,-528
2010-03-22,1847,1863,-16,602,1085,-483,0,0,0,2449,2948,-499
2010-03-23,1207,2299,-1092,276,1105,-829,0,0,0,1483,3404,-1921
2010-03-24,1357,3002,-1645,413,1104,-691,0,0,0,1770,4106,-2336
2010-03-25,1918,3261,-1343,543,1336,-793,0,0,0,2461,4597,-2136
2010-03-26,2074,2806,-732,574,1049,-475,0,0,0,2648,3855,-1207
2010-03-29,2202,2364,-162,553,655,-102,0,0,0,2755,3019,-264
2010-03-30,1763,2699,-936,182,693,-511,0,0,0,1945,3392,-1447
2010-03-31,1954,3776,-1822,436,736,-300,0,0,0,2390,4512,-2122
2010-04-01,3928,2743,1185,741,710,31,0,0,0,4669,3453,1216
2010-04-02,2393,2674,-281,277,902,-625,0,0,0,2670,3576,-906
2010-04-06,1386,2922,-1536,295,1022,-727,0,0,0,1681,3944,-2263
2010-04-07,1467,3430,-1963,313,1024,-711,0,0,0,1780,4454,-2674
2010-04-08,1473,4484,-3011,219,1625,-1406,0,0,0,1692,6109,-4417
2010-04-09,2317,4675,-2358,349,1205,-856,0,0,0,2666,5880,-3214
2010-04-12,1948,6098,-4150,257,1419,-1162,0,0,0,2205,7517,-5312
2010-04-13,1867,6260,-4393,307,1429,-1122,0,0,0,2174,7689,-5515
2010-04-14,1887,5081,-3194,418,848,-430,0,0,0,2305,5929,-3624
2010-04-15,1519,4704,-3185,373,970,-597,0,0,0,1892,5674,-3782
2010-04-16,1680,6182,-4502,538,1157,-619,0,0,0,2218,7339,-5121
2010-04-19,3474,8867,-5393,846,956,-110,0,0,0,4320,9823,-5503
2010-04-20,4408,5167,-759,1121,495,626,0,10,-10,5529,5672,-143
2010-04-21,397,2159,-1762,897,111,786,0,10,-10,1294,2280,-986
2010-04-22,403,2878,-2475,1657,68,1589,0,10,-10,2060,2956,-896
2010-04-23,772,2755,-1983,2198,324,1874,0,10,-10,2970,3089,-119
2010-04-26,1027,2245,-1218,1076,192,884,0,10,-10,2103,2447,-344
2010-04-27,1115,3639,-2524,743,351,392,0,10,-10,1858,4000,-2142
2010-04-28,1373,4710,-3337,1009,223,786,0,0,0,2382,4933,-2551
2010-04-29,2189,4969,-2780,1407,748,659,0,0,0,3596,5717,-2121
2010-04-30,2307,7437,-5130,595,762,-167,0,0,0,2902,8199,-5297
2010-05-03,2415,9771,-7356,903,876,27,0,0,0,3318,10647,-7329
2010-05-04,2765,10561,-7796,1283,1027,256,0,0,0,4048,11588,-7540
2010-05-05,2356,7981,-5625,2086,1014,1072,0,0,0,4442,8995,-4553
2010-05-06,1954,8436,-6482,2781,1177,1604,0,0,0,4735,9613,-4878
2010-05-07,3152,7426,-4274,2062,886,1176,0,0,0,5214,8312,-3098
2010-05-10,4557,7161,-2604,2647,1190,1457,0,0,0,7204,8351,-1147
2010-05-11,1752,8040,-6288,3640,1195,2445,0,0,0,5392,9235,-3843
2010-05-12,3495,9185,-5690,3850,1007,2843,0,0,0,7345,10192,-2847
2010-05-13,5963,8086,-2123,1600,709,891,0,0,0,7563,8795,-1232
2010-05-14,4540,8663,-4123,2137,1635,502,0,0,0,6677,10298,-3621
2010-05-17,5183,11293,-6110,1908,2516,-608,0,0,0,7091,13809,-6718
2010-05-18,4465,11797,-7332,1529,2474,-945,0,0,0,5994,14271,-8277
2010-05-19,1512,6481,-4969,2344,544,1800,0,0,0,3856,7025,-3169
2010-05-20,1879,8160,-6281,1630,634,996,0,0,0,3509,8794,-5285
2010-05-21,3809,8652,-4843,2725,254,2471,0,0,0,6534,8906,-2372
2010-05-24,2022,9392,-7370,3485,250,3235,0,0,0,5507,9642,-4135
2010-05-25,2029,10091,-8062,3391,522,2869,0,0,0,5420,10613,-5193
2010-05-26,2092,9775,-7683,3090,827,2263,0,0,0,5182,10602,-5420
2010-05-27,1963,9422,-7459,3295,404,2891,0,0,0,5258,9826,-4568
2010-05-28,2615,9276,-6661,4233,1244,2989,0,0,0,6848,10520,-3672
2010-05-31,3157,6717,-3560,4344,1531,2813,0,0,0,7501,8248,-747
2010-06-01,3517,7565,-4048,4418,1913,2505,0,0,0,7935,9478,-1543
2010-06-02,3217,8569,-5352,5143,679,4464,0,0,0,8360,9248,-888
2010-06-03,3681,6662,-2981,5439,856,4583,0,0,0,9120,7518,1602
2010-06-04,2639,6913,-4274,5282,447,4835,0,0,0,7921,7360,561
2010-06-07,2862,8418,-5556,6934,1497,5437,0,0,0,9796,9915,-119
2010-06-08,2626,8245,-5619,7047,1627,5420,0,0,0,9673,9872,-199
2010-06-09,3362,9219,-5857,7085,1905,5180,0,0,0,10447,11124,-677
2010-06-10,3155,7511,-4356,7319,1389,5930,0,0,0,10474,8900,1574
2010-06-11,3265,7650,-4385,7241,1297,5944,0,0,0,10506,8947,1559
2010-06-14,4045,7606,-3561,6953,1578,5375,0,0,0,10998,9184,1814
2010-06-15,4062,8262,-4200,7536,1624,5912,0,0,0,11598,9886,1712
2010-06-17,1381,5246,-3865,3768,62,3706,0,0,0,5149,5308,-159
2010-06-18,2129,6261,-4132,3734,222,3512,0,0,0,5863,6483,-620
2010-06-21,2088,6423,-4335,3684,614,3070,0,0,0,5772,7037,-1265
2010-06-22,1586,6394,-4808,3701,711,2990,0,0,0,5287,7105,-1818
2010-06-23,1315,7328,-6013,3839,800,3039,0,0,0,5154,8128,-2974
2010-06-24,1412,7305,-5893,4089,695,3394,0,0,0,5501,8000,-2499
2010-06-25,1411,8500,-7089,4096,1122,2974,0,0,0,5507,9622,-4115
2010-06-28,1478,8533,-7055,4372,727,3645,0,0,0,5850,9260,-3410
2010-06-29,1479,11220,-9741,4752,1474,3278,0,0,0,6231,12694,-6463
2010-06-30,1413,11056,-9643,4397,1389,3008,0,0,0,5810,12445,-6635
2010-07-01,1401,11417,-10016,4545,1567,2978,0,0,0,5946,12984,-7038
2010-07-02,1446,9280,-7834,4977,1515,3462,0,0,0,6423,10795,-4372
2010-07-05,2698,7678,-4980,4830,1025,3805,0,0,0,7528,8703,-1175
2010-07-06,4183,5022,-839,4494,1102,3392,0,0,0,8677,6124,2553
2010-07-07,4114,4917,-803,4180,1308,2872,0,0,0,8294,6225,2069
2010-07-08,4873,4797,76,4623,1881,2742,0,0,0,9496,6678,2818
2010-07-09,2523,4641,-2118,4919,1645,3274,0,0,0,7442,6286,1156
2010-07-12,2790,4579,-1789,5298,2329,2969,0,0,0,8088,6908,1180
2010-07-13,2449,4617,-2168,5381,1936,3445,0,0,0,7830,6553,1277
2010-07-14,2606,4124,-1518,5239,2694,2545,0,0,0,7845,6818,1027
2010-07-15,2668,4061,-1393,5529,3327,2202,0,0,0,8197,7388,809
2010-07-16,2649,4488,-1839,5932,3945,1987,0,0,0,8581,8433,148
2010-07-19,2297,4986,-2689,6483,4674,1809,0,0,0,8780,9660,-880
2010-07-20,2070,4540,-2470,6550,4434,2116,0,0,0,8620,8974,-354
2010-07-21,973,2421,-1448,2831,832,1999,0,0,0,3804,3253,551
2010-07-22,1099,3409,-2310,2524,348,2176,0,0,0,3623,3757,-134
2010-07-23,1243,2160,-917,3224,441,2783,0,0,0,4467,2601,1866
2010-07-26,1480,2333,-853,3172,739,2433,0,0,0,4652,3072,1580
2010-07-27,1392,3537,-2145,3236,873,2363,1,0,1,4629,4410,219
2010-07-28,2033,3016,-983,3107,113,2994,2,0,2,5142,3129,2013
2010-07-29,1587,4152,-2565,3418,353,3065,2,0,2,5007,4505,502
2010-07-30,2214,3113,-899,3173,768,2405,2,0,2,5389,3881,1508
2010-08-02,1984,3026,-1042,3550,321,3229,2,0,2,5536,3347,2189
2010-08-03,2171,3299,-1128,3319,953,2366,2,0,2,5492,4252,1240
2010-08-04,2264,3131,-867,3302,1027,2275,2,0,2,5568,4158,1410
2010-08-05,2378,3270,-892,3086,1343,1743,2,0,2,5466,4613,853
2010-08-06,2383,3398,-1015,3165,1456,1709,2,0,2,5550,4854,696
2010-08-09,3103,3019,84,3064,671,2393,2,0,2,6169,3690,2479
2010-08-10,2462,3651,-1189,3171,1845,1326,2,0,2,5635,5496,139
2010-08-11,2460,4561,-2101,3034,973,2061,2,0,2,5496,5534,-38
2010-08-12,2411,4458,-2047,2866,1236,1630,2,0,2,5279,5694,-415
2010-08-13,2727,3388,-661,3043,1191,1852,2,0,2,5772,4579,1193
2010-08-16,3187,2722,465,3139,957,2182,2,0,2,6328,3679,2649
2010-08-17,3842,2439,1403,3255,776,2479,2,0,2,7099,3215,3884
2010-08-18,742,1625,-883,1766,851,915,2,0,2,2510,2476,34
2010-08-19,1255,1678,-423,2140,720,1420,2,0,2,3397,2398,999
2010-08-20,1038,2188,-1150,2104,1151,953,1,0,1,3143,3339,-196
2010-08-23,1379,2301,-922,2286,1065,1221,1,0,1,3666,3366,300
2010-08-24,1029,4017,-2988,2014,1135,879,1,0,1,3044,5152,-2108
2010-08-25,1141,6529,-5388,1747,1503,244,1,0,1,2889,8032,-5143
2010-08-26,1301,7244,-5943,1847,2094,-247,1,0,1,3149,9338,-6189
2010-08-27,1296,6599,-5303,2185,1693,492,1,0,1,3482,8292,-4810
2010-08-30,1601,5798,-4197,2149,2030,119,1,0,1,3751,7828,-4077
2010-08-31,1431,8476,-7045,2128,1965,163,1,0,1,3560,10441,-6881
2010-09-01,2014,4890,-2876,2265,1832,433,1,15,-14,4280,6737,-2457
2010-09-02,2708,4876,-2168,2374,2038,336,1,15,-14,5083,6929,-1846
2010-09-03,3421,4268,-847,2778,1871,907,1,15,-14,6200,6154,46
2010-09-06,3476,4012,-536,2860,2124,736,1,15,-14,6337,6151,186
2010-09-07,3734,4057,-323,2872,1763,1109,1,15,-14,6607,5835,772
2010-09-08,2600,4311,-1711,3228,2627,601,1,15,-14,5829,6953,-1124
2010-09-09,1795,5303,-3508,3837,3233,604,1,15,-14,5633,8551,-2918
2010-09-10,2206,5272,-3066,3756,3355,401,1,15,-14,5963,8642,-2679
2010-09-13,2603,2352,251,3974,3195,779,1,15,-14,6578,5562,1016
2010-09-14,2749,2649,100,3808,3162,646,1,0,1,6558,5811,747
2010-09-15,1215,1498,-283,3559,177,3382,1,0,1,4775,1675,3100
2010-09-16,1020,3549,-2529,3331,1180,2151,1,0,1,4352,4729,-377
2010-09-17,1731,2950,-1219,4267,1423,2844,1,0,1,5999,4373,1626
2010-09-20,1729,3290,-1561,4192,1249,2943,1,0,1,5922,4539,1383
2010-09-21,1433,3674,-2241,4046,1755,2291,1,0,1,5480,5429,51
2010-09-23,1694,3620,-1926,4005,1709,2296,1,0,1,5700,5329,371
2010-09-24,1595,4783,-3188,3894,2673,1221,1,0,1,5490,7456,-1966
2010-09-27,1599,4579,-2980,4199,2720,1479,1,0,1,5799,7299,-1500
2010-09-28,1725,4255,-2530,4458,2054,2404,0,0,0,6183,6309,-126
2010-09-29,1589,4270,-2681,4486,2106,2380,0,0,0,6075,6376,-301
2010-09-30,1164,3862,-2698,4683,1775,2908,0,0,0,5847,5637,210
2010-10-01,1482,4248,-2766,4530,2166,2364,0,0,0,6012,6414,-402
2010-10-04,1555,3933,-2378,4049,2747,1302,0,0,0,5604,6680,-1076
2010-10-05,1450,4965,-3515,3917,2769,1148,0,0,0,5367,7734,-2367
2010-10-06,1610,3640,-2030,4428,2082,2346,0,0,0,6038,5722,316
2010-10-07,1556,3711,-2155,4308,1798,2510,0,0,0,5864,5509,355
2010-10-08,1723,5589,-3866,3489,2194,1295,0,0,0,5212,7783,-2571
2010-10-11,1943,7641,-5698,3367,2186,1181,0,0,0,5310,9827,-4517
2010-10-12,2369,9456,-7087,3255,2195,1060,0,0,0,5624,11651,-6027
2010-10-13,2848,9025,-6177,3794,2083,1711,0,0,0,6642,11108,-4466
2010-10-14,3187,7198,-4011,4805,2385,2420,0,0,0,7992,9583,-1591
2010-10-15,3359,7468,-4109,4497,2951,1546,0,0,0,7856,10419,-2563
2010-10-18,3031,10762,-7731,3998,3472,526,0,0,0,7029,14234,-7205
2010-10-19,3053,11480,-8427,4145,3183,962,0,0,0,7198,14663,-7465
2010-10-20,1946,3862,-1916,5007,266,4741,0,0,0,6953,4128,2825
2010-10-21,2101,5056,-2955,4640,524,4116,0,0,0,6741,5580,1161
2010-10-22,2819,5271,-2452,4997,513,4484,0,0,0,7816,5784,2032
2010-10-25,3592,5130,-1538,5002,169,4833,0,0,0,8594,5299,3295
2010-10-26,3956,5279,-1323,5037,266,4771,0,0,0,8993,5545,3448
2010-10-27,3442,5680,-2238,4544,636,3908,0,0,0,7986,6316,1670
2010-10-28,3257,5998,-2741,5015,238,4777,0,0,0,8272,6236,2036
2010-10-29,2770,6007,-3237,4412,589,3823,0,0,0,7182,6596,586
2010-11-01,3439,5129,-1690,4390,1118,3272,0,0,0,7829,6247,1582
2010-11-02,3192,5201,-2009,4100,1409,2691,0,0,0,7292,6610,682
2010-11-03,2092,5980,-3888,4048,1845,2203,0,0,0,6140,7825,-1685
2010-11-04,2538,5122,-2584,4595,1287,3308,0,0,0,7133,6409,724
2010-11-05,3765,5035,-1270,4386,1312,3074,0,0,0,8151,6347,1804
2010-11-08,3818,5553,-1735,4317,1384,2933,0,0,0,8135,6937,1198
2010-11-09,4420,5625,-1205,4898,1223,3675,0,0,0,9318,6848,2470
2010-11-10,3848,5982,-2134,4491,1287,3204,0,0,0,8339,7269,1070
2010-11-11,3188,6443,-3255,4621,1831,2790,0,0,0,7809,8274,-465
2010-11-12,2828,8029,-5201,4433,2095,2338,0,0,0,7261,10124,-2863
2010-11-15,3082,9073,-5991,5215,2435,2780,0,0,0,8297,11508,-3211
2010-11-16,2377,7328,-4951,6315,2305,4010,0,0,0,8692,9633,-941
2010-11-17,889,3290,-2401,3281,816,2465,0,0,0,4170,4106,64
2010-11-18,1991,3816,-1825,3235,1314,1921,0,0,0,5226,5130,96
2010-11-19,2280,4368,-2088,3899,1650,2249,0,0,0,6179,6018,161
2010-11-22,4270,3816,454,5423,1032,4391,0,0,0,9693,4848,4845
2010-11-23,3090,4781,-1691,5170,1424,3746,0,0,0,8260,6205,2055
2010-11-24,2706,5556,-2850,4851,1005,3846,0,0,0,7557,6561,996
2010-11-25,3317,4975,-1658,5161,1403,3758,0,0,0,8478,6378,2100
2010-11-26,1457,5167,-3710,5248,1389,3859,0,0,0,6705,6556,149
2010-11-29,2967,5183,-2216,4997,1143,3854,0,0,0,7964,6326,1638
2010-11-30,1685,5343,-3658,4905,769,4136,0,0,0,6590,6112,478
2010-12-01,4173,5392,-1219,5432,493,4939,0,0,0,9605,5885,3720
2010-12-02,4193,5354,-1161,4655,993,3662,0,0,0,8848,6347,2501
2010-12-03,4856,4954,-98,5058,735,4323,0,0,0,9914,5689,4225
2010-12-06,5545,4555,990,4811,855,3956,0,0,0,10356,5410,4946
2010-12-07,5366,4726,640,4321,960,3361,0,0,0,9687,5686,4001
2010-12-08,5844,4727,1117,4453,869,3584,0,0,0,10297,5596,4701
2010-12-09,6607,5106,1501,3539,1123,2416,0,0,0,10146,6229,3917
2010-12-10,6077,5565,512,3529,1424,2105,0,0,0,9606,6989,2617
2010-12-13,6190,5191,999,3920,1260,2660,0,0,0,10110,6451,3659
2010-12-14,6474,6202,272,3629,1084,2545,0,0,0,10103,7286,2817
2010-12-15,2785,4066,-1281,3620,825,2795,0,0,0,6405,4891,1514
2010-12-16,2485,4031,-1546,3290,1049,2241,0,0,0,5775,5080,695
2010-12-17,3231,4211,-980,3840,1293,2547,0,0,0,7071,5504,1567
2010-12-20,2370,4617,-2247,3063,1513,1550,0,0,0,5433,6130,-697
2010-12-21,3500,4128,-628,3598,946,2652,0,0,0,7098,5074,2024
2010-12-22,3406,4249,-843,4028,902,3126,0,0,0,7434,5151,2283
2010-12-23,4165,2700,1465,4675,789,3886,0,0,0,8840,3489,5351
2010-12-24,3309,3032,277,3657,1287,2370,0,0,0,6966,4319,2647
2010-12-27,3573,3317,256,3405,1452,1953,0,0,0,6978,4769,2209
2010-12-28,3425,3314,111,3411,1931,1480,0,0,0,6836,5245,1591
2010-12-29,3444,3673,-229,3803,2056,1747,0,0,0,7247,5729,1518
2010-12-30,3827,3269,558,3936,1921,2015,0,0,0,7763,5190,2573
2010-12-31,4220,3140,1080,4142,1610,2532,0,0,0,8362,4750,3612
2011-01-03,3881,2704,1177,3932,1815,2117,0,0,0,7813,4519,3294
2011-01-04,3492,2765,727,3320,1827,1493,0,0,0,6812,4592,2220
2011-01-05,2415,2982,-567,3112,2025,1087,0,0,0,5527,5007,520
2011-01-06,2491,2564,-73,3179,2077,1102,0,0,0,5670,4641,1029
2011-01-07,1883,3141,-1258,3256,2250,1006,0,0,0,5139,5391,-252
2011-01-10,2067,2463,-396,3323,2212,1111,0,0,0,5390,4675,715
2011-01-11,4631,1961,2670,4514,2057,2457,0,0,0,9145,4018,5127
2011-01-12,4433,2122,2311,4019,2300,1719,0,0,0,8452,4422,4030
2011-01-13,4765,2290,2475,3815,2327,1488,0,0,0,8580,4617,3963
2011-01-14,5002,2141,2861,3964,2567,1397,0,0,0,8966,4708,4258
2011-01-17,4837,2711,2126,3897,2979,918,0,0,0,8734,5690,3044
2011-01-18,6045,2069,3976,4834,2604,2230,0,0,0,10879,4673,6206
2011-01-19,3132,1437,1695,3253,742,2511,0,0,0,6385,2179,4206
2011-01-20,2509,2621,-112,2378,858,1520,0,0,0,4887,3479,1408
2011-01-21,2732,2909,-177,1580,1315,265,0,0,0,4312,4224,88
2011-01-24,2841,2804,37,1715,1369,346,0,0,0,4556,4173,383
2011-01-25,2764,2269,495,2266,1430,836,0,0,0,5030,3699,1331
2011-01-26,5192,1682,3510,3862,1452,2410,0,0,0,9054,3134,5920
2011-01-27,5601,1573,4028,3912,1409,2503,0,0,0,9513,2982,6531
2011-01-28,4937,1675,3262,3435,1525,1910,0,0,0,8372,3200,5172
2011-02-08,4466,2621,1845,3062,2187,875,0,0,0,7528,4808,2720
2011-02-09,4653,6625,-1972,2215,2671,-456,0,0,0,6868,9296,-2428
2011-02-10,4222,6392,-2170,1552,3008,-1456,0,0,0,5774,9400,-3626
2011-02-11,3625,1984,1641,1874,3635,-1761,0,21,-21,5499,5640,-141
2011-02-14,4929,2796,2133,2469,3438,-969,0,21,-21,7398,6255,1143
2011-02-15,4799,3964,835,3726,3540,186,0,26,-26,8525,7530,995
2011-02-16,965,2452,-1487,2664,1529,1135,0,26,-26,3629,4007,-378
2011-02-17,2199,2216,-17,3207,1425,1782,0,26,-26,5406,3667,1739
2011-02-18,4773,1446,3327,2980,1292,1688,0,17,-17,7753,2755,4998
2011-02-21,4117,1559,2558,2691,1951,740,0,17,-17,6808,3527,3281
2011-02-22,1980,3130,-1150,2490,1735,755,0,17,-17,4470,4882,-412
2011-02-23,1525,5616,-4091,2377,1816,561,0,17,-17,3902,7449,-3547
2011-02-24,1453,5149,-3696,3454,1877,1577,0,27,-27,4907,7053,-2146
2011-02-25,1909,6065,-4156,4273,2053,2220,0,27,-27,6182,8145,-1963
2011-03-01,1934,5305,-3371,4508,2084,2424,0,15,-15,6442,7404,-962
2011-03-02,1597,3959,-2362,3477,2254,1223,0,15,-15,5074,6228,-1154
2011-03-03,5212,3604,1608,3768,2325,1443,0,15,-15,8980,5944,3036
2011-03-04,5349,3493,1856,3622,2547,1075,0,9,-9,8971,6049,2922
2011-03-07,4330,4082,248,2997,2804,193,0,9,-9,7327,6895,432
2011-03-08,2772,3845,-1073,3152,3059,93,0,9,-9,5924,6913,-989
2011-03-09,2630,3782,-1152,3425,3267,158,0,9,-9,6055,7058,-1003
2011-03-10,1902,5254,-3352,3032,3655,-623,0,9,-9,4934,8918,-3984
2011-03-11,2301,5194,-2893,3449,4259,-810,0,9,-9,5750,9462,-3712
2011-03-14,5149,6800,-1651,4577,5085,-508,0,9,-9,9726,11894,-2168
2011-03-15,12233,16605,-4372,6940,4169,2771,0,9,-9,19173,20783,-1610
2011-03-16,406,4495,-4089,4487,2590,1897,0,9,-9,4893,7094,-2201
2011-03-17,797,5227,-4430,4904,3089,1815,0,9,-9,5701,8325,-2624
2011-03-18,2535,4903,-2368,5210,3200,2010,0,9,-9,7745,8112,-367
2011-03-21,1389,4127,-2738,5246,2659,2587,0,14,-14,6635,6800,-165
2011-03-22,1861,4095,-2234,5464,2380,3084,0,12,-12,7325,6487,838
2011-03-23,4049,4162,-113,5368,3184,2184,0,7,-7,9417,7353,2064
2011-03-24,5482,4116,1366,5342,2531,2811,0,7,-7,10824,6654,4170
2011-03-25,2521,3698,-1177,5036,2264,2772,9,0,9,7566,5962,1604
2011-03-28,2000,4623,-2623,4810,3591,1219,5,0,5,6815,8214,-1399
2011-03-29,2194,3928,-1734,4919,3602,1317,0,0,0,7113,7530,-417
2011-03-30,2287,3708,-1421,5018,3342,1676,0,0,0,7305,7050,255
2011-03-31,2778,3611,-833,5025,3389,1636,0,0,0,7803,7000,803
2011-04-01,3201,3207,-6,5287,2899,2388,1,0,1,8489,6106,2383
2011-04-06,3679,3553,126,5659,3277,2382,31,0,31,9369,6830,2539
2011-04-07,3855,3658,197,5644,4201,1443,31,0,31,9530,7859,1671
2011-04-08,3492,4241,-749,5417,4781,636,31,0,31,8940,9022,-82
2011-04-11,3300,4087,-787,5838,6037,-199,31,0,31,9169,10124,-955
2011-04-12,3062,5576,-2514,5920,7359,-1439,21,0,21,9003,12935,-3932
2011-04-13,3424,4528,-1104,5989,6996,-1007,21,0,21,9434,11524,-2090
2011-04-14,3715,5127,-1412,5931,7476,-1545,21,40,-19,9667,12643,-2976
2011-04-15,3738,5630,-1892,6431,7242,-811,21,40,-19,10190,12912,-2722
2011-04-18,3435,6200,-2765,7092,7068,24,14,40,-26,10541,13308,-2767
2011-04-19,3387,6299,-2912,6792,8147,-1355,0,80,-80,10179,14526,-4347
2011-04-20,1453,3995,-2542,6446,2342,4104,16,40,-24,7915,6377,1538
2011-04-21,4311,3316,995,5293,3634,1659,30,80,-50,9634,7030,2604
2011-04-22,3220,3391,-171,4969,3851,1118,42,100,-58,8231,7342,889
2011-04-25,2527,3355,-828,4694,4015,679,42,100,-58,7263,7470,-207
2011-04-26,1495,4489,-2994,5005,4920,85,42,100,-58,6542,9509,-2967
2011-04-27,1599,3673,-2074,5148,4907,241,42,100,-58,6789,8680,-1891
2011-04-28,1437,3495,-2058,5166,5164,2,42,100,-58,6645,8759,-2114
2011-04-29,1186,5072,-3886,5317,5985,-668,42,100,-58,6545,11157,-4612
2011-05-03,1079,6345,-5266,5708,7101,-1393,42,100,-58,6829,13546,-6717
2011-05-04,1165,5655,-4490,5903,6337,-434,18,100,-82,7086,12092,-5006
2011-05-05,2374,4526,-2152,5949,5928,21,18,100,-82,8341,10554,-2213
2011-05-06,1604,4713,-3109,5882,6701,-819,26,100,-74,7512,11514,-4002
2011-05-09,2624,5004,-2380,5485,5767,-282,26,100,-74,8135,10871,-2736
2011-05-10,2310,5207,-2897,5742,6202,-460,26,100,-74,8078,11509,-3431
2011-05-11,1885,5542,-3657,5942,6336,-394,26,100,-74,7853,11978,-4125
2011-05-12,2689,4985,-2296,6904,5927,977,26,100,-74,9619,11012,-1393
2011-05-13,4346,5943,-1597,6459,6090,369,26,100,-74,10831,12133,-1302
2011-05-16,3500,8220,-4720,6254,6373,-119,16,100,-84,9770,14693,-4923
2011-05-17,4918,8253,-3335,6306,6072,234,13,100,-87,11237,14425,-3188
2011-05-18,935,4670,-3735,4975,3746,1229,0,62,-62,5910,8478,-2568
2011-05-19,969,6200,-5231,4489,4506,-17,4,60,-56,5462,10766,-5304
2011-05-20,1061,5678,-4617,4887,4530,357,4,60,-56,5952,10268,-4316
2011-05-23,1025,6415,-5390,4575,4241,334,0,76,-76,5600,10732,-5132
2011-05-24,1130,6511,-5381,4817,4196,621,0,91,-91,5947,10798,-4851
2011-05-25,1179,7182,-6003,5199,4036,1163,0,91,-91,6378,11309,-4931
2011-05-26,1721,6079,-4358,6533,3868,2665,0,91,-91,8254,10038,-1784
2011-05-27,1244,5031,-3787,6375,3838,2537,0,79,-79,7619,8948,-1329
2011-05-30,1774,5257,-3483,6104,3824,2280,0,79,-79,7878,9160,-1282
2011-05-31,5463,5484,-21,5855,3602,2253,14,60,-46,11332,9146,2186
2011-06-01,5788,5675,113,5547,3550,1997,41,60,-19,11376,9285,2091
2011-06-02,4681,6460,-1779,5489,5653,-164,41,80,-39,10211,12193,-1982
2011-06-03,4522,6400,-1878,5479,6036,-557,41,80,-39,10042,12516,-2474
2011-06-07,4381,6176,-1795,5506,7289,-1783,41,80,-39,9928,13545,-3617
2011-06-08,3804,6719,-2915,5563,6944,-1381,41,80,-39,9408,13743,-4335
2011-06-09,3741,6726,-2985,5889,7162,-1273,35,80,-45,9665,13968,-4303
2011-06-10,1840,9046,-7206,5118,5088,30,0,89,-89,6958,14223,-7265
2011-06-13,1554,7903,-6349,5141,4614,527,0,89,-89,6695,12606,-5911
2011-06-14,2130,7612,-5482,4914,3894,1020,0,169,-169,7044,11675,-4631
2011-06-15,465,4387,-3922,623,3288,-2665,0,89,-89,1088,7764,-6676
2011-06-16,539,5099,-4560,888,3199,-2311,0,98,-98,1427,8396,-6969
2011-06-17,655,4991,-4336,716,3177,-2461,0,98,-98,1371,8266,-6895
2011-06-20,845,4883,-4038,463,3385,-2922,0,102,-102,1308,8370,-7062
2011-06-21,1236,4632,-3396,803,3764,-2961,0,134,-134,2039,8530,-6491
2011-06-22,1177,4533,-3356,459,3648,-3189,0,134,-134,1636,8315,-6679
2011-06-23,1443,5064,-3621,662,3902,-3240,0,140,-140,2105,9106,-7001
2011-06-24,1601,5144,-3543,508,4587,-4079,0,140,-140,2109,9871,-7762
2011-06-27,1634,5424,-3790,946,4875,-3929,0,140,-140,2580,10439,-7859
2011-06-28,1588,5513,-3925,1089,4964,-3875,0,140,-140,2677,10617,-7940
2011-06-29,3581,4939,-1358,1511,5139,-3628,0,130,-130,5092,10208,-5116
2011-06-30,3502,4559,-1057,1102,5318,-4216,0,130,-130,4604,10007,-5403
2011-07-01,2911,4516,-1605,861,4701,-3840,0,130,-130,3772,9347,-5575
2011-07-04,2511,4640,-2129,685,4147,-3462,4,120,-116,3200,8907,-5707
2011-07-05,2347,4299,-1952,892,3541,-2649,4,120,-116,3243,7960,-4717
2011-07-06,3881,3926,-45,1283,3226,-1943,9,120,-111,5173,7272,-2099
2011-07-07,4173,3998,175,534,3704,-3170,11,120,-109,4718,7822,-3104
2011-07-08,3196,4244,-1048,879,3644,-2765,8,120,-112,4083,8008,-3925
2011-07-11,2298,4599,-2301,424,3876,-3452,2,131,-129,2724,8606,-5882
2011-07-12,1541,5403,-3862,266,4322,-4056,4,137,-133,1811,9862,-8051
2011-07-13,1479,5863,-4384,1682,4609,-2927,4,143,-139,3165,10615,-7450
2011-07-14,1621,5641,-4020,1956,5133,-3177,4,156,-152,3581,10930,-7349
2011-07-15,1913,4160,-2247,1596,5618,-4022,6,156,-150,3515,9934,-6419
2011-07-18,2239,4658,-2419,1957,5781,-3824,6,142,-136,4202,10581,-6379
2011-07-19,1942,5357,-3415,2306,5441,-3135,6,222,-216,4254,11020,-6766
2011-07-20,4098,5428,-1330,2503,2130,373,11,160,-149,6612,7718,-1106
2011-07-21,1788,5323,-3535,1778,2450,-672,23,160,-137,3589,7933,-4344
2011-07-22,2176,5343,-3167,1891,2358,-467,39,160,-121,4106,7861,-3755
2011-07-25,1712,5161,-3449,1710,2740,-1030,25,160,-135,3447,8061,-4614
2011-07-26,2933,5464,-2531,2073,2749,-676,45,160,-115,5051,8373,-3322
2011-07-27,2926,5300,-2374,1934,2985,-1051,57,160,-103,4917,8445,-3528
2011-07-28,2767,5313,-2546,1788,3070,-1282,54,160,-106,4609,8543,-3934
2011-07-29,2020,6363,-4343,1722,3775,-2053,10,166,-156,3752,10304,-6552
2011-08-01,1931,6747,-4816,1795,3497,-1702,10,160,-150,3736,10404,-6668
2011-08-02,1468,7689,-6221,1867,3743,-1876,10,194,-184,3345,11626,-8281
2011-08-03,1485,8905,-7420,1986,3961,-1975,9,194,-185,3480,13060,-9580
2011-08-04,2078,9259,-7181,1876,4312,-2436,9,206,-197,3963,13777,-9814
2011-08-05,1274,8113,-6839,6924,4752,2172,9,175,-166,8207,13040,-4833
2011-08-08,5822,14954,-9132,8295,5439,2856,9,169,-160,14126,20562,-6436
2011-08-09,6455,18222,-11767,8248,6250,1998,9,169,-160,14712,24641,-9929
2011-08-10,8688,19362,-10674,7392,6171,1221,9,229,-220,16089,25762,-9673
2011-08-11,11102,20545,-9443,6909,7509,-600,7,229,-222,18018,28283,-10265
2011-08-12,13406,24383,-10977,5236,6813,-1577,7,229,-222,18649,31425,-12776
2011-08-15,15373,23909,-8536,5377,6972,-1595,7,229,-222,20757,31110,-10353
2011-08-16,16879,26650,-9771,5421,6305,-884,7,229,-222,22307,33184,-10877
2011-08-17,446,5774,-5328,3860,1872,1988,7,169,-162,4313,7815,-3502
2011-08-18,964,6183,-5219,4433,1385,3048,7,169,-162,5404,7737,-2333
2011-08-19,1567,8237,-6670,4264,2349,1915,7,169,-162,5838,10755,-4917
2011-08-22,3109,11668,-8559,4664,3680,984,7,169,-162,7780,15517,-7737
2011-08-23,6222,13758,-7536,4598,4088,510,5,169,-164,10825,18015,-7190
2011-08-24,6616,15605,-8989,4339,3238,1101,6,165,-159,10961,19008,-8047
2011-08-25,5091,15315,-10224,4697,3877,820,6,167,-161,9794,19359,-9565
2011-08-26,4581,14051,-9470,4910,4409,501,6,169,-163,9497,18629,-9132
2011-08-29,4512,13311,-8799,4967,5052,-85,6,161,-155,9485,18524,-9039
2011-08-30,6971,14154,-7183,4924,3128,1796,3,161,-158,11898,17443,-5545
2011-08-31,7553,14007,-6454,4747,2904,1843,4,160,-156,12304,17071,-4767
2011-09-01,8202,16986,-8784,4801,4057,744,9,160,-151,13012,21203,-8191
2011-09-02,2593,11970,-9377,4822,4744,78,9,160,-151,7424,16874,-9450
2011-09-05,2799,12602,-9803,5086,4838,248,4,160,-156,7889,17600,-9711
2011-09-06,3149,13189,-10040,5227,4923,304,3,173,-170,8379,18285,-9906
2011-09-07,3006,12969,-9963,5173,5693,-520,3,173,-170,8182,18835,-10653
2011-09-08,3238,12940,-9702,5111,6027,-916,3,173,-170,8352,19140,-10788
2011-09-09,3325,12377,-9052,5211,5749,-538,9,160,-151,8545,18286,-9741
2011-09-13,3917,17513,-13596,4974,6204,-1230,2,165,-163,8893,23882,-14989
2011-09-14,3762,18395,-14633,5374,6229,-855,2,176,-174,9138,24800,-15662
2011-09-15,2994,13207,-10213,5999,5894,105,2,168,-166,8995,19269,-10274
2011-09-16,3307,11265,-7958,6975,6214,761,5,160,-155,10287,17639,-7352
2011-09-19,3618,13342,-9724,7293,9070,-1777,13,160,-147,10924,22572,-11648
2011-09-20,2313,12180,-9867,7501,6305,1196,5,200,-195,9819,18685,-8866
2011-09-21,802,3001,-2199,6220,2405,3815,10,40,-30,7032,5446,1586
2011-09-22,1346,3785,-2439,7444,2102,5342,0,41,-41,8790,5928,2862
2011-09-23,4078,6762,-2684,7202,951,6251,0,45,-45,11280,7758,3522
2011-09-26,2917,7409,-4492,7602,1346,6256,0,47,-47,10519,8802,1717
2011-09-27,2776,5592,-2816,8037,1431,6606,0,47,-47,10813,7070,3743
2011-09-28,2831,6977,-4146,7941,1631,6310,0,47,-47,10772,8655,2117
2011-09-29,2853,5591,-2738,8223,1056,7167,3,40,-37,11079,6687,4392
2011-09-30,4890,8539,-3649,8141,1020,7121,7,40,-33,13038,9599,3439
2011-10-03,6064,12675,-6611,8935,1387,7548,0,42,-42,14999,14104,895
2011-10-04,3869,10585,-6716,8637,1951,6686,1,40,-39,12507,12576,-69
2011-10-05,4256,13464,-9208,8505,4168,4337,1,40,-39,12762,17672,-4910
2011-10-06,3865,9056,-5191,8765,3421,5344,3,40,-37,12633,12517,116
2011-10-07,4037,8502,-4465,8752,2397,6355,3,40,-37,12792,10939,1853
2011-10-11,4017,5733,-1716,8915,1671,7244,18,40,-22,12950,7444,5506
2011-10-12,4278,6508,-2230,8655,1789,6866,18,40,-22,12951,8337,4614
2011-10-13,4255,7951,-3696,8549,2218,6331,24,40,-16,12828,10209,2619
2011-10-14,4774,7494,-2720,8680,2330,6350,21,40,-19,13475,9864,3611
2011-10-17,5491,6979,-1488,8866,2543,6323,22,40,-18,14379,9562,4817
2011-10-18,5769,6272,-503,9034,2050,6984,9,40,-31,14812,8362,6450
2011-10-19,702,5011,-4309,7040,911,6129,17,0,17,7759,5922,1837
2011-10-20,788,8073,-7285,6390,893,5497,8,5,3,7186,8971,-1785
2011-10-21,659,7920,-7261,6971,683,6288,8,5,3,7638,8608,-970
2011-10-24,1412,5013,-3601,7494,1161,6333,25,0,25,8931,6174,2757
2011-10-25,1400,5589,-4189,7438,1464,5974,25,0,25,8863,7053,1810
2011-10-26,1794,5226,-3432,7938,1882,6056,60,0,60,9792,7108,2684
2011-10-27,2549,5293,-2744,7846,2953,4893,60,0,60,10455,8246,2209
2011-10-28,2689,4773,-2084,7650,3873,3777,60,0,60,10399,8646,1753
2011-10-31,3067,5101,-2034,7061,4096,2965,37,0,37,10165,9197,968
2011-11-01,2594,5100,-2506,7291,4452,2839,37,0,37,9922,9552,370
2011-11-02,4320,6282,-1962,6471,5279,1192,37,0,37,10828,11561,-733
2011-11-03,5193,7354,-2161,6400,5115,1285,24,0,24,11617,12469,-852
2011-11-04,8058,6908,1150,6834,4657,2177,62,0,62,14954,11565,3389
2011-11-07,6975,7268,-293,6560,4595,1965,62,0,62,13597,11863,1734
2011-11-08,7184,9347,-2163,6499,4899,1600,62,0,62,13745,14246,-501
2011-11-09,7067,8151,-1084,6962,5228,1734,62,0,62,14091,13379,712
2011-11-10,5389,10561,-5172,7356,7555,-199,6,38,-32,12751,18154,-5403
2011-11-11,6017,9773,-3756,8334,5928,2406,6,38,-32,14357,15739,-1382
2011-11-14,7770,9024,-1254,9090,6507,2583,26,0,26,16886,15531,1355
2011-11-15,3797,8335,-4538,9498,4745,4753,26,0,26,13321,13080,241
2011-11-16,479,7035,-6556,9365,2324,7041,6,32,-26,9850,9391,459
2011-11-17,625,7038,-6413,9864,2208,7656,6,32,-26,10495,9278,1217
2011-11-18,679,7856,-7177,9436,1554,7882,6,48,-42,10121,9458,663
2011-11-21,1285,9126,-7841,9625,2458,7167,6,67,-61,10916,11651,-735
2011-11-22,1089,10040,-8951,10485,1756,8729,6,74,-68,11580,11870,-290
2011-11-23,1857,12738,-10881,13079,1217,11862,6,77,-71,14942,14032,910
2011-11-24,1668,12935,-11267,13141,1895,11246,6,38,-32,14815,14868,-53
2011-11-25,1899,12810,-10911,14647,1098,13549,6,38,-32,16552,13946,2606
2011-11-28,1097,11603,-10506,15405,1172,14233,6,38,-32,16508,12813,3695
2011-11-29,1423,10416,-8993,14819,1005,13814,6,38,-32,16248,11459,4789
2011-11-30,1981,10719,-8738,15838,827,15011,6,38,-32,17825,11584,6241
2011-12-01,3921,7887,-3966,15782,1077,14705,6,4,2,19709,8968,10741
2011-12-02,2231,9341,-7110,15645,2473,13172,6,4,2,17882,11818,6064
2011-12-05,2175,8053,-5878,16206,2885,13321,6,4,2,18387,10942,7445
2011-12-06,2428,9358,-6930,16453,3020,13433,6,18,-12,18887,12396,6491
2011-12-07,2285,8066,-5781,16808,3174,13634,6,116,-110,19099,11356,7743
2011-12-08,2223,10474,-8251,16787,1663,15124,6,123,-117,19016,12260,6756
2011-12-09,2520,9831,-7311,17511,1639,15872,6,187,-181,20037,11657,8380
2011-12-12,2145,9183,-7038,17460,1952,15508,6,251,-245,19611,11386,8225
2011-12-13,2452,9179,-6727,17732,1560,16172,6,244,-238,20190,10983,9207
2011-12-14,3035,7695,-4660,17523,1422,16101,6,244,-238,20564,9361,11203
2011-12-15,5189,12884,-7695,16784,1606,15178,6,244,-238,21979,14734,7245
2011-12-16,3122,9634,-6512,17750,1738,16012,6,248,-242,20878,11620,9258
2011-12-19,795,8053,-7258,18793,1678,17115,6,248,-242,19594,9979,9615
2011-12-20,1680,6934,-5254,20444,2093,18351,6,248,-242,22130,9275,12855
2011-12-21,1683,4318,-2635,5019,1851,3168,6,235,-229,6708,6404,304
2011-12-22,1382,4415,-3033,4919,2306,2613,6,235,-229,6307,6956,-649
2011-12-23,2629,4028,-1399,5529,1937,3592,6,235,-229,8164,6200,1964
2011-12-26,1783,4032,-2249,5037,3066,1971,6,234,-228,6826,7332,-506
2011-12-27,1327,4327,-3000,4981,3266,1715,6,204,-198,6314,7797,-1483
2011-12-28,1098,4185,-3087,5078,3595,1483,6,204,-198,6182,7984,-1802
2011-12-29,1671,4212,-2541,5235,3944,1291,6,170,-164,6912,8326,-1414
2011-12-30,1297,4624,-3327,4911,3898,1013,6,163,-157,6214,8685,-2471
2012-01-02,1718,5031,-3313,5633,3160,2473,6,163,-157,7357,8354,-997
2012-01-03,2247,4224,-1977,5170,1270,3900,6,163,-157,7423,5657,1766
2012-01-04,3353,4262,-909,6101,1802,4299,6,163,-157,9460,6227,3233
2012-01-05,4424,4060,364,6036,1544,4492,6,163,-157,10466,5767,4699
2012-01-06,3258,4362,-1104,6305,2108,4197,5,129,-124,9568,6599,2969
2012-01-09,2604,4883,-2279,6174,2463,3711,5,94,-89,8783,7440,1343
2012-01-10,3258,4268,-1010,6061,1815,4246,5,83,-78,9324,6166,3158
2012-01-11,3824,4747,-923,6064,2265,3799,5,83,-78,9893,7095,2798
2012-01-12,4163,5003,-840,6444,2530,3914,5,83,-78,10612,7616,2996
2012-01-13,3201,5238,-2037,6523,3629,2894,5,83,-78,9729,8950,779
2012-01-16,2611,4067,-1456,6914,3493,3421,5,93,-88,9530,7653,1877
2012-01-17,5486,3662,1824,7874,2312,5562,5,93,-88,13365,6067,7298
2012-01-18,707,3266,-2559,4109,2629,1480,5,93,-88,4821,5988,-1167
2012-01-30,1901,2507,-606,4454,1987,2467,5,93,-88,6360,4587,1773
2012-01-31,985,2815,-1830,4926,2931,1995,5,93,-88,5916,5839,77
2012-02-01,2638,2608,30,5074,2402,2672,5,93,-88,7717,5103,2614
2012-02-02,1854,2854,-1000,5006,2770,2236,5,46,-41,6865,5670,1195
2012-02-03,1716,3347,-1631,5272,3520,1752,5,46,-41,6993,6913,80
2012-02-04,2749,3706,-957,5736,4177,1559,5,46,-41,8490,7929,561
2012-02-06,2912,3933,-1021,4719,4272,447,5,46,-41,7636,8251,-615
2012-02-07,3286,4065,-779,5137,4849,288,5,46,-41,8428,8960,-532
2012-02-08,3270,4110,-840,6327,6363,-36,5,46,-41,9602,10519,-917
2012-02-09,3840,4559,-719,7091,8388,-1297,5,46,-41,10936,12993,-2057
2012-02-10,3483,4950,-1467,7262,10633,-3371,5,92,-87,10750,15675,-4925
2012-02-13,3735,5402,-1667,7664,9599,-1935,5,143,-138,11404,15144,-3740
2012-02-14,3952,4794,-842,7807,7968,-161,5,143,-138,11764,12905,-1141
2012-02-15,2541,1567,974,7469,1623,5846,5,179,-174,10015,3369,6646
2012-02-16,2539,4048,-1509,5764,2170,3594,7,179,-172,8310,6397,1913
2012-02-17,2795,4618,-1823,5838,2944,2894,7,191,-184,8640,7753,887
2012-02-20,3030,4329,-1299,5918,2954,2964,10,203,-193,8958,7486,1472
2012-02-21,4554,4151,403,6092,2336,3756,10,203,-193,10656,6690,3966
2012-02-22,5837,4214,1623,6568,3294,3274,10,203,-193,12415,7711,4704
2012-02-23,5554,4366,1188,5750,3585,2165,10,203,-193,11314,8154,3160
2012-02-24,6003,4767,1236,5913,3492,2421,10,203,-193,11926,8462,3464
2012-02-29,6723,4705,2018,8085,3689,4396,10,203,-193,14818,8597,6221
2012-03-01,7314,4648,2666,7617,4600,3017,10,62,-52,14941,9310,5631
2012-03-02,6472,4843,1629,6598,5325,1273,10,62,-52,13080,10230,2850
2012-03-03,6632,5573,1059,5953,5342,611,10,62,-52,12595,10977,1618
2012-03-05,5846,5674,172,5462,5206,256,10,62,-52,11318,10942,376
2012-03-06,5828,6695,-867,5389,4464,925,10,96,-86,11227,11255,-28
2012-03-07,6236,6924,-688,5550,3485,2065,10,162,-152,11796,10571,1225
2012-03-08,6612,5570,1042,6594,3797,2797,10,162,-152,13216,9529,3687
2012-03-09,6974,5446,1528,7196,3904,3292,10,162,-152,14180,9512,4668
2012-03-12,6863,5696,1167,5614,3398,2216,10,162,-152,12487,9256,3231
2012-03-13,7187,5185,2002,8286,3766,4520,10,274,-264,15483,9225,6258
2012-03-14,7120,5338,1782,6668,4047,2621,10,274,-264,13798,9659,4139
2012-03-15,7182,5491,1691,6595,4047,2548,10,274,-264,13787,9812,3975
2012-03-16,5854,5686,168,5668,3803,1865,10,264,-254,11532,9753,1779
2012-03-19,6399,7963,-1564,5853,3211,2642,10,264,-254,12262,11438,824
2012-03-20,5821,9140,-3319,6255,3466,2789,10,264,-254,12086,12870,-784
2012-03-21,1164,6354,-5190,6017,1423,4594,6,264,-258,7187,8041,-854
2012-03-22,4903,6287,-1384,7225,1853,5372,6,264,-258,12134,8404,3730
2012-03-23,3868,7340,-3472,6463,1887,4576,6,264,-258,10337,9491,846
2012-03-26,1695,8648,-6953,5331,3481,1850,6,234,-228,7032,12363,-5331
2012-03-27,1833,6896,-5063,5737,2243,3494,6,234,-228,7576,9373,-1797
2012-03-28,2440,6829,-4389,6182,1872,4310,6,234,-228,8628,8935,-307
2012-03-29,2099,12401,-10302,5747,5442,305,6,234,-228,7852,18077,-10225
2012-03-30,2202,10959,-8757,5754,4505,1249,6,234,-228,7962,15698,-7736
2012-04-02,2681,9992,-7311,5894,4088,1806,6,234,-228,8581,14314,-5733
2012-04-03,2325,10971,-8646,6199,6607,-408,6,234,-228,8530,17812,-9282
2012-04-05,2816,12111,-9295,6839,6340,499,6,220,-214,9661,18671,-9010
2012-04-06,3646,10571,-6925,7141,5184,1957,6,220,-214,10793,15975,-5182
2012-04-09,3279,10122,-6843,7623,5353,2270,6,220,-214,10908,15695,-4787
2012-04-10,3082,10602,-7520,7696,5519,2177,6,220,-214,10784,16341,-5557
2012-04-11,2969,10245,-7276,8376,5066,3310,6,220,-214,11351,15531,-4180
2012-04-12,2534,11108,-8574,8762,6367,2395,6,220,-214,11302,17695,-6393
2012-04-13,2474,8746,-6272,9248,5927,3321,6,231,-225,11728,14904,-3176
2012-04-16,2253,9069,-6816,9444,6910,2534,6,231,-225,11703,16210,-4507
2012-04-17,3254,8065,-4811,9771,10644,-873,6,231,-225,13031,18940,-5909
2012-04-18,2594,3120,-526,5267,1860,3407,6,231,-225,7867,5211,2656
2012-04-19,3242,3053,189,5634,2238,3396,6,231,-225,8882,5522,3360
2012-04-20,2875,4777,-1902,5327,4064,1263,6,224,-218,8208,9065,-857
2012-04-23,2974,4912,-1938,5401,3613,1788,6,214,-208,8381,8739,-358
2012-04-24,3551,4066,-515,6083,3447,2636,6,214,-208,9640,7727,1913
2012-04-25,3398,4195,-797,6321,3791,2530,6,214,-208,9725,8200,1525
2012-04-26,3461,4095,-634,7156,4739,2417,6,214,-208,10623,9048,1575
2012-04-27,3572,3864,-292,7340,5022,2318,6,214,-208,10918,9100,1818
2012-04-30,3452,3678,-226,7489,4958,2531,6,214,-208,10947,8850,2097
2012-05-02,4418,2269,2149,7647,3414,4233,6,214,-208,12071,5897,6174
2012-05-03,3731,2372,1359,7388,4606,2782,6,214,-208,11125,7192,3933
2012-05-04,4126,3022,1104,7220,4394,2826,5,226,-221,11351,7642,3709
2012-05-07,3544,3276,268,7431,7512,-81,5,240,-235,10980,11028,-48
2012-05-08,3796,3774,22,7708,7446,262,5,240,-235,11509,11460,49
2012-05-09,4022,4419,-397,7820,7736,84,5,226,-221,11847,12381,-534
2012-05-10,4176,5072,-896,7583,7305,278,5,226,-221,11764,12603,-839
2012-05-11,6307,9559,-3252,8259,10637,-2378,5,203,-198,14571,20399,-5828
2012-05-14,3906,5957,-2051,9133,10236,-1103,5,184,-179,13044,16377,-3333
2012-05-15,4064,7301,-3237,7555,10076,-2521,5,184,-179,11624,17561,-5937
2012-05-16,1207,2466,-1259,5880,3331,2549,5,159,-154,7092,5956,1136
2012-05-17,1721,2568,-847,7369,2781,4588,5,159,-154,9095,5508,3587
2012-05-18,722,4093,-3371,6402,3140,3262,5,159,-154,7129,7392,-263
2012-05-21,317,3228,-2911,7152,3112,4040,5,159,-154,7474,6499,975
2012-05-22,371,3081,-2710,7474,3243,4231,5,159,-154,7850,6483,1367
2012-05-23,793,3327,-2534,6867,2992,3875,5,159,-154,7665,6478,1187
2012-05-24,524,3797,-3273,7127,3368,3759,5,77,-72,7656,7242,414
2012-05-25,637,5193,-4556,6432,3760,2672,5,77,-72,7074,9030,-1956
2012-05-28,666,4158,-3492,7388,3384,4004,5,77,-72,8059,7619,440
2012-05-29,3017,3190,-173,9137,3539,5598,5,77,-72,12159,6806,5353
2012-05-30,926,2833,-1907,7536,4142,3394,5,77,-72,8467,7052,1415
2012-05-31,1220,2826,-1606,8047,4208,3839,5,77,-72,9272,7111,2161
2012-06-01,1064,3654,-2590,8016,6129,1887,5,77,-72,9085,9860,-775
2012-06-04,1598,6782,-5184,8578,4744,3834,5,72,-67,10181,11598,-1417
2012-06-05,2386,5787,-3401,8819,4073,4746,5,72,-67,11210,9932,1278
2012-06-06,2264,5955,-3691,8951,4310,4641,5,77,-72,11220,10342,878
2012-06-07,1777,5960,-4183,8377,4549,3828,5,77,-72,10159,10586,-427
2012-06-08,1099,6113,-5014,8601,5148,3453,5,77,-72,9705,11338,-1633
2012-06-11,1276,4937,-3661,8112,4538,3574,5,77,-72,9393,9552,-159
2012-06-12,1235,5796,-4561,8611,5026,3585,85,77,8,9931,10899,-968
2012-06-13,1563,5144,-3581,8572,5286,3286,85,77,8,10220,10507,-287
2012-06-14,3355,6580,-3225,8546,5084,3462,85,77,8,11986,11741,245
2012-06-15,4850,8196,-3346,9675,5413,4262,85,30,55,14610,13639,971
2012-06-18,5649,8460,-2811,8902,5668,3234,86,30,56,14637,14158,479
2012-06-19,5984,7781,-1797,8995,7036,1959,86,30,56,15065,14847,218
2012-06-20,764,2839,-2075,6155,1011,5144,46,30,16,6965,3880,3085
2012-06-21,672,3221,-2549,6455,1846,4609,46,30,16,7173,5097,2076
2012-06-22,1456,3560,-2104,6980,3308,3672,46,25,21,8482,6893,1589
2012-06-25,1910,4221,-2311,7428,4315,3113,46,25,21,9384,8561,823
2012-06-26,1877,3027,-1150,7350,4030,3320,46,25,21,9273,7082,2191
2012-06-27,3147,2898,249,7927,4239,3688,49,25,24,11123,7162,3961
2012-06-28,3029,2747,282,7533,4391,3142,49,30,19,10611,7168,3443
2012-06-29,3223,3151,72,8151,4231,3920,50,30,20,11424,7412,4012
2012-07-02,3457,2871,586,8027,4315,3712,50,35,15,11534,7221,4313
2012-07-03,3899,2999,900,7508,4065,3443,52,35,17,11459,7099,4360
2012-07-04,4568,4108,460,7373,4179,3194,52,35,17,11993,8322,3671
2012-07-05,4460,4216,244,7602,4306,3296,52,35,17,12114,8557,3557
2012-07-06,4431,5660,-1229,7208,5482,1726,55,35,20,11694,11177,517
2012-07-09,4720,5524,-804,7431,6078,1353,55,35,20,12206,11637,569
2012-07-10,4952,6997,-2045,7165,7649,-484,57,35,22,12174,14681,-2507
2012-07-11,5242,7626,-2384,7445,7586,-141,57,35,22,12744,15247,-2503
2012-07-12,6402,9395,-2993,6683,10797,-4114,58,30,28,13143,20222,-7079
2012-07-13,8089,10639,-2550,6334,11110,-4776,58,30,28,14481,21779,-7298
2012-07-16,9893,11975,-2082,6356,13228,-6872,62,30,32,16311,25233,-8922
2012-07-17,14326,13264,1062,5292,14211,-8919,62,30,32,19680,27505,-7825
2012-07-18,2718,2740,-22,4428,1581,2847,17,30,-13,7163,4351,2812
2012-07-19,5326,2421,2905,6146,812,5334,18,30,-12,11490,3263,8227
2012-07-20,5095,2848,2247,5932,1028,4904,18,35,-17,11045,3911,7134
2012-07-23,3014,2656,358,5096,1356,3740,20,35,-15,8130,4047,4083
2012-07-24,3207,3097,110,5284,1451,3833,20,35,-15,8511,4583,3928
2012-07-25,4376,3135,1241,4672,1445,3227,22,35,-13,9070,4615,4455
2012-07-26,3964,2469,1495,5218,1760,3458,22,30,-8,9204,4259,4945
2012-07-27,5170,2664,2506,6281,1420,4861,22,35,-13,11473,4119,7354
2012-07-30,5718,3395,2323,6580,1385,5195,22,40,-18,12320,4820,7500
2012-07-31,5540,4250,1290,7688,1394,6294,23,40,-17,13251,5684,7567
2012-08-01,5759,4556,1203,8438,1482,6956,20,45,-25,14217,6083,8134
2012-08-03,3942,4776,-834,7128,1655,5473,20,45,-25,11090,6476,4614
2012-08-06,4312,4715,-403,6545,2213,4332,20,45,-25,10877,6973,3904
2012-08-07,4484,4772,-288,6388,2082,4306,20,45,-25,10892,6899,3993
2012-08-08,5055,3400,1655,7128,1769,5359,24,45,-21,12207,5214,6993
2012-08-09,7687,5435,2252,9042,1931,7111,27,45,-18,16756,7411,9345
2012-08-10,5306,4486,820,8839,2284,6555,22,55,-33,14167,6825,7342
2012-08-13,6083,5250,833,9065,2234,6831,22,55,-33,15170,7539,7631
2012-08-14,9047,7581,1466,8344,972,7372,22,55,-33,17413,8608,8805
2012-08-15,1768,1301,467,5910,717,5193,22,55,-33,7700,2073,5627
2012-08-16,2667,1323,1344,6335,1127,5208,22,55,-33,9024,2505,6519
2012-08-17,2117,1193,924,5391,1762,3629,18,62,-44,7526,3017,4509
2012-08-20,2828,1312,1516,5844,1265,4579,19,62,-43,8691,2639,6052
2012-08-21,3973,1154,2819,7438,1805,5633,20,62,-42,11431,3021,8410
2012-08-22,4597,1085,3512,7104,2490,4614,20,62,-42,11721,3637,8084
2012-08-23,4663,984,3679,7018,2895,4123,16,69,-53,11697,3948,7749
2012-08-24,4643,1034,3609,7030,2924,4106,16,69,-53,11689,4027,7662
2012-08-27,3044,1199,1845,5927,3082,2845,16,72,-56,8987,4353,4634
2012-08-28,3022,1372,1650,5742,3545,2197,16,72,-56,8780,4989,3791
2012-08-29,2865,1256,1609,5928,3142,2786,15,72,-57,8808,4470,4338
2012-08-30,2935,1791,1144,5777,3058,2719,15,72,-57,8727,4921,3806
2012-08-31,2571,1903,668,5752,3134,2618,15,82,-67,8338,5119,3219
2012-09-03,3615,1656,1959,6661,2846,3815,15,82,-67,10291,4584,5707
2012-09-04,3306,1749,1557,6196,3334,2862,15,82,-67,9517,5165,4352
2012-09-05,3093,4922,-1829,5569,4275,1294,15,82,-67,8677,9279,-602
2012-09-06,2945,4162,-1217,5706,4080,1626,15,82,-67,8666,8324,342
2012-09-07,3064,3388,-324,5927,4533,1394,15,82,-67,9006,8003,1003
2012-09-10,3578,3102,476,7729,4382,3347,15,85,-70,11322,7569,3753
2012-09-11,3637,3141,496,8460,4760,3700,15,85,-70,12112,7986,4126
2012-09-12,4383,3060,1323,10027,4540,5487,13,80,-67,14423,7680,6743
2012-09-13,5068,3758,1310,8925,5418,3507,13,80,-67,14006,9256,4750
2012-09-14,5056,2209,2847,9458,5448,4010,13,80,-67,14527,7737,6790
2012-09-17,4827,1845,2982,9343,6393,2950,12,85,-73,14182,8323,5859
2012-09-18,4613,1571,3042,9778,6580,3198,72,85,-13,14463,8236,6227
2012-09-19,1874,977,897,6614,3365,3249,80,85,-5,8568,4427,4141
2012-09-20,2266,1604,662,6143,3562,2581,80,85,-5,8489,5251,3238
2012-09-21,2420,1996,424,6497,3804,2693,79,85,-6,8996,5885,3111
2012-09-24,2968,1652,1316,6611,3684,2927,79,85,-6,9658,5421,4237
2012-09-25,3107,1296,1811,6415,4603,1812,79,85,-6,9601,5984,3617
2012-09-26,3048,1418,1630,6083,4990,1093,79,80,-1,9210,6488,2722
2012-09-27,3193,1101,2092,6667,4859,1808,79,65,14,9939,6025,3914
2012-09-28,3119,2305,814,6455,5290,1165,79,65,14,9653,7660,1993
2012-10-01,3391,3052,339,6408,5695,713,78,55,23,9877,8802,1075
2012-10-02,3276,2986,290,6510,5630,880,78,47,31,9864,8663,1201
2012-10-03,3126,3137,-11,5995,6455,-460,78,47,31,9199,9639,-440
2012-10-04,3239,2651,588,6423,6932,-509,78,32,46,9740,9615,125
2012-10-05,3010,2434,576,6357,7544,-1187,78,32,46,9445,10010,-565
2012-10-08,2761,3082,-321,6050,8558,-2508,78,0,78,8889,11640,-2751
2012-10-09,2862,4080,-1218,6477,9348,-2871,78,0,78,9417,13428,-4011
2012-10-11,3243,4322,-1079,5243,10973,-5730,78,0,78,8564,15295,-6731
2012-10-12,4287,4396,-109,5104,11010,-5906,78,0,78,9469,15406,-5937
2012-10-15,3449,5032,-1583,5632,10683,-5051,78,0,78,9159,15715,-6556
2012-10-16,3702,3543,159,3234,11059,-7825,78,0,78,7014,14602,-7588
2012-10-17,1057,1751,-694,2750,7972,-5222,18,0,18,3825,9723,-5898
2012-10-18,1359,1636,-277,3034,7314,-4280,18,0,18,4411,8950,-4539
2012-10-19,1678,2871,-1193,2832,8544,-5712,18,0,18,4528,11415,-6887
2012-10-22,1731,2568,-837,3429,7599,-4170,18,0,18,5178,10167,-4989
2012-10-23,1815,3343,-1528,3354,8456,-5102,19,0,19,5188,11799,-6611
2012-10-24,1849,3267,-1418,3804,8147,-4343,19,0,19,5672,11414,-5742
2012-10-25,2083,3062,-979,3575,9297,-5722,19,0,19,5677,12359,-6682
2012-10-26,2483,4105,-1622,3979,10155,-6176,19,0,19,6481,14260,-7779
2012-10-29,3201,3849,-648,4334,9626,-5292,19,0,19,7554,13475,-5921
2012-10-30,3697,3902,-205,4413,9217,-4804,19,0,19,8129,13119,-4990
2012-10-31,4562,4149,413,4205,10073,-5868,17,20,-3,8784,14242,-5458
2012-11-01,3999,2879,1120,4356,9608,-5252,17,20,-3,8372,12507,-4135
2012-11-02,3978,2055,1923,4456,9763,-5307,17,62,-45,8451,11880,-3429
2012-11-05,3869,2752,1117,4459,9917,-5458,17,62,-45,8345,12731,-4386
2012-11-06,3812,2468,1344,4477,8859,-4382,17,62,-45,8306,11389,-3083
2012-11-07,3840,2554,1286,4653,9439,-4786,17,62,-45,8510,12055,-3545
2012-11-08,4225,3040,1185,4766,8774,-4008,17,68,-51,9008,11882,-2874
2012-11-09,4715,2698,2017,6565,8248,-1683,17,68,-51,11297,11014,283
2012-11-12,4190,2695,1495,5312,10310,-4998,17,71,-54,9519,13076,-3557
2012-11-13,4682,3368,1314,5336,12838,-7502,17,71,-54,10035,16277,-6242
2012-11-14,6250,3969,2281,5637,10520,-4883,77,93,-16,11964,14582,-2618
2012-11-15,7119,5675,1444,5587,10368,-4781,77,98,-21,12783,16141,-3358
2012-11-16,7659,5394,2265,5399,11452,-6053,77,98,-21,13135,16944,-3809
2012-11-19,6103,2830,3273,5439,12517,-7078,77,98,-21,11619,15445,-3826
2012-11-20,7561,2824,4737,5310,12216,-6906,77,98,-21,12948,15138,-2190
2012-11-21,2131,2391,-260,5644,11822,-6178,85,98,-13,7860,14311,-6451
2012-11-22,2403,2580,-177,5570,10771,-5201,85,93,-8,8058,13444,-5386
2012-11-23,3628,2922,706,6234,8783,-2549,85,101,-16,9947,11806,-1859
2012-11-26,4051,3137,914,5759,8862,-3103,85,101,-16,9895,12100,-2205
2012-11-27,4417,2801,1616,5640,8427,-2787,145,108,37,10202,11336,-1134
2012-11-28,4598,2640,1958,5621,8420,-2799,145,108,37,10364,11168,-804
2012-11-29,6519,3596,2923,6063,8447,-2384,145,119,26,12727,12162,565
2012-11-30,7479,3841,3638,5998,8084,-2086,145,119,26,13622,12044,1578
2012-12-03,6992,3602,3390,5857,8960,-3103,145,126,19,12994,12688,306
2012-12-04,7121,3813,3308,5872,9631,-3759,145,126,19,13138,13570,-432
2012-12-05,8110,4228,3882,6269,9816,-3547,145,136,9,14524,14180,344
2012-12-06,7905,3964,3941,5745,9633,-3888,145,136,9,13795,13733,62
2012-12-07,8488,3591,4897,5978,10164,-4186,145,136,9,14611,13891,720
2012-12-10,7946,3185,4761,6000,10433,-4433,145,136,9,14091,13754,337
2012-12-11,8840,3318,5522,6630,10458,-3828,145,136,9,15615,13912,1703
2012-12-12,8589,4549,4040,7110,11293,-4183,145,136,9,15844,15978,-134
2012-12-13,9805,5693,4112,7886,11224,-3338,145,141,4,17836,17058,778
2012-12-14,9222,6786,2436,7598,13167,-5569,145,141,4,16965,20094,-3129
2012-12-17,7468,6315,1153,7306,13591,-6285,145,136,9,14919,20042,-5123
2012-12-18,8220,6149,2071,7535,14060,-6525,145,141,4,15900,20350,-4450
2012-12-19,2365,2858,-493,2445,2622,-177,145,141,4,4955,5621,-666
2012-12-20,2275,3973,-1698,2222,3863,-1641,145,141,4,4642,7977,-3335
2012-12-21,1544,3731,-2187,2984,4447,-1463,145,153,-8,4673,8331,-3658
2012-12-22,1881,3495,-1614,2993,3959,-966,145,153,-8,5019,7607,-2588
2012-12-24,1651,3477,-1826,3136,3540,-404,145,157,-12,4932,7174,-2242
2012-12-25,2180,2135,45,2950,3584,-634,145,157,-12,5275,5876,-601
2012-12-26,2254,2914,-660,2905,4975,-2070,147,157,-10,5306,8046,-2740
2012-12-27,3197,3194,3,3039,5565,-2526,147,164,-17,6383,8923,-2540
2012-12-28,2780,2827,-47,2921,5468,-2547,147,164,-17,5848,8459,-2611
2013-01-02,3584,2540,1044,3984,5292,-1308,147,157,-10,7715,7989,-274
2013-01-03,3605,1815,1790,3888,5222,-1334,147,157,-10,7640,7194,446
2013-01-04,3585,2172,1413,3509,5272,-1763,145,157,-12,7239,7601,-362
2013-01-07,3655,3078,577,4112,5777,-1665,205,157,48,7972,9012,-1040
2013-01-08,3658,4098,-440,3777,7249,-3472,207,157,50,7642,11504,-3862
2013-01-09,3820,2594,1226,3868,6641,-2773,207,157,50,7895,9392,-1497
2013-01-10,4431,2737,1694,3921,5405,-1484,207,159,48,8559,8301,258
2013-01-11,4151,3333,818,3235,6349,-3114,204,159,45,7590,9841,-2251
2013-01-14,4570,2532,2038,4031,6240,-2209,206,155,51,8807,8927,-120
2013-01-15,4075,3910,165,3994,6900,-2906,206,164,42,8275,10974,-2699
2013-01-16,3167,2389,778,2009,6792,-4783,146,189,-43,5322,9370,-4048
2013-01-17,2945,4184,-1239,2024,7002,-4978,146,199,-53,5115,11385,-6270
2013-01-18,3157,2719,438,2434,5575,-3141,149,190,-41,5740,8484,-2744
2013-01-21,3153,3333,-180,2430,6257,-3827,149,190,-41,5732,9780,-4048
2013-01-22,4076,2624,1452,2574,5781,-3207,146,190,-44,6796,8595,-1799
2013-01-23,3559,3448,111,2046,6992,-4946,146,158,-12,5751,10598,-4847
2013-01-24,4346,3248,1098,2123,6748,-4625,146,151,-5,6615,10147,-3532
2013-01-25,4461,3816,645,2396,7925,-5529,146,151,-5,7003,11892,-4889
2013-01-28,4650,2571,2079,2801,7513,-4712,146,158,-12,7597,10242,-2645
2013-01-29,6199,1923,4276,3625,8851,-5226,148,161,-13,9972,10935,-963
2013-01-30,5313,1870,3443,3172,9458,-6286,148,156,-8,8633,11484,-2851
2013-01-31,6785,1886,4899,3641,8705,-5064,148,152,-4,10574,10743,-169
2013-02-01,7034,2058,4976,3236,9667,-6431,148,155,-7,10418,11880,-1462
2013-02-04,8745,2443,6302,2928,9964,-7036,148,157,-9,11821,12564,-743
2013-02-05,7208,2575,4633,2873,10727,-7854,148,157,-9,10229,13459,-3230
2013-02-06,6721,2992,3729,2948,11529,-8581,148,147,1,9817,14668,-4851
2013-02-18,8067,3280,4787,3519,10580,-7061,148,159,-11,11734,14019,-2285
2013-02-19,8730,3076,5654,3362,10034,-6672,148,159,-11,12240,13269,-1029
2013-02-20,2970,2259,711,3702,2047,1655,190,159,31,6862,4465,2397
2013-02-21,3793,4376,-583,3645,3415,230,190,159,31,7628,7950,-322
2013-02-22,4329,4633,-304,4346,3790,556,190,154,36,8865,8577,288
2013-02-23,4609,4705,-96,4386,3440,946,190,137,53,9185,8282,903
2013-02-25,4462,5530,-1068,5210,4561,649,190,137,53,9862,10228,-366
2013-02-26,4509,5894,-1385,4793,4397,396,190,137,53,9492,10428,-936
2013-02-27,4090,5894,-1804,4816,4530,286,190,137,53,9096,10561,-1465
2013-03-01,4431,5580,-1149,5458,4144,1314,190,137,53,10079,9861,218
2013-03-04,4327,8581,-4254,5716,6245,-529,190,141,49,10233,14967,-4734
2013-03-05,4520,6525,-2005,6855,4695,2160,190,138,52,11565,11358,207
2013-03-06,4365,6946,-2581,6249,4849,1400,190,131,59,10804,11926,-1122
2013-03-07,4303,6773,-2470,6024,4677,1347,190,134,56,10517,11584,-1067
2013-03-08,5411,4889,522,6071,3042,3029,190,131,59,11672,8062,3610
2013-03-11,5600,4628,972,6394,2746,3648,190,131,59,12184,7505,4679
2013-03-12,5887,6402,-515,4944,3346,1598,190,131,59,11021,9879,1142
2013-03-13,5721,5422,299,6607,4046,2561,190,131,59,12518,9599,2919
2013-03-14,5690,8011,-2321,6825,5768,1057,190,131,59,12705,13910,-1205
2013-03-15,5286,11043,-5757,6639,5958,681,189,131,58,12114,17132,-5018
2013-03-18,5459,12263,-6804,6375,6795,-420,190,131,59,12024,19189,-7165
2013-03-19,6430,11872,-5442,6149,5487,662,186,131,55,12765,17490,-4725
2013-03-20,1921,7362,-5441,4756,2386,2370,187,131,56,6864,9879,-3015
2013-03-21,2408,7235,-4827,4953,2393,2560,187,131,56,7548,9759,-2211
2013-03-22,2370,7523,-5153,5283,2040,3243,227,131,96,7880,9694,-1814
2013-03-25,3028,7559,-4531,5602,1169,4433,227,126,101,8857,8854,3
2013-03-26,2729,7795,-5066,5434,1162,4272,227,126,101,8390,9083,-693
2013-03-27,2783,7465,-4682,6020,1420,4600,227,126,101,9030,9011,19
2013-03-28,2856,8325,-5469,6279,1276,5003,229,130,99,9364,9731,-367
2013-03-29,3447,7004,-3557,8500,1434,7066,227,130,97,12174,8568,3606
2013-04-01,3271,7361,-4090,8178,2312,5866,227,130,97,11676,9803,1873
2013-04-02,3179,8399,-5220,8148,2540,5608,227,130,97,11554,11069,485
2013-04-03,3257,9043,-5786,8420,2061,6359,229,130,99,11906,11234,672
2013-04-08,3736,15214,-11478,6245,2995,3250,229,130,99,10210,18339,-8129
2013-04-09,3919,15127,-11208,6314,2885,3429,228,130,98,10461,18142,-7681
2013-04-10,4041,14848,-10807,6324,2411,3913,227,130,97,10592,17389,-6797
2013-04-11,4315,11719,-7404,7600,1490,6110,227,130,97,12142,13339,-1197
2013-04-12,4328,12965,-8637,7538,1739,5799,230,130,100,12096,14834,-2738
2013-04-15,4629,14110,-9481,7661,1480,6181,233,110,123,12523,15700,-3177
2013-04-16,5049,14238,-9189,7938,1738,6200,329,120,209,13316,16096,-2780
2013-04-17,3790,3822,-32,3606,2113,1493,128,10,118,7524,5945,1579
2013-04-18,5109,4670,439,4729,2187,2542,128,10,118,9966,6867,3099
2013-04-19,8827,4443,4384,7563,1796,5767,130,10,120,16520,6249,10271
2013-04-22,8145,4942,3203,6158,1939,4219,131,10,121,14434,6891,7543
2013-04-23,7534,5855,1679,5654,2071,3583,128,33,95,13316,7959,5357
2013-04-24,8171,5134,3037,5301,2011,3290,131,43,88,13603,7188,6415
2013-04-25,9145,4729,4416,5777,1869,3908,131,43,88,15053,6641,8412
2013-04-26,9066,5211,3855,6362,2009,4353,129,78,51,15557,7298,8259
2013-04-29,9201,4546,4655,6992,2188,4804,129,85,44,16322,6819,9503
2013-04-30,9547,4409,5138,7025,3201,3824,129,95,34,16701,7705,8996
2013-05-02,9959,4026,5933,8501,2544,5957,129,108,21,18589,6678,11911
2013-05-03,9857,4235,5622,8136,2544,5592,129,108,21,18122,6887,11235
2013-05-06,9778,4375,5403,8292,3293,4999,129,108,21,18199,7776,10423
2013-05-07,10577,4060,6517,9424,3965,5459,129,108,21,20130,8133,11997
2013-05-08,11084,6101,4983,9252,3857,5395,129,108,21,20465,10066,10399
2013-05-09,11243,6543,4700,8753,4161,4592,129,108,21,20125,10812,9313
2013-05-10,11294,6504,4790,8620,4038,4582,128,108,20,20042,10650,9392
2013-05-13,11336,7081,4255,8450,4578,3872,128,108,20,19914,11767,8147
2013-05-14,11024,6102,4922,8235,3888,4347,128,108,20,19387,10098,9289
2013-05-15,5131,929,4202,5440,1757,3683,28,90,-62,10599,2776,7823
2013-05-16,6419,1419,5000,5909,3623,2286,28,90,-62,12356,5132,7224
2013-05-17,5714,1437,4277,5727,3960,1767,28,90,-62,11469,5487,5982
2013-05-20,5188,1434,3754,5566,4069,1497,28,90,-62,10782,5593,5189
2013-05-21,4848,1506,3342,5709,3282,2427,28,90,-62,10585,4878,5707
2013-05-22,3868,1888,1980,4801,3103,1698,28,90,-62,8697,5081,3616
2013-05-23,4447,6659,-2212,3710,3056,654,28,78,-50,8185,9793,-1608
2013-05-24,4535,6850,-2315,4379,2644,1735,28,66,-38,8942,9560,-618
2013-05-27,3957,4430,-473,4742,2847,1895,28,66,-38,8727,7343,1384
2013-05-28,3964,4587,-623,4695,3054,1641,28,66,-38,8687,7707,980
2013-05-29,4077,3404,673,5590,2996,2594,28,66,-38,9695,6466,3229
2013-05-30,4464,3889,575,4468,3684,784,30,66,-36,8962,7639,1323
2013-05-31,4531,6082,-1551,4533,4378,155,28,66,-38,9092,10526,-1434
2013-06-03,4820,5389,-569,6097,3537,2560,28,66,-38,10945,8992,1953
2013-06-04,4726,7275,-2549,4776,3948,828,28,66,-38,9530,11289,-1759
2013-06-05,4781,6935,-2154,5504,3876,1628,28,66,-38,10313,10877,-564
2013-06-06,4586,9080,-4494,4659,5129,-470,28,45,-17,9273,14254,-4981
2013-06-07,4546,8982,-4436,4802,5509,-707,30,0,30,9378,14491,-5113
2013-06-10,3883,8117,-4234,4992,5774,-782,28,0,28,8903,13891,-4988
2013-06-11,4454,9146,-4692,5041,5665,-624,29,0,29,9524,14811,-5287
2013-06-13,5941,14559,-8618,5181,8272,-3091,27,1,26,11149,22832,-11683
2013-06-14,6167,15011,-8844,5355,8029,-2674,27,1,26,11549,23041,-11492
2013-06-17,6069,14044,-7975,6481,6987,-506,27,1,26,12577,21032,-8455
2013-06-18,4768,11295,-6527,7687,7178,509,27,1,26,12482,18474,-5992
2013-06-19,1869,2100,-231,3049,4395,-1346,27,0,27,4945,6495,-1550
2013-06-20,1836,6120,-4284,3204,6123,-2919,28,0,28,5068,12243,-7175
2013-06-21,1874,7691,-5817,3535,6948,-3413,27,0,27,5436,14639,-9203
2013-06-24,1836,7581,-5745,3853,7094,-3241,27,0,27,5716,14675,-8959
2013-06-25,2412,8955,-6543,3855,6384,-2529,27,0,27,6294,15339,-9045
2013-06-26,2510,8541,-6031,3773,5473,-1700,27,1,26,6310,14015,-7705
2013-06-27,3091,6951,-3860,3739,5031,-1292,27,0,27,6857,11982,-5125
2013-06-28,4133,4291,-158,4474,3225,1249,27,0,27,8634,7516,1118
2013-07-01,5647,3732,1915,4829,2796,2033,41,0,41,10517,6528,3989
2013-07-02,6208,4032,2176,4585,2753,1832,45,0,45,10838,6785,4053
2013-07-03,3740,5969,-2229,3737,3613,124,47,0,47,7524,9582,-2058
2013-07-04,3733,5128,-1395,3754,3192,562,47,0,47,7534,8320,-786
2013-07-05,4664,4476,188,4601,2744,1857,49,0,49,9314,7220,2094
2013-07-08,3243,7893,-4650,3671,4735,-1064,49,0,49,6963,12628,-5665
2013-07-09,3627,4298,-671,4333,2405,1928,49,0,49,8009,6703,1306
2013-07-10,4129,4216,-87,4076,2388,1688,49,0,49,8254,6604,1650
2013-07-11,4918,3408,1510,4988,2253,2735,50,0,50,9956,5661,4295
2013-07-12,5011,3684,1327,4440,2274,2166,51,0,51,9502,5958,3544
2013-07-15,4818,4155,663,4417,2409,2008,52,0,52,9287,6564,2723
2013-07-16,5475,4103,1372,4321,2353,1968,56,0,56,9852,6456,3396
2013-07-17,2899,3050,-151,2998,1597,1401,54,0,54,5951,4647,1304
2013-07-18,2735,3630,-895,2917,1900,1017,54,0,54,5706,5530,176
2013-07-19,2456,9310,-6854,2946,4136,-1190,53,0,53,5455,13446,-7991
2013-07-22,2790,7171,-4381,3523,3690,-167,55,0,55,6368,10861,-4493
2013-07-23,3570,6475,-2905,3782,3592,190,58,0,58,7410,10067,-2657
2013-07-24,3673,6647,-2974,3486,3678,-192,59,0,59,7218,10325,-3107
2013-07-25,3950,7331,-3381,3720,3428,292,55,0,55,7725,10759,-3034
2013-07-26,3779,9075,-5296,3559,3794,-235,55,0,55,7393,12869,-5476
2013-07-29,3919,10600,-6681,3502,3738,-236,53,0,53,7474,14338,-6864
2013-07-30,5924,8532,-2608,3800,2981,819,50,0,50,9774,11513,-1739
2013-07-31,4796,12185,-7389,3411,4300,-889,51,0,51,8258,16485,-8227
2013-08-01,5094,14092,-8998,3397,4645,-1248,54,0,54,8545,18737,-10192
2013-08-02,5258,13963,-8705,2511,4201,-1690,54,0,54,7823,18164,-10341
2013-08-05,6849,12307,-5458,2774,3488,-714,55,0,55,9678,15795,-6117
2013-08-06,6641,17692,-11051,2639,6361,-3722,56,0,56,9336,24053,-14717
2013-08-07,5519,20988,-15469,2844,5826,-2982,54,1,53,8417,26815,-18398
2013-08-08,5000,21623,-16623,3037,5440,-2403,54,1,53,8091,27064,-18973
2013-08-09,5349,21163,-15814,3050,5439,-2389,54,2,52,8453,26604,-18151
2013-08-12,5346,19802,-14456,3003,4901,-1898,54,4,50,8403,24707,-16304
2013-08-13,8052,18136,-10084,3186,4038,-852,54,4,50,11292,22178,-10886
2013-08-14,6489,19434,-12945,2621,4100,-1479,55,4,51,9165,23538,-14373
2013-08-15,7615,19607,-11992,2810,4081,-1271,53,1,52,10478,23689,-13211
2013-08-16,8766,17341,-8575,3523,4293,-770,53,1,52,12342,21635,-9293
2013-08-19,8670,17577,-8907,3391,5162,-1771,53,1,52,12114,22740,-10626
2013-08-20,8670,18010,-9340,3269,6676,-3407,46,1,45,11985,24687,-12702
2013-08-22,2708,4185,-1477,1967,5233,-3266,46,0,46,4721,9418,-4697
2013-08-23,5736,3057,2679,2776,5118,-2342,46,0,46,8558,8175,383
2013-08-26,6005,2507,3498,2926,5219,-2293,47,0,47,8978,7726,1252
2013-08-27,4669,3661,1008,3159,5384,-2225,47,0,47,7875,9045,-1170
2013-08-28,7121,2245,4876,2293,5161,-2868,47,0,47,9461,7406,2055
2013-08-29,11848,2318,9530,3054,4589,-1535,49,0,49,14951,6907,8044
2013-08-30,12747,2765,9982,3520,6230,-2710,49,0,49,16316,8995,7321
2013-09-02,14634,2820,11814,3554,5732,-2178,51,0,51,18239,8552,9687
2013-09-03,14232,3221,11011,3166,6086,-2920,51,0,51,17449,9307,8142
2013-09-04,14677,1892,12785,2811,4953,-2142,51,0,51,17539,6845,10694
2013-09-05,15430,2248,13182,3231,5233,-2002,51,0,51,18712,7481,11231
2013-09-06,16347,2254,14093,3214,5003,-1789,43,0,43,19604,7257,12347
2013-09-09,16737,2366,14371,2921,5041,-2120,45,0,45,19703,7407,12296
2013-09-10,15898,2472,13426,3181,5189,-2008,45,0,45,19124,7661,11463
2013-09-11,15886,2242,13644,3300,4926,-1626,47,0,47,19233,7168,12065
2013-09-12,15463,2160,13303,4002,4597,-595,47,0,47,19512,6757,12755
2013-09-13,13844,2487,11357,4811,4654,157,47,0,47,18702,7141,11561
2013-09-14,14674,2646,12028,5388,4660,728,47,0,47,20109,7306,12803
2013-09-16,15549,3103,12446,5467,4729,738,47,0,47,21063,7832,13231
2013-09-17,15076,2019,13057,5448,4743,705,47,0,47,20571,6762,13809
2013-09-18,2929,2492,437,3220,1943,1277,39,0,39,6188,4435,1753
2013-09-23,4594,1446,3148,3841,2041,1800,39,0,39,8474,3487,4987
2013-09-24,6120,1618,4502,3646,2221,1425,38,0,38,9804,3839,5965
2013-09-25,4667,2083,2584,3383,2125,1258,38,0,38,8088,4208,3880
2013-09-26,4622,3148,1474,3180,2585,595,35,0,35,7837,5733,2104
2013-09-27,4862,3124,1738,3570,2300,1270,35,0,35,8467,5424,3043
2013-09-30,6104,4177,1927,3625,2426,1199,35,0,35,9764,6603,3161
2013-10-01,6697,3894,2803,3788,2325,1463,35,0,35,10520,6219,4301
2013-10-02,5920,2873,3047,3738,2335,1403,35,0,35,9693,5208,4485
2013-10-03,9294,2637,6657,4354,2812,1542,35,0,35,13683,5449,8234
2013-10-04,7348,2497,4851,3391,2908,483,38,0,38,10777,5405,5372
2013-10-07,5631,2789,2842,3093,3317,-224,38,0,38,8762,6106,2656
2013-10-08,7033,3247,3786,2997,3062,-65,38,0,38,10068,6309,3759
2013-10-09,6129,3497,2632,2200,2451,-251,38,0,38,8367,5948,2419
2013-10-11,5594,4635,959,2335,2689,-354,38,0,38,7967,7324,643
2013-10-14,5785,5448,337,2377,3191,-814,38,0,38,8200,8639,-439
2013-10-15,6130,4911,1219,3135,2793,342,38,0,38,9303,7704,1599
2013-10-16,2582,2395,187,3623,2414,1209,35,0,35,6240,4809,1431
2013-10-17,3069,4575,-1506,3556,2359,1197,25,0,25,6650,6934,-284
2013-10-18,4694,3704,990,4628,2175,2453,25,0,25,9347,5879,3468
2013-10-21,4168,4497,-329,3923,2368,1555,25,0,25,8116,6865,1251
2013-10-22,5235,3568,1667,4466,2255,2211,25,0,25,9726,5823,3903
2013-10-23,3996,6312,-2316,3329,2354,975,26,0,26,7351,8666,-1315
2013-10-24,3478,4058,-580,4081,2188,1893,26,0,26,7585,6246,1339
2013-10-25,4003,7979,-3976,3085,2482,603,26,0,26,7114,10461,-3347
2013-10-28,3527,3611,-84,4096,2647,1449,27,0,27,7650,6258,1392
2013-10-29,5054,3366,1688,4615,2464,2151,26,0,26,9695,5830,3865
2013-10-30,5422,3009,2413,4797,2597,2200,27,0,27,10246,5606,4640
2013-10-31,6133,3338,2795,5619,2637,2982,28,0,28,11780,5975,5805
2013-11-01,2734,5382,-2648,5156,3172,1984,28,0,28,7918,8554,-636
2013-11-04,3349,7326,-3977,4849,3683,1166,29,0,29,8227,11009,-2782
2013-11-05,3339,10089,-6750,4119,3934,185,29,4,25,7487,14027,-6540
2013-11-06,2839,10956,-8117,3775,3414,361,29,23,6,6643,14393,-7750
2013-11-07,2758,11612,-8854,3938,3344,594,29,26,3,6725,14982,-8257
2013-11-08,2931,11733,-8802,4838,4177,661,29,49,-20,7798,15959,-8161
2013-11-11,3295,15144,-11849,4334,4482,-148,29,52,-23,7658,19678,-12020
2013-11-12,2955,13816,-10861,4279,4451,-172,28,78,-50,7262,18345,-11083
2013-11-13,3425,18402,-14977,2812,4104,-1292,28,69,-41,6265,22575,-16310
2013-11-14,4229,17289,-13060,3004,4126,-1122,28,174,-146,7261,21589,-14328
2013-11-15,4495,15927,-11432,2472,4091,-1619,28,174,-146,6995,20192,-13197
2013-11-18,6160,14999,-8839,2896,4012,-1116,28,174,-146,9084,19185,-10101
2013-11-19,5664,12436,-6772,3382,3936,-554,28,148,-120,9074,16520,-7446
2013-11-20,2996,7033,-4037,2083,2518,-435,28,71,-43,5107,9622,-4515
2013-11-21,3955,11406,-7451,2274,3430,-1156,28,51,-23,6257,14887,-8630
2013-11-22,4142,10065,-5923,2588,3651,-1063,28,52,-24,6758,13768,-7010
2013-11-25,4881,7110,-2229,2619,3038,-419,28,52,-24,7528,10200,-2672
2013-11-26,6100,4515,1585,2608,2994,-386,29,53,-24,8737,7562,1175
2013-11-27,7021,3616,3405,2755,3352,-597,29,53,-24,9805,7021,2784
2013-11-28,7943,3974,3969,3257,3986,-729,29,53,-24,11229,8013,3216
2013-11-29,9408,3743,5665,3389,3516,-127,29,132,-103,12826,7391,5435
2013-12-02,8573,3698,4875,3516,3915,-399,29,132,-103,12118,7745,4373
2013-12-03,8111,3539,4572,3450,3556,-106,29,132,-103,11590,7227,4363
2013-12-04,10754,3486,7268,2856,3253,-397,29,132,-103,13639,6871,6768
2013-12-05,7296,3302,3994,2774,3095,-321,29,87,-58,10099,6484,3615
2013-12-06,8122,3625,4497,2832,2761,71,29,87,-58,10983,6473,4510
2013-12-09,8714,5170,3544,3543,3870,-327,31,87,-56,12288,9127,3161
2013-12-10,9331,4544,4787,3396,3357,39,31,87,-56,12758,7988,4770
2013-12-11,6579,2996,3583,3286,3104,182,31,87,-56,9896,6187,3709
2013-12-12,5507,2901,2606,3700,3200,500,31,89,-58,9238,6190,3048
2013-12-13,6025,4131,1894,3348,3365,-17,32,89,-57,9405,7585,1820
2013-12-16,6905,7423,-518,3118,3547,-429,31,89,-58,10054,11059,-1005
2013-12-17,6816,6592,224,2875,3768,-893,31,89,-58,9722,10449,-727
2013-12-18,1941,2357,-416,1556,2875,-1319,24,87,-63,3521,5319,-1798
2013-12-19,3394,2206,1188,1538,2706,-1168,25,97,-72,4957,5009,-52
2013-12-20,6054,1955,4099,1622,2929,-1307,25,97,-72,7701,4981,2720
2013-12-23,7654,2607,5047,2065,3270,-1205,25,98,-73,9744,5975,3769
2013-12-24,8221,2897,5324,2182,3081,-899,25,98,-73,10428,6076,4352
2013-12-25,8619,2433,6186,2296,3730,-1434,25,98,-73,10940,6261,4679
2013-12-26,8708,2483,6225,2614,3741,-1127,25,98,-73,11347,6322,5025
2013-12-27,10444,2694,7750,2920,3559,-639,26,90,-64,13390,6343,7047
2013-12-30,12751,3605,9146,3304,3583,-279,27,91,-64,16082,7279,8803
2013-12-31,12060,3981,8079,3077,3780,-703,27,91,-64,15164,7852,7312
2014-01-02,11369,3337,8032,3002,3271,-269,27,92,-65,14398,6700,7698
2014-01-03,7915,4302,3613,2703,3259,-556,27,91,-64,10645,7652,2993
2014-01-06,8903,5404,3499,3448,4026,-578,27,90,-63,12378,9520,2858
2014-01-07,9175,5806,3369,3657,4559,-902,27,91,-64,12859,10456,2403
2014-01-08,7486,3750,3736,2418,4236,-1818,27,92,-65,9931,8078,1853
2014-01-09,6360,4430,1930,2300,4709,-2409,27,92,-65,8687,9231,-544
2014-01-10,7706,4139,3567,2465,4810,-2345,29,92,-63,10200,9041,1159
2014-01-13,6985,3253,3732,2401,5378,-2977,29,88,-59,9415,8719,696
2014-01-14,7411,3116,4295,1961,5170,-3209,29,88,-59,9401,8374,1027
2014-01-15,4571,1829,2742,2783,1939,844,25,88,-63,7379,3856,3523
2014-01-16,3370,2239,1131,2150,2272,-122,25,88,-63,5545,4599,946
2014-01-17,3269,4155,-886,2349,2233,116,25,88,-63,5643,6476,-833
2014-01-20,3546,3800,-254,2571,1811,760,25,88,-63,6142,5699,443
2014-01-21,4224,5425,-1201,2227,1817,410,25,88,-63,6476,7330,-854
2014-01-22,3992,3935,57,2343,1627,716,34,88,-54,6369,5650,719
2014-01-23,3718,6019,-2301,2604,2577,27,33,88,-55,6355,8684,-2329
2014-01-24,4042,3417,625,2964,2242,722,42,88,-46,7048,5747,1301
2014-01-27,4399,9287,-4888,2166,3723,-1557,49,88,-39,6614,13098,-6484
2014-02-05,4789,13790,-9001,2065,2774,-709,53,9,44,6907,16573,-9666
2014-02-06,4848,11472,-6624,2745,2868,-123,53,7,46,7646,14347,-6701
2014-02-07,6573,10077,-3504,3487,2778,709,52,8,44,10112,12863,-2751
2014-02-10,7204,8576,-1372,3896,3084,812,52,8,44,11152,11668,-516
2014-02-11,8877,6301,2576,4216,2905,1311,52,7,45,13145,9213,3932
2014-02-12,8711,3279,5432,3792,1977,1815,54,7,47,12557,5263,7294
2014-02-13,9117,3541,5576,4163,1898,2265,55,7,48,13335,5446,7889
2014-02-14,10864,4165,6699,4748,1678,3070,53,7,46,15665,5850,9815
2014-02-17,10718,4354,6364,4756,1663,3093,53,7,46,15527,6024,9503
2014-02-18,11737,3634,8103,4861,1720,3141,50,7,43,16648,5361,11287
2014-02-19,6759,816,5943,2555,1501,1054,33,0,33,9347,2317,7030
2014-02-20,5133,1830,3303,3136,1829,1307,33,0,33,8302,3659,4643
2014-02-21,8027,2175,5852,3882,1555,2327,33,0,33,11942,3730,8212
2014-02-24,5875,2495,3380,3676,1543,2133,33,0,33,9584,4038,5546
2014-02-25,6535,2928,3607,3910,1574,2336,35,0,35,10480,4502,5978
2014-02-26,9017,2029,6988,4732,1604,3128,35,0,35,13784,3633,10151
2014-02-27,10292,2516,7776,4882,1555,3327,35,0,35,15209,4071,11138
2014-03-03,8670,4234,4436,4569,1840,2729,35,0,35,13274,6074,7200
2014-03-04,8427,4198,4229,4435,1767,2668,35,0,35,12897,5965,6932
2014-03-05,8501,2817,5684,4704,1568,3136,35,0,35,13240,4385,8855
2014-03-06,14008,3553,10455,5929,1487,4442,37,0,37,19974,5040,14934
2014-03-07,13859,4270,9589,6299,1391,4908,37,0,37,20195,5661,14534
2014-03-10,13027,5206,7821,5990,1568,4422,37,0,37,19054,6774,12280
2014-03-11,14633,5888,8745,6350,1586,4764,37,0,37,21020,7474,13546
2014-03-12,9583,4243,5340,6112,1632,4480,37,0,37,15732,5875,9857
2014-03-13,14117,3855,10262,7233,2025,5208,37,0,37,21387,5880,15507
2014-03-14,12087,4076,8011,6570,2294,4276,37,0,37,18694,6370,12324
2014-03-17,11517,3334,8183,6778,2328,4450,37,0,37,18332,5662,12670
2014-03-18,12336,4601,7735,6755,2243,4512,37,0,37,19128,6844,12284
2014-03-19,5063,1252,3811,3220,1598,1622,34,0,34,8317,2850,5467
2014-03-20,4082,4127,-45,2253,2126,127,33,0,33,6368,6253,115
2014-03-21,4487,4551,-64,2671,2055,616,33,2,31,7191,6608,583
2014-03-24,4402,3870,532,3614,2293,1321,33,2,31,8049,6165,1884
2014-03-25,8061,3252,4809,3642,1567,2075,33,1,32,11736,4820,6916
2014-03-26,9776,2153,7623,3638,1462,2176,33,0,33,13447,3615,9832
2014-03-27,13105,2538,10567,5106,1624,3482,35,0,35,18246,4162,14084
2014-03-28,12683,2730,9953,5062,1830,3232,33,0,33,17778,4560,13218
2014-03-31,14281,3000,11281,5435,2352,3083,33,0,33,19749,5352,14397
2014-04-01,16247,3197,13050,6223,2312,3911,33,0,33,22503,5509,16994
2014-04-02,14972,2373,12599,5726,1453,4273,33,0,33,20731,3826,16905
2014-04-03,16449,2693,13756,6121,1396,4725,33,0,33,22603,4089,18514
2014-04-07,16906,3218,13688,6037,1420,4617,33,0,33,22976,4638,18338
2014-04-08,17970,4388,13582,5860,1437,4423,33,0,33,23863,5825,18038
2014-04-09,17419,3964,13455,6047,1612,4435,33,0,33,23499,5576,17923
2014-04-10,17530,4199,13331,5740,1617,4123,33,0,33,23303,5816,17487
2014-04-11,16879,3057,13822,5696,1601,4095,33,42,-9,22608,4700,17908
2014-04-14,17355,3520,13835,5192,1451,3741,33,42,-9,22580,5013,17567
2014-04-15,20706,3853,16853,5119,661,4458,33,42,-9,25858,4556,21302
2014-04-16,11086,1143,9943,3495,625,2870,33,0,33,14614,1768,12846
2014-04-17,11283,1176,10107,4249,836,3413,33,0,33,15565,2012,13553
2014-04-18,9036,1131,7905,4716,1288,3428,33,0,33,13785,2419,11366
2014-04-21,9218,1333,7885,5154,1328,3826,33,0,33,14405,2661,11744
2014-04-22,10616,2077,8539,5875,1140,4735,33,0,33,16524,3217,13307
2014-04-23,7722,1687,6035,5987,981,5006,33,0,33,13742,2668,11074
2014-04-24,8516,2816,5700,6467,1076,5391,33,0,33,15016,3892,11124
2014-04-25,7500,9648,-2148,5307,2209,3098,33,0,33,12840,11857,983
2014-04-28,8316,7466,850,5532,2193,3339,33,7,26,13881,9666,4215
2014-04-29,9799,8328,1471,5888,2248,3640,33,0,33,15720,10576,5144
2014-04-30,7751,11136,-3385,5807,2086,3721,33,0,33,13591,13222,369
2014-05-02,8426,8412,14,6671,1832,4839,33,0,33,15130,10244,4886
2014-05-05,8484,10102,-1618,6040,1945,4095,33,0,33,14557,12047,2510
2014-05-06,9449,10171,-722,7616,2323,5293,33,0,33,17098,12494,4604
2014-05-07,7282,11256,-3974,7918,2110,5808,33,0,33,15233,13366,1867
2014-05-08,8655,11112,-2457,9716,2137,7579,33,0,33,18404,13249,5155
2014-05-09,8635,12333,-3698,8272,2532,5740,33,0,33,16940,14865,2075
2014-05-12,8900,12627,-3727,7195,2513,4682,33,0,33,16128,15140,988
2014-05-13,9456,14157,-4701,8959,2958,6001,33,0,33,18448,17115,1333
2014-05-14,9201,11346,-2145,11077,2790,8287,33,0,33,20311,14136,6175
2014-05-15,8923,11547,-2624,10034,2831,7203,33,0,33,18990,14378,4612
2014-05-16,9339,11410,-2071,9017,2982,6035,33,0,33,18389,14392,3997
2014-05-19,8730,10796,-2066,9388,3083,6305,33,0,33,18151,13879,4272
2014-05-20,9197,10486,-1289,8694,2865,5829,33,0,33,17924,13351,4573
2014-05-21,3852,2013,1839,2485,1873,612,33,0,33,6370,3886,2484
2014-05-22,6253,1962,4291,4155,647,3508,33,0,33,10441,2609,7832
2014-05-23,6860,2486,4374,4698,768,3930,33,0,33,11591,3254,8337
2014-05-26,7331,2720,4611,4475,748,3727,33,0,33,11839,3468,8371
2014-05-27,7738,2751,4987,4307,823,3484,33,0,33,12078,3574,8504
2014-05-28,8916,1899,7017,3531,1079,2452,33,0,33,12480,2978,9502
2014-05-29,8634,2206,6428,3031,1213,1818,33,0,33,11698,3419,8279
2014-05-30,8329,2236,6093,2628,1320,1308,33,0,33,10990,3556,7434
2014-06-03,8105,2322,5783,2546,1815,731,33,0,33,10684,4137,6547
2014-06-04,7700,1931,5769,2592,1465,1127,33,0,33,10325,3396,6929
2014-06-05,8126,2064,6062,2773,2727,46,33,0,33,10932,4791,6141
2014-06-06,8135,2050,6085,2892,2539,353,33,0,33,11060,4589,6471
2014-06-09,8458,2171,6287,3290,2607,683,33,0,33,11781,4778,7003
2014-06-10,9440,2688,6752,3921,1836,2085,33,0,33,13394,4524,8870
2014-06-11,9170,2125,7045,4063,1797,2266,33,0,33,13266,3922,9344
2014-06-12,9246,2224,7022,4137,2159,1978,48,0,48,13431,4383,9048
2014-06-13,8560,2265,6295,4125,2531,1594,48,0,48,12733,4796,7937
2014-06-16,8382,2597,5785,4684,2096,2588,48,0,48,13114,4693,8421
2014-06-17,8250,3396,4854,4781,2704,2077,48,0,48,13079,6100,6979
2014-06-18,2649,2048,601,3573,544,3029,45,0,45,6267,2592,3675
2014-06-19,2728,3258,-530,4001,691,3310,45,0,45,6774,3949,2825
2014-06-20,2821,4026,-1205,2679,701,1978,52,0,52,5552,4727,825
2014-06-23,3255,5004,-1749,3475,745,2730,52,0,52,6782,5749,1033
2014-06-24,2475,4638,-2163,3014,960,2054,84,0,84,5573,5598,-25
2014-06-25,1733,3097,-1364,2978,1025,1953,84,0,84,4795,4122,673
2014-06-26,2904,3099,-195,5029,1533,3496,85,0,85,8018,4632,3386
2014-06-27,2726,3174,-448,4837,1621,3216,85,0,85,7648,4795,2853
2014-06-30,3849,3792,57,5054,1825,3229,85,0,85,8988,5617,3371
2014-07-01,3871,4459,-588,5430,1945,3485,145,0,145,9446,6404,3042
2014-07-02,3385,3338,47,5983,3156,2827,147,0,147,9515,6494,3021
2014-07-03,4754,2987,1767,6529,3570,2959,148,0,148,11431,6557,4874
2014-07-04,4575,3062,1513,6339,4076,2263,148,0,148,11062,7138,3924
2014-07-07,4582,3145,1437,7098,4252,2846,148,0,148,11828,7397,4431
2014-07-08,5957,3971,1986,8076,4276,3800,150,0,150,14183,8247,5936
2014-07-09,4780,3804,976,8264,4632,3632,150,0,150,13194,8436,4758
2014-07-10,5756,4519,1237,9500,4550,4950,150,4,146,15406,9073,6333
2014-07-11,5815,8156,-2341,5293,5013,280,152,8,144,11260,13177,-1917
2014-07-14,5395,7693,-2298,6318,4956,1362,152,8,144,11865,12657,-792
2014-07-15,5259,8583,-3324,6362,5121,1241,152,12,140,11773,13716,-1943
2014-07-16,3283,6285,-3002,4333,4736,-403,183,12,171,7799,11033,-3234
2014-07-17,3797,8739,-4942,4124,4894,-770,183,12,171,8104,13645,-5541
2014-07-18,4822,8328,-3506,4051,5215,-1164,183,12,171,9056,13555,-4499
2014-07-21,5165,8078,-2913,4172,4938,-766,183,12,171,9520,13028,-3508
2014-07-22,5783,7517,-1734,5240,4938,302,183,12,171,11206,12467,-1261
2014-07-24,4760,4555,205,4517,4848,-331,184,12,172,9461,9415,46
2014-07-25,3997,5544,-1547,3743,8262,-4519,184,12,172,7924,13818,-5894
2014-07-28,5266,5991,-725,3878,8178,-4300,184,12,172,9328,14181,-4853
2014-07-29,4121,7149,-3028,4366,9637,-5271,184,12,172,8671,16798,-8127
2014-07-30,6376,6446,-70,4796,9562,-4766,183,12,171,11355,16020,-4665
2014-07-31,4627,9924,-5297,4663,10337,-5674,182,12,170,9472,20273,-10801
2014-08-01,5524,10739,-5215,4824,10392,-5568,182,12,170,10530,21143,-10613
2014-08-04,6109,11097,-4988,4844,10252,-5408,182,12,170,11135,21361,-10226
2014-08-05,7754,21508,-13754,4948,10102,-5154,182,12,170,12884,31622,-18738
2014-08-06,4475,17602,-13127,4453,10032,-5579,180,12,168,9108,27646,-18538
2014-08-07,4537,18165,-13628,4538,9970,-5432,180,12,168,9255,28147,-18892
2014-08-08,6155,18213,-12058,4774,10211,-5437,181,12,169,11110,28436,-17326
2014-08-11,5900,17942,-12042,4745,10174,-5429,181,12,169,10826,28128,-17302
2014-08-12,6736,18868,-12132,4970,10123,-5153,182,12,170,11888,29003,-17115
2014-08-13,6019,13590,-7571,4798,9950,-5152,181,12,169,10998,23552,-12554
2014-08-14,6079,12778,-6699,4836,9987,-5151,182,12,170,11097,22777,-11680
2014-08-15,5877,13217,-7340,3586,10058,-6472,184,12,172,9647,23287,-13640
2014-08-18,5376,13019,-7643,3528,10244,-6716,184,12,172,9088,23275,-14187
2014-08-19,7749,9571,-1822,3826,10047,-6221,188,12,176,11763,19630,-7867
2014-08-20,4718,5127,-409,3532,5490,-1958,168,12,156,8418,10629,-2211
2014-08-21,5317,6826,-1509,3532,5740,-2208,168,12,156,9017,12578,-3561
2014-08-22,6557,4963,1594,3827,5846,-2019,168,12,156,10552,10821,-269
2014-08-25,6679,5770,909,3836,6033,-2197,168,12,156,10683,11815,-1132
2014-08-26,6794,6045,749,3892,6065,-2173,166,12,154,10852,12122,-1270
2014-08-27,6672,4551,2121,3765,5992,-2227,167,12,155,10604,10555,49
2014-08-28,6574,4628,1946,3794,6005,-2211,167,12,155,10535,10645,-110
2014-08-29,6888,5421,1467,3953,6388,-2435,167,12,155,11008,11821,-813
2014-09-01,7935,5632,2303,3969,6387,-2418,167,12,155,12071,12031,40
2014-09-02,8051,12168,-4117,3936,6292,-2356,167,12,155,12154,18472,-6318
2014-09-03,5712,6982,-1270,4016,6292,-2276,167,12,155,9895,13286,-3391
2014-09-04,6590,7742,-1152,4067,6322,-2255,167,12,155,10824,14076,-3252
2014-09-05,6714,9406,-2692,4044,6273,-2229,167,12,155,10925,15691,-4766
2014-09-09,6917,9927,-3010,4048,6278,-2230,167,12,155,11132,16217,-5085
2014-09-10,6730,12518,-5788,4061,6276,-2215,167,12,155,10958,18806,-7848
2014-09-11,7362,13398,-6036,3951,6277,-2326,167,12,155,11480,19687,-8207
2014-09-12,8202,15778,-7576,3957,6281,-2324,167,12,155,12326,22071,-9745
2014-09-15,8063,15630,-7567,4023,6275,-2252,167,12,155,12253,21917,-9664
2014-09-16,5299,17387,-12088,3949,6191,-2242,167,12,155,9415,23590,-14175
2014-09-17,1556,7940,-6384,2777,5104,-2327,67,12,55,4400,13056,-8656
2014-09-18,1930,9888,-7958,2910,5154,-2244,67,12,55,4907,15054,-10147
2014-09-19,3255,11123,-7868,2983,5253,-2270,124,12,112,6362,16388,-10026
2014-09-22,4570,14907,-10337,2914,5328,-2414,124,12,112,7608,20247,-12639
2014-09-23,5116,14707,-9591,3346,5620,-2274,124,12,112,8586,20339,-11753
2014-09-24,2918,13377,-10459,3341,5880,-2539,124,12,112,6383,19269,-12886
2014-09-25,3500,17449,-13949,3951,6636,-2685,124,52,72,7575,24137,-16562
2014-09-26,4657,16635,-11978,4121,6786,-2665,124,52,72,8902,23473,-14571
2014-09-29,5239,17651,-12412,4574,7175,-2601,144,52,92,9957,24878,-14921
2014-09-30,5851,17554,-11703,4953,7883,-2930,144,52,92,10948,25489,-14541
2014-10-01,2913,12426,-9513,4966,7977,-3011,144,52,92,8023,20455,-12432
2014-10-02,2928,12525,-9597,5106,7981,-2875,144,72,72,8178,20578,-12400
2014-10-03,4289,11991,-7702,5268,7752,-2484,164,92,72,9721,19835,-10114
2014-10-06,4824,15430,-10606,5202,7839,-2637,163,92,71,10189,23361,-13172
2014-10-07,5344,16102,-10758,5447,7911,-2464,154,92,62,10945,24105,-13160
2014-10-08,4006,15550,-11544,5478,8057,-2579,134,102,32,9618,23709,-14091
2014-10-09,3915,15711,-11796,6207,8600,-2393,134,102,32,10256,24413,-14157
2014-10-13,2858,16924,-14066,6293,9075,-2782,134,90,44,9285,26089,-16804
2014-10-14,3455,16328,-12873,6922,9584,-2662,195,50,145,10572,25962,-15390
2014-10-15,1780,9885,-8105,2527,6505,-3978,155,50,105,4462,16440,-11978
2014-10-16,3228,11241,-8013,2641,6556,-3915,155,50,105,6024,17847,-11823
2014-10-17,4770,13470,-8700,2625,6522,-3897,175,50,125,7570,20042,-12472
2014-10-20,6390,11232,-4842,2827,6640,-3813,175,50,125,9392,17922,-8530
2014-10-21,7062,12279,-5217,2776,6558,-3782,175,50,125,10013,18887,-8874
2014-10-22,2034,5861,-3827,3038,5647,-2609,175,50,125,5247,11558,-6311
2014-10-23,2628,7015,-4387,2892,5722,-2830,175,50,125,5695,12787,-7092
2014-10-24,3234,10063,-6829,2822,5667,-2845,175,0,175,6231,15730,-9499
2014-10-27,3220,9315,-6095,3068,5615,-2547,184,0,184,6472,14930,-8458
2014-10-28,3269,5328,-2059,3416,5842,-2426,184,0,184,6869,11170,-4301
2014-10-29,3823,4096,-273,2997,5678,-2681,175,0,175,6995,9774,-2779
2014-10-30,2976,4614,-1638,2987,5697,-2710,175,0,175,6138,10311,-4173
2014-10-31,4601,4498,103,2944,5676,-2732,175,0,175,7720,10174,-2454
2014-11-03,4260,4590,-330,3160,5823,-2663,175,0,175,7595,10413,-2818
2014-11-04,5052,4562,490,3269,5953,-2684,175,0,175,8496,10515,-2019
2014-11-05,2576,4862,-2286,3248,5933,-2685,175,0,175,5999,10795,-4796
2014-11-06,2780,7232,-4452,3337,6206,-2869,175,0,175,6292,13438,-7146
2014-11-07,2886,6599,-3713,3400,6052,-2652,175,0,175,6461,12651,-6190
2014-11-10,5624,7041,-1417,3948,6084,-2136,175,0,175,9747,13125,-3378
2014-11-11,4784,8255,-3471,3531,6127,-2596,175,0,175,8490,14382,-5892
2014-11-12,2594,9042,-6448,3291,6039,-2748,175,0,175,6060,15081,-9021
2014-11-13,2820,6882,-4062,3573,6053,-2480,175,0,175,6568,12935,-6367
2014-11-14,3051,6797,-3746,3628,5954,-2326,175,0,175,6854,12751,-5897
2014-11-17,4078,7548,-3470,3630,5891,-2261,175,0,175,7883,13439,-5556
2014-11-18,2177,9390,-7213,3552,6130,-2578,255,0,255,5984,15520,-9536
2014-11-19,1439,5139,-3700,3007,3044,-37,211,0,211,4657,8183,-3526
2014-11-20,2615,4813,-2198,3100,3071,29,211,0,211,5926,7884,-1958
2014-11-21,2866,5576,-2710,2606,3019,-413,211,0,211,5683,8595,-2912
2014-11-24,3731,6478,-2747,2461,2996,-535,211,0,211,6403,9474,-3071
2014-11-25,4922,7405,-2483,2519,3030,-511,201,0,201,7642,10435,-2793
2014-11-26,2694,5094,-2400,2447,3070,-623,201,0,201,5342,8164,-2822
2014-11-27,4329,5254,-925,2308,3064,-756,201,0,201,6838,8318,-1480
2014-11-28,4674,5922,-1248,2249,3081,-832,201,0,201,7124,9003,-1879
2014-12-01,5666,6544,-878,2098,3046,-948,201,34,167,7965,9624,-1659
2014-12-02,6542,11479,-4937,2065,3080,-1015,201,68,133,8808,14627,-5819
2014-12-03,4384,3543,841,2693,2985,-292,201,68,133,7278,6596,682
2014-12-04,5017,4994,23,2500,3039,-539,201,68,133,7718,8101,-383
2014-12-05,5199,5436,-237,2342,3144,-802,201,68,133,7742,8648,-906
2014-12-08,4757,7330,-2573,2305,3272,-967,201,68,133,7263,10670,-3407
2014-12-09,5095,9652,-4557,2383,3467,-1084,201,68,133,7679,13187,-5508
2014-12-10,3642,12309,-8667,1986,3655,-1669,201,68,133,5829,16032,-10203
2014-12-11,4053,11540,-7487,2648,3996,-1348,201,68,133,6902,15604,-8702
2014-12-12,3993,10880,-6887,3348,4661,-1313,201,68,133,7542,15609,-8067
2014-12-15,4608,10478,-5870,3435,4377,-942,201,68,133,8244,14923,-6679
2014-12-16,4260,12687,-8427,3329,4519,-1190,201,68,133,7790,17274,-9484
2014-12-17,1277,7844,-6567,1142,1572,-430,201,68,133,2620,9484,-6864
2014-12-18,2225,7873,-5648,1297,1508,-211,201,50,151,3723,9431,-5708
2014-12-19,5245,5196,49,1384,1321,63,202,50,152,6831,6567,264
2014-12-22,7253,4858,2395,1400,1246,154,202,50,152,8855,6154,2701
2014-12-23,7634,5162,2472,1446,1295,151,202,50,152,9282,6507,2775
2014-12-24,7896,3361,4535,1484,1258,226,202,50,152,9582,4669,4913
2014-12-25,8586,3640,4946,1472,1261,211,202,50,152,10260,4951,5309
2014-12-26,8967,4437,4530,1445,1311,134,202,50,152,10614,5798,4816
2014-12-27,10266,4622,5644,1447,1311,136,202,50,152,11915,5983,5932
2014-12-29,12621,5812,6809,1477,1275,202,202,50,152,14300,7137,7163
2014-12-30,11773,6139,5634,1480,1418,62,202,50,152,13455,7607,5848
2014-12-31,7530,4206,3324,1572,1484,88,202,50,152,9304,5740,3564
2015-01-05,8070,5381,2689,1762,1463,299,202,50,152,10034,6894,3140
2015-01-06,3028,6749,-3721,1599,1575,24,202,50,152,4829,8374,-3545
2015-01-07,2444,6964,-4520,1450,1541,-91,202,60,142,4096,8565,-4469
2015-01-08,8328,5960,2368,1722,1369,353,202,60,142,10252,7389,2863
2015-01-09,7276,8239,-963,1553,1778,-225,202,60,142,9031,10077,-1046
2015-01-12,7928,8546,-618,1611,1654,-43,202,60,142,9741,10260,-519
2015-01-13,8772,8360,412,1638,1737,-99,202,60,142,10612,10157,455
2015-01-14,5399,7036,-1637,1564,1956,-392,202,60,142,7165,9052,-1887
2015-01-15,5380,6758,-1378,1699,1758,-59,202,60,142,7281,8576,-1295
2015-01-16,4558,7590,-3032,1593,2100,-507,202,60,142,6353,9750,-3397
2015-01-19,5810,8587,-2777,1672,1990,-318,202,63,139,7684,10640,-2956
2015-01-20,8205,8508,-303,1899,1762,137,202,63,139,10306,10333,-27
2015-01-21,3306,4339,-1033,1897,706,1191,222,63,159,5425,5108,317
2015-01-22,4274,5309,-1035,2100,782,1318,222,63,159,6596,6154,442
2015-01-23,5235,4854,381,2134,745,1389,222,63,159,7591,5662,1929
2015-01-26,6269,4906,1363,2087,724,1363,222,63,159,8578,5693,2885
2015-01-27,7551,5713,1838,1985,760,1225,222,63,159,9758,6536,3222
2015-01-28,6813,3749,3064,2229,855,1374,222,63,159,9264,4667,4597
2015-01-29,4424,6042,-1618,2147,901,1246,222,63,159,6793,7006,-213
2015-01-30,4907,7489,-2582,2176,962,1214,222,63,159,7305,8514,-1209
2015-02-02,6039,8487,-2448,2250,900,1350,222,63,159,8511,9450,-939
2015-02-03,7532,9241,-1709,2396,903,1493,222,63,159,10150,10207,-57
2015-02-04,7200,7594,-394,2407,899,1508,222,63,159,9829,8556,1273
2015-02-05,7731,8550,-819,2534,895,1639,222,63,159,10487,9508,979
2015-02-06,6063,9703,-3640,2280,917,1363,222,63,159,8565,10683,-2118
2015-02-09,6566,10351,-3785,2367,917,1450,222,63,159,9155,11331,-2176
2015-02-10,6071,11870,-5799,2090,974,1116,222,63,159,8383,12907,-4524
2015-02-11,4194,8649,-4455,2389,1142,1247,222,63,159,6805,9854,-3049
2015-02-12,2500,6798,-4298,2270,1146,1124,222,63,159,4992,8007,-3015
2015-02-13,3354,6675,-3321,2530,1102,1428,222,63,159,6106,7840,-1734
2015-02-24,3508,1154,2354,2905,784,2121,182,63,119,6595,2001,4594
2015-02-25,6265,1227,5038,2552,816,1736,182,63,119,8999,2106,6893
2015-02-26,5368,2386,2982,2529,831,1698,182,31,151,8079,3248,4831
2015-03-02,5537,4636,901,2547,873,1674,182,31,151,8266,5540,2726
2015-03-03,5236,5484,-248,2494,897,1597,182,31,151,7912,6412,1500
2015-03-04,3810,2592,1218,2781,903,1878,182,31,151,6773,3526,3247
2015-03-05,4632,4378,254,2656,972,1684,182,31,151,7470,5381,2089
2015-03-06,5816,4257,1559,2615,1050,1565,182,31,151,8613,5338,3275
2015-03-09,5001,5509,-508,2306,1249,1057,182,31,151,7489,6789,700
2015-03-10,5700,7726,-2026,2142,1419,723,182,31,151,8024,9176,-1152
2015-03-11,3415,4340,-925,2934,1462,1472,182,31,151,6531,5833,698
2015-03-12,5645,4409,1236,3199,1319,1880,182,31,151,9026,5759,3267
2015-03-13,5518,5345,173,2827,1324,1503,182,31,151,8527,6700,1827
2015-03-16,3577,4800,-1223,2483,1634,849,182,43,139,6242,6477,-235
2015-03-17,4247,5833,-1586,2357,1829,528,182,43,139,6786,7705,-919
2015-03-18,5772,4090,1682,2310,981,1329,182,43,139,8264,5114,3150
2015-03-19,6970,5288,1682,2229,997,1232,182,43,139,9381,6328,3053
2015-03-20,5742,5770,-28,1980,1041,939,182,43,139,7904,6854,1050
2015-03-23,6514,6081,433,2009,1097,912,182,43,139,8705,7221,1484
2015-03-24,6117,6596,-479,2006,1107,899,202,43,159,8325,7746,579
2015-03-25,3498,6860,-3362,1908,1186,722,202,43,159,5608,8089,-2481
2015-03-26,2548,8015,-5467,1965,1462,503,202,43,159,4715,9520,-4805
2015-03-27,2853,11053,-8200,1540,1534,6,202,43,159,4595,12630,-8035
2015-03-30,2740,10627,-7887,1679,1589,90,202,43,159,4621,12259,-7638
2015-03-31,3258,9932,-6674,1812,1684,128,202,43,159,5272,11659,-6387
2015-04-01,2606,8884,-6278,1740,1987,-247,202,43,159,4548,10914,-6366
2015-04-02,4259,7730,-3471,1955,1532,423,202,0,202,6416,9262,-2846
2015-04-07,4373,8226,-3853,2128,1530,598,202,0,202,6703,9756,-3053
2015-04-08,2590,8941,-6351,1870,1744,126,202,0,202,4662,10685,-6023
2015-04-09,2967,8210,-5243,1935,1692,243,202,0,202,5104,9902,-4798
2015-04-10,3894,7398,-3504,2376,1444,932,202,0,202,6472,8842,-2370
2015-04-13,4308,8279,-3971,2236,1366,870,202,0,202,6746,9645,-2899
2015-04-14,3980,8718,-4738,2470,1490,980,202,0,202,6652,10208,-3556
2015-04-15,2602,3020,-418,1310,1998,-688,202,0,202,4114,5018,-904
2015-04-16,8247,2418,5829,1917,1350,567,202,0,202,10366,3768,6598
2015-04-17,6114,4504,1610,1530,1477,53,202,0,202,7846,5981,1865
2015-04-20,6707,5071,1636,1822,1386,436,202,0,202,8731,6457,2274
2015-04-21,6462,6273,189,1574,1508,66,202,0,202,8238,7781,457
2015-04-22,7281,3586,3695,2306,1189,1117,203,0,203,9790,4775,5015
2015-04-23,16509,4813,11696,2510,991,1519,207,0,207,19226,5804,13422
2015-04-24,18834,7093,11741,2611,1797,814,210,0,210,21655,8890,12765
2015-04-27,20865,7783,13082,3433,1804,1629,202,0,202,24500,9587,14913
2015-04-28,19976,8621,11355,4449,2949,1500,202,0,202,24627,11570,13057
2015-04-29,12946,5755,7191,4796,3520,1276,202,0,202,17944,9275,8669
2015-04-30,12506,7120,5386,5961,4719,1242,202,0,202,18669,11839,6830
2015-05-04,12537,8410,4127,6910,5812,1098,202,0,202,19649,14222,5427
2015-05-05,13351,9045,4306,7577,6827,750,202,0,202,21130,15872,5258
2015-05-06,14151,9531,4620,8020,7267,753,202,0,202,22373,16798,5575
2015-05-07,13407,11667,1740,2028,8749,-6721,202,0,202,15637,20416,-4779
2015-05-08,14303,12051,2252,2028,9903,-7875,202,0,202,16533,21954,-5421
2015-05-11,16693,14329,2364,1987,11016,-9029,202,0,202,18882,25345,-6463
2015-05-12,15988,14233,1755,2021,11543,-9522,202,0,202,18211,25776,-7565
2015-05-13,13212,8103,5109,2063,11661,-9598,202,0,202,15477,19764,-4287
2015-05-14,14779,12877,1902,1750,12511,-10761,202,0,202,16731,25388,-8657
2015-05-15,15323,12489,2834,1751,12979,-11228,202,0,202,17276,25468,-8192
2015-05-18,14872,11572,3300,1972,13032,-11060,202,0,202,17046,24604,-7558
2015-05-19,15090,8489,6601,2197,12892,-10695,202,0,202,17489,21381,-3892
2015-05-20,4171,2727,1444,2047,11709,-9662,202,0,202,6420,14436,-8016
2015-05-21,5437,6197,-760,1834,12416,-10582,202,0,202,7473,18613,-11140
2015-05-22,7939,4275,3664,2079,12021,-9942,202,0,202,10220,16296,-6076
2015-05-25,9046,4505,4541,2073,12120,-10047,202,0,202,11321,16625,-5304
2015-05-26,9487,5583,3904,1932,12266,-10334,202,0,202,11621,17849,-6228
2015-05-27,7792,3346,4446,2182,12123,-9941,202,0,202,10176,15469,-5293
2015-05-28,10695,3951,6744,2124,12089,-9965,202,0,202,13021,16040,-3019
2015-05-29,9748,5019,4729,2014,12291,-10277,202,0,202,11964,17310,-5346
2015-06-01,10094,7541,2553,1980,12828,-10848,202,0,202,12276,20369,-8093
2015-06-02,10390,8509,1881,2021,12339,-10318,202,0,202,12613,20848,-8235
2015-06-03,5088,6878,-1790,2008,12854,-10846,202,0,202,7298,19732,-12434
2015-06-04,5945,9298,-3353,2001,12685,-10684,202,0,202,8148,21983,-13835
2015-06-05,6789,9261,-2472,2068,12309,-10241,202,0,202,9059,21570,-12511
2015-06-08,8262,10063,-1801,2263,12148,-9885,202,0,202,10727,22211,-11484
2015-06-09,9196,11616,-2420,2284,12054,-9770,202,0,202,11682,23670,-11988
2015-06-10,7759,9491,-1732,2351,11969,-9618,202,0,202,10312,21460,-11148
2015-06-11,7708,9114,-1406,2401,11958,-9557,202,0,202,10311,21072,-10761
2015-06-12,8393,10389,-1996,2417,12063,-9646,202,0,202,11012,22452,-11440
2015-06-15,8234,8430,-196,2495,12025,-9530,202,0,202,10931,20455,-9524
2015-06-16,8832,10169,-1337,2366,12188,-9822,202,0,202,11400,22357,-10957
2015-06-17,3231,7485,-4254,461,10872,-10411,202,0,202,3894,18357,-14463
2015-06-18,3686,7910,-4224,550,10896,-10346,202,0,202,4438,18806,-14368
2015-06-22,4432,6790,-2358,342,10753,-10411,202,0,202,4976,17543,-12567
2015-06-23,4587,6551,-1964,190,10718,-10528,202,0,202,4979,17269,-12290
2015-06-24,3670,4454,-784,217,10566,-10349,202,0,202,4089,15020,-10931
2015-06-25,5746,6012,-266,358,10380,-10022,202,0,202,6306,16392,-10086
2015-06-26,6444,6399,45,435,10404,-9969,221,0,221,7100,16803,-9703
2015-06-29,6301,8229,-1928,258,10613,-10355,243,0,243,6802,18842,-12040
2015-06-30,7116,7505,-389,516,10424,-9908,248,0,248,7880,17929,-10049
2015-07-01,5307,3721,1586,685,10442,-9757,248,0,248,6240,14163,-7923
2015-07-02,5698,4235,1463,429,10442,-10013,248,0,248,6375,14677,-8302
2015-07-03,7044,5721,1323,321,8816,-8495,252,0,252,7617,14537,-6920
2015-07-06,7398,8170,-772,204,8944,-8740,252,0,252,7854,17114,-9260
2015-07-07,7057,8445,-1388,166,8835,-8669,252,0,252,7475,17280,-9805
2015-07-08,3374,9843,-6469,103,10002,-9899,257,0,257,3734,19845,-16111
2015-07-09,3855,10338,-6483,91,9470,-9379,257,0,257,4203,19808,-15605
2015-07-13,5088,7481,-2393,122,9103,-8981,262,0,262,5472,16584,-11112
2015-07-14,5676,6742,-1066,328,9259,-8931,269,0,269,6273,16001,-9728
2015-07-15,3940,4893,-953,168,8415,-8247,94,180,-86,4202,13488,-9286
2015-07-16,5065,6610,-1545,199,8422,-8223,94,180,-86,5358,15212,-9854
2015-07-17,6043,6580,-537,273,8452,-8179,94,180,-86,6410,15212,-8802
2015-07-20,7207,9341,-2134,196,8620,-8424,95,180,-85,7498,18141,-10643
2015-07-21,8675,8493,182,254,8442,-8188,95,180,-85,9024,17115,-8091
2015-07-22,3337,8163,-4826,154,9064,-8910,101,180,-79,3592,17407,-13815
2015-07-23,3987,10463,-6476,119,9150,-9031,88,180,-92,4194,19793,-15599
2015-07-24,4335,11380,-7045,124,9363,-9239,88,180,-92,4547,20923,-16376
2015-07-27,4518,13633,-9115,71,9250,-9179,96,180,-84,4685,23063,-18378
2015-07-28,4446,15514,-11068,66,9416,-9350,96,180,-84,4608,25110,-20502
2015-07-29,2745,13363,-10618,74,9114,-9040,98,180,-82,2917,22657,-19740
2015-07-30,3500,10097,-6597,725,8789,-8064,98,180,-82,4323,19066,-14743
2015-07-31,3056,9683,-6627,128,8987,-8859,98,180,-82,3282,18850,-15568
2015-08-03,4046,8832,-4786,130,8861,-8731,103,180,-77,4279,17873,-13594
2015-08-04,3720,9341,-5621,195,8822,-8627,103,180,-77,4018,18343,-14325
2015-08-05,3528,8422,-4894,290,8789,-8499,105,180,-75,3923,17391,-13468
2015-08-06,4356,10375,-6019,81,9281,-9200,105,180,-75,4542,19836,-15294
2015-08-07,5368,10718,-5350,241,8899,-8658,93,180,-87,5702,19797,-14095
2015-08-10,6729,10956,-4227,540,8870,-8330,93,180,-87,7362,20006,-12644
2015-08-11,7650,12903,-5253,551,8973,-8422,93,180,-87,8294,22056,-13762
2015-08-12,3662,8769,-5107,741,4805,-4064,95,180,-85,4498,13754,-9256
2015-08-13,3593,9258,-5665,605,4929,-4324,79,180,-101,4277,14367,-10090
2015-08-14,4544,9073,-4529,1178,4034,-2856,60,180,-120,5782,13287,-7505
2015-08-17,5345,9472,-4127,928,4343,-3415,60,180,-120,6333,13995,-7662
2015-08-18,5633,9857,-4224,1111,4756,-3645,60,180,-120,6804,14793,-7989
2015-08-19,1717,5976,-4259,110,5427,-5317,220,0,220,2047,11403,-9356
2015-08-20,3204,6140,-2936,76,4747,-4671,254,0,254,3534,10887,-7353
2015-08-21,5415,8426,-3011,96,4871,-4775,207,0,207,5718,13297,-7579
2015-08-24,14782,11284,3498,801,4189,-3388,207,0,207,15790,15473,317
2015-08-25,16720,12938,3782,728,4196,-3468,207,0,207,17655,17134,521
2015-08-26,8268,5483,2785,591,4216,-3625,207,0,207,9066,9699,-633
2015-08-27,10230,6558,3672,857,4933,-4076,202,0,202,11289,11491,-202
2015-08-28,11763,6995,4768,1455,5563,-4108,202,0,202,13420,12558,862
2015-08-31,13479,9843,3636,1504,5347,-3843,194,0,194,15177,15190,-13
2015-09-01,13596,11007,2589,1438,5542,-4104,194,16,178,15228,16565,-1337
2015-09-02,9423,6768,2655,2230,1501,729,198,28,170,11851,8297,3554
2015-09-03,10167,7068,3099,2466,1659,807,198,0,198,12831,8727,4104
2015-09-04,10851,8334,2517,2472,1657,815,201,0,201,13524,9991,3533
2015-09-07,12564,10910,1654,2555,1501,1054,201,0,201,15320,12411,2909
2015-09-08,14586,12090,2496,2327,1577,750,201,0,201,17114,13667,3447
2015-09-09,11333,10454,879,2473,1475,998,201,0,201,14007,11929,2078
2015-09-10,10039,11932,-1893,2268,2458,-190,201,0,201,12508,14390,-1882
2015-09-11,11305,13102,-1797,2273,2433,-160,201,0,201,13779,15535,-1756
2015-09-14,12602,12355,247,2256,2591,-335,201,0,201,15059,14946,113
2015-09-15,12467,14322,-1855,2253,2583,-330,201,0,201,14921,16905,-1984
2015-09-16,3329,4896,-1567,2270,351,1919,201,0,201,5800,5247,553
2015-09-17,5179,7362,-2183,2652,358,2294,201,0,201,8032,7720,312
2015-09-18,6031,8088,-2057,2345,433,1912,197,0,197,8573,8521,52
2015-09-21,6381,9526,-3145,2179,640,1539,197,0,197,8757,10166,-1409
2015-09-22,7234,9900,-2666,2528,433,2095,197,0,197,9959,10333,-374
2015-09-23,2952,7546,-4594,2492,827,1665,197,0,197,5641,8373,-2732
2015-09-24,3420,8187,-4767,2432,820,1612,197,0,197,6049,9007,-2958
2015-09-25,4335,8835,-4500,2468,685,1783,186,0,186,6989,9520,-2531
2015-09-30,2172,9094,-6922,2862,432,2430,186,0,186,5220,9526,-4306
2015-10-01,6366,11305,-4939,2726,475,2251,184,0,184,9276,11780,-2504
2015-10-02,5650,12848,-7198,2201,485,1716,184,0,184,8035,13333,-5298
2015-10-05,6792,13422,-6630,2417,409,2008,184,0,184,9393,13831,-4438
2015-10-06,7863,14195,-6332,2205,506,1699,184,0,184,10252,14701,-4449
2015-10-07,7680,11820,-4140,2720,578,2142,184,8,176,10584,12406,-1822
2015-10-08,7361,13633,-6272,2860,612,2248,184,0,184,10405,14245,-3840
2015-10-12,10114,15959,-5845,3475,568,2907,184,16,168,13773,16543,-2770
2015-10-13,11007,16942,-5935,3419,660,2759,184,0,184,14610,17602,-2992
2015-10-14,7078,13324,-6246,3075,620,2455,184,0,184,10337,13944,-3607
2015-10-15,7138,14410,-7272,3540,621,2919,184,0,184,10862,15031,-4169
2015-10-16,7135,14964,-7829,3727,1003,2724,184,0,184,11046,15967,-4921
2015-10-19,6939,13770,-6831,4459,1037,3422,184,0,184,11582,14807,-3225
2015-10-20,7734,14380,-6646,4564,1009,3555,184,0,184,12482,15389,-2907
2015-10-21,2133,5122,-2989,1955,911,1044,184,0,184,4272,6033,-1761
2015-10-22,2477,5800,-3323,2030,702,1328,184,0,184,4691,6502,-1811
2015-10-23,3295,7169,-3874,2215,947,1268,184,0,184,5694,8116,-2422
2015-10-26,3611,8236,-4625,2291,904,1387,184,0,184,6086,9140,-3054
2015-10-27,3837,9713,-5876,1954,948,1006,184,0,184,5975,10661,-4686
2015-10-28,1836,9865,-8029,1788,1005,783,184,0,184,3808,10870,-7062
2015-10-29,2912,10948,-8036,1803,1051,752,183,0,183,4898,11999,-7101
2015-10-30,3291,11320,-8029,2032,729,1303,183,0,183,5506,12049,-6543
2015-11-02,4304,11485,-7181,2399,715,1684,183,0,183,6886,12200,-5314
2015-11-03,4809,12322,-7513,2921,700,2221,183,0,183,7913,13022,-5109
2015-11-04,3527,10018,-6491,3084,748,2336,183,0,183,6794,10766,-3972
2015-11-05,2848,10030,-7182,2372,735,1637,183,0,183,5403,10765,-5362
2015-11-06,4715,16099,-11384,1826,1224,602,183,0,183,6724,17323,-10599
2015-11-09,4098,17797,-13699,1861,1119,742,183,0,183,6142,18916,-12774
2015-11-10,4789,21330,-16541,1949,902,1047,183,36,147,6921,22268,-15347
2015-11-11,1301,20696,-19395,1849,1159,690,203,12,191,3353,21867,-18514
2015-11-12,1734,19424,-17690,1898,1196,702,315,0,315,3947,20620,-16673
2015-11-13,2212,21138,-18926,1868,1322,546,191,28,163,4271,22488,-18217
2015-11-16,2347,21400,-19053,1978,1272,706,243,0,243,4568,22672,-18104
2015-11-17,2890,21092,-18202,2000,1848,152,219,0,219,5109,22940,-17831
2015-11-18,1197,4418,-3221,1691,1492,199,163,0,163,3051,5910,-2859
2015-11-19,4016,4038,-22,1718,689,1029,291,0,291,6025,4727,1298
2015-11-20,3865,4819,-954,1724,1053,671,163,4,159,5752,5876,-124
2015-11-23,5257,5253,4,1746,1429,317,199,16,183,7202,6698,504
2015-11-24,5947,6992,-1045,1704,1459,245,223,0,223,7874,8451,-577
2015-11-25,4003,4743,-740,1693,1350,343,179,4,175,5875,6097,-222
2015-11-26,7264,7506,-242,1708,656,1052,187,4,183,9159,8166,993
2015-11-27,5919,9882,-3963,1691,1360,331,163,116,47,7773,11358,-3585
2015-11-30,8418,12694,-4276,1762,1119,643,275,0,275,10455,13813,-3358
2015-12-01,12906,15331,-2425,2046,362,1684,287,0,287,15239,15693,-454
2015-12-02,7613,9635,-2022,1724,370,1354,187,0,187,9524,10005,-481
2015-12-03,9703,10449,-746,1787,336,1451,231,32,199,11721,10817,904
2015-12-04,10556,10960,-404,1798,340,1458,163,32,131,12517,11332,1185
2015-12-07,11656,12117,-461,1730,894,836,163,16,147,13549,13027,522
2015-12-08,8414,13646,-5232,1718,1970,-252,163,140,23,10295,15756,-5461
2015-12-09,3016,11612,-8596,1783,2204,-421,163,60,103,4962,13876,-8914
2015-12-10,2679,11928,-9249,2004,2114,-110,247,0,247,4930,14042,-9112
2015-12-11,3021,11886,-8865,1978,2199,-221,227,12,215,5226,14097,-8871
2015-12-14,5539,12269,-6730,2106,1271,835,203,0,203,7848,13540,-5692
2015-12-15,5342,12613,-7271,2085,961,1124,163,8,155,7590,13582,-5992
2015-12-16,2860,7355,-4495,2049,392,1657,163,0,163,5072,7747,-2675
2015-12-17,3849,7118,-3269,2652,271,2381,267,0,267,6768,7389,-621
2015-12-18,4772,8251,-3479,2089,407,1682,163,156,7,7024,8814,-1790
2015-12-21,5967,9230,-3263,2401,265,2136,331,0,331,8699,9495,-796
2015-12-22,6598,10506,-3908,2173,141,2032,283,0,283,9054,10647,-1593
2015-12-23,4077,7817,-3740,2033,93,1940,179,28,151,6289,7938,-1649
2015-12-24,4818,8445,-3627,2229,83,2146,163,36,127,7210,8564,-1354
2015-12-25,5540,8298,-2758,2530,129,2401,195,0,195,8265,8427,-162
2015-12-28,5614,9664,-4050,2214,122,2092,163,124,39,7991,9910,-1919
2015-12-29,6523,12565,-6042,2174,110,2064,163,68,95,8860,12743,-3883
2015-12-30,4182,12024,-7842,2100,244,1856,163,84,79,6445,12352,-5907
2015-12-31,4423,12830,-8407,2043,218,1825,211,0,211,6677,13048,-6371
2016-01-04,5885,14629,-8744,2063,1038,1025,163,76,87,8111,15743,-7632
2016-01-05,7088,17297,-10209,2012,1140,872,163,188,-25,9263,18625,-9362
2016-01-06,4410,13631,-9221,1446,1429,17,171,56,115,6027,15116,-9089
2016-01-07,6007,17265,-11258,1551,1592,-41,267,0,267,7825,18857,-11032
2016-01-08,7457,19081,-11624,1749,1874,-125,211,4,207,9417,20959,-11542
2016-01-11,8082,19100,-11018,1905,1833,72,227,0,227,10214,20933,-10719
2016-01-12,9945,20724,-10779,2032,1790,242,163,88,75,12140,22602,-10462
2016-01-13,7206,17315,-10109,2094,1556,538,187,8,179,9487,18879,-9392
2016-01-14,5648,16807,-11159,1994,942,1052,307,0,307,7949,17749,-9800
2016-01-15,5601,16794,-11193,2433,1406,1027,175,4,171,8209,18204,-9995
2016-01-18,5212,15275,-10063,2563,558,2005,315,0,315,8090,15833,-7743
2016-01-19,5686,17796,-12110,2397,759,1638,163,100,63,8246,18655,-10409
2016-01-20,1817,4818,-3001,1760,772,988,167,68,99,3744,5658,-1914
2016-01-21,3561,4650,-1089,1796,624,1172,175,76,99,5532,5350,182
2016-01-22,5593,4303,1290,2534,580,1954,219,0,219,8346,4883,3463
2016-01-25,6528,6258,270,2148,326,1822,167,40,127,8843,6624,2219
2016-01-26,7696,7176,520,1922,666,1256,167,88,79,9785,7930,1855
2016-01-27,6616,4841,1775,2702,573,2129,291,0,291,9609,5414,4195
2016-01-28,7174,5706,1468,2419,443,1976,275,0,275,9868,6149,3719
2016-01-29,10374,7199,3175,2600,504,2096,407,0,407,13381,7703,5678
2016-01-30,10573,8244,2329,2794,526,2268,167,16,151,13534,8786,4748
2016-02-01,9854,9717,137,2242,722,1520,167,40,127,12263,10479,1784
2016-02-02,10673,10560,113,2183,916,1267,191,4,187,13047,11480,1567
2016-02-03,4491,5037,-546,2030,1079,951,167,24,143,6688,6140,548
2016-02-15,5132,5549,-417,2596,587,2009,243,4,239,7971,6140,1831
2016-02-16,8311,8181,130,3728,530,3198,511,0,511,12550,8711,3839
2016-02-17,7300,4426,2874,2747,551,2196,183,44,139,10230,5021,5209
2016-02-18,7748,5131,2617,2781,639,2142,183,248,-65,10712,6018,4694
2016-02-19,8486,5235,3251,3617,626,2991,335,0,335,12438,5861,6577
2016-02-22,8065,6514,1551,3214,623,2591,187,12,175,11466,7149,4317
2016-02-23,9896,6439,3457,3951,592,3359,275,20,255,14122,7051,7071
2016-02-24,6314,5048,1266,3463,625,2838,183,668,-485,9960,6341,3619
2016-02-25,8568,5399,3169,4199,677,3522,535,0,535,13302,6076,7226
2016-02-26,8975,6784,2191,4465,589,3876,183,248,-65,13623,7621,6002
2016-03-01,10575,7320,3255,4728,637,4091,351,0,351,15654,7957,7697
2016-03-02,8814,5990,2824,3828,743,3085,183,48,135,12825,6781,6044
2016-03-03,10849,6623,4226,3951,650,3301,235,0,235,15035,7273,7762
2016-03-04,12493,7863,4630,4272,668,3604,215,0,215,16980,8531,8449
2016-03-07,13439,8839,4600,4251,847,3404,195,0,195,17885,9686,8199
2016-03-08,15137,9079,6058,4922,769,4153,183,76,107,20242,9924,10318
2016-03-09,10180,4672,5508,5099,1099,4000,183,80,103,15462,5851,9611
2016-03-10,9461,5309,4152,5176,1622,3554,194,64,130,14831,6995,7836
2016-03-11,11142,6359,4783,5699,1798,3901,294,0,294,17135,8157,8978
2016-03-14,10768,8082,2686,5196,2427,2769,182,132,50,16146,10641,5505
2016-03-15,10725,8400,2325,4546,2444,2102,182,608,-426,15453,11452,4001
2016-03-16,7603,4224,3379,2983,922,2061,182,572,-390,10768,5718,5050
2016-03-17,7496,5001,2495,3037,1502,1535,182,620,-438,10715,7123,3592
2016-03-18,8802,6178,2624,3328,1203,2125,182,556,-374,12312,7937,4375
2016-03-21,10295,6741,3554,3091,1567,1524,182,644,-462,13568,8952,4616
2016-03-22,12449,8366,4083,3216,824,2392,182,656,-474,15847,9846,6001
2016-03-23,8915,6316,2599,3136,1359,1777,182,660,-478,12233,8335,3898
2016-03-24,12360,8167,4193,3158,1283,1875,182,628,-446,15700,10078,5622
2016-03-25,11992,9445,2547,3165,1788,1377,182,648,-466,15339,11881,3458
2016-03-28,12839,10513,2326,3174,2028,1146,182,652,-470,16195,13193,3002
2016-03-29,12980,11956,1024,3108,2027,1081,182,588,-406,16270,14571,1699
2016-03-30,13434,7935,5499,3386,1634,1752,182,424,-242,17002,9993,7009
2016-03-31,12118,9688,2430,3181,2323,858,182,704,-522,15481,12715,2766
2016-04-01,11832,11131,701,3044,2801,243,182,668,-486,15058,14600,458
2016-04-06,9062,11849,-2787,3060,4184,-1124,182,592,-410,12304,16625,-4321
2016-04-07,10023,10654,-631,3084,2629,455,182,528,-346,13289,13811,-522
2016-04-08,13045,10168,2877,3150,2079,1071,182,224,-42,16377,12471,3906
2016-04-11,14098,10520,3578,3435,1534,1901,182,80,102,17715,12134,5581
2016-04-12,15063,11233,3830,3188,1418,1770,182,128,54,18433,12779,5654
2016-04-13,18312,10651,7661,3866,1586,2280,182,80,102,22360,12317,10043
2016-04-14,19468,12853,6615,3349,1858,1491,182,188,-6,22999,14899,8100
2016-04-15,22152,13683,8469,3758,1243,2515,182,80,102,26092,15006,11086
2016-04-18,15988,9439,6549,3314,1953,1361,194,204,-10,19496,11596,7900
2016-04-19,15132,10213,4919,3421,2759,662,182,532,-350,18735,13504,5231
2016-04-20,5299,7808,-2509,3194,1266,1928,166,700,-534,8659,9774,-1115
2016-04-21,8632,5966,2666,3146,961,2185,166,624,-458,11944,7551,4393
2016-04-22,9204,8037,1167,3144,1178,1966,166,448,-282,12514,9663,2851
2016-04-25,11518,8692,2826,3549,667,2882,166,452,-286,15233,9811,5422
2016-04-26,11920,10479,1441,3679,726,2953,166,340,-174,15765,11545,4220
2016-04-27,10901,8888,2013,3704,683,3021,166,400,-234,14771,9971,4800
2016-04-28,9145,13825,-4680,3178,1980,1198,166,504,-338,12489,16309,-3820
2016-04-29,10519,15582,-5063,3206,1634,1572,166,456,-290,13891,17672,-3781
2016-05-03,11712,18076,-6364,3259,1540,1719,166,412,-246,15137,20028,-4891
2016-05-04,10198,17975,-7777,3292,1396,1896,166,364,-198,13656,19735,-6079
2016-05-05,9613,19133,-9520,3430,1903,1527,166,316,-150,13209,21352,-8143
2016-05-06,10024,19411,-9387,3220,1834,1386,166,292,-126,13410,21537,-8127
2016-05-09,10769,19438,-8669,3060,2265,795,166,312,-146,13995,22015,-8020
2016-05-10,11172,20123,-8951,3121,2144,977,166,228,-62,14459,22495,-8036
2016-05-11,7790,17293,-9503,3047,2276,771,166,292,-126,11003,19861,-8858
2016-05-12,5957,16902,-10945,2739,2042,697,166,264,-98,8862,19208,-10346
2016-05-13,5446,15555,-10109,2768,1861,907,166,200,-34,8380,17616,-9236
2016-05-16,6302,14777,-8475,2952,1472,1480,380,430,-50,9634,16679,-7045
2016-05-17,8088,14844,-6756,3434,1226,2208,450,528,-78,11972,16598,-4626
2016-05-18,5230,7361,-2131,2912,959,1953,142,336,-194,8284,8656,-372
2016-05-19,5598,10410,-4812,2922,1348,1574,142,556,-414,8662,12314,-3652
2016-05-20,9279,8581,698,3259,1066,2193,142,360,-218,12680,10007,2673
2016-05-23,12004,9421,2583,3370,984,2386,142,48,94,15516,10453,5063
2016-05-24,8986,9636,-650,2849,1336,1513,142,172,-30,11977,11144,833
2016-05-25,9015,7517,1498,3299,1040,2259,142,132,10,12456,8689,3767
2016-05-26,9443,7776,1667,3521,1105,2416,146,152,-6,13110,9033,4077
2016-05-27,11754,8102,3652,4034,1067,2967,232,198,34,16020,9367,6653
2016-05-30,12967,8558,4409,4036,958,3078,273,271,2,17276,9787,7489
2016-05-31,12980,9191,3789,3881,1096,2785,290,296,-6,17151,10583,6568
2016-06-01,13791,7863,5928,4102,944,3158,286,192,94,18179,8999,9180
2016-06-02,13694,8534,5160,3980,975,3005,322,240,82,17996,9749,8247
2016-06-03,13436,8871,4565,3808,963,2845,322,240,82,17566,10074,7492
2016-06-04,14068,8954,5114,3779,931,2848,322,240,82,18169,10125,8044
2016-06-06,14194,9536,4658,3762,934,2828,322,320,2,18278,10790,7488
2016-06-07,17529,11430,6099,4169,931,3238,344,382,-38,22042,12743,9299
2016-06-08,16477,10846,5631,3813,918,2895,324,378,-54,20614,12142,8472
2016-06-13,12234,11090,1144,3178,1102,2076,322,505,-183,15734,12697,3037
2016-06-14,14009,10943,3066,3664,961,2703,322,263,59,17995,12167,5828
2016-06-15,7776,5956,1820,1522,733,789,322,180,142,9620,6869,2751
2016-06-16,8084,7716,368,1770,911,859,292,143,149,10146,8770,1376
2016-06-17,12136,8505,3631,2494,813,1681,274,120,154,14904,9438,5466
2016-06-20,10177,8778,1399,1877,857,1020,574,120,454,12628,9755,2873
2016-06-21,11565,8756,2809,1981,858,1123,724,120,604,14270,9734,4536
2016-06-22,10644,8291,2353,2109,848,1261,724,120,604,13477,9259,4218
2016-06-23,10396,8427,1969,1774,852,922,733,120,613,12903,9399,3504
2016-06-24,13467,16610,-3143,1717,788,929,747,120,627,15931,17518,-1587
2016-06-27,14607,14043,564,1934,763,1171,757,130,627,17298,14936,2362
2016-06-28,15107,14196,911,2183,752,1431,757,130,627,18047,15078,2969
2016-06-29,12242,10353,1889,2388,759,1629,757,370,387,15387,11482,3905
2016-06-30,16764,10471,6293,2322,741,1581,757,370,387,19843,11582,8261
2016-07-01,19989,12372,7617,2515,940,1575,767,380,387,23271,13692,9579
2016-07-04,18988,12493,6495,2031,742,1289,772,468,304,21791,13703,8088
2016-07-05,20389,13164,7225,2336,754,1582,778,510,268,23503,14428,9075
2016-07-06,13629,10802,2827,1868,838,1030,770,500,270,16267,12140,4127
2016-07-07,15781,10734,5047,3024,795,2229,770,500,270,19575,12029,7546
2016-07-11,16786,12446,4340,2777,770,2007,771,500,271,20334,13716,6618
2016-07-12,18543,12838,5705,2873,725,2148,774,500,274,22190,14063,8127
2016-07-13,18279,10814,7465,3116,707,2409,764,490,274,22159,12011,10148
2016-07-14,19108,11344,7764,2956,725,2231,717,495,222,22781,12564,10217
2016-07-15,20911,12916,7995,3239,690,2549,719,495,224,24869,14101,10768
2016-07-18,19923,13225,6698,3141,987,2154,540,495,45,23604,14707,8897
2016-07-19,19965,12544,7421,3211,1241,1970,829,495,334,24005,14280,9725
2016-07-20,9988,5607,4381,2850,680,2170,681,335,346,13519,6622,6897
2016-07-21,10467,5666,4801,3030,686,2344,659,335,324,14156,6687,7469
2016-07-22,9049,6083,2966,2916,1096,1820,659,335,324,12624,7514,5110
2016-07-25,10070,7346,2724,2833,1126,1707,659,335,324,13562,8807,4755
2016-07-26,11542,6579,4963,3149,705,2444,659,335,324,15350,7619,7731
2016-07-27,10778,8003,2775,2856,1049,1807,674,350,324,14308,9402,4906
2016-07-28,11700,7793,3907,3054,938,2116,676,350,326,15430,9081,6349
2016-07-29,12209,9716,2493,2800,1568,1232,676,350,326,15685,11634,4051
2016-08-01,15906,8946,6960,3236,1452,1784,509,350,159,19651,10748,8903
2016-08-02,14448,9905,4543,2843,1880,963,543,470,73,17834,12255,5579
2016-08-03,14301,10398,3903,3305,1990,1315,511,470,41,18117,12858,5259
2016-08-04,16394,10183,6211,2827,1498,1329,271,664,-393,19492,12345,7147
2016-08-05,17300,11055,6245,3357,1188,2169,256,649,-393,20913,12892,8021
2016-08-08,17279,12842,4437,2553,1492,1061,142,857,-715,19974,15191,4783
2016-08-09,17514,12743,4771,2558,1478,1080,142,857,-715,20214,15078,5136
2016-08-10,18792,11975,6817,2592,1133,1459,91,807,-716,21475,13915,7560
2016-08-11,17661,13019,4642,2632,1512,1120,75,792,-717,20368,15323,5045
2016-08-12,19732,13765,5967,2638,1097,1541,73,788,-715,22443,15650,6793
2016-08-15,19479,13299,6180,2493,1427,1066,73,788,-715,22045,15514,6531
2016-08-16,18059,15454,2605,2532,2045,487,73,506,-433,20664,18005,2659
2016-08-17,8718,5725,2993,469,824,-355,751,26,725,9938,6575,3363
2016-08-18,11572,6070,5502,1003,818,185,751,26,725,13326,6914,6412
2016-08-19,10057,8505,1552,299,1708,-1409,750,26,724,11106,10239,867
2016-08-22,11303,8578,2725,424,1444,-1020,750,26,724,12477,10048,2429
2016-08-23,15339,7999,7340,1278,1029,249,750,26,724,17367,9054,8313
2016-08-24,11959,6626,5333,732,1081,-349,750,26,724,13441,7733,5708
2016-08-25,19463,7632,11831,1843,1054,789,750,26,724,22056,8712,13344
2016-08-26,18498,8205,10293,956,1083,-127,742,26,716,20196,9314,10882
2016-08-29,17373,8817,8556,993,1222,-229,832,26,806,19198,10065,9133
2016-08-30,16310,9326,6984,1095,1295,-200,832,26,806,18237,10647,7590
2016-08-31,13067,7553,5514,853,1470,-617,785,26,759,14705,9049,5656
2016-09-01,12498,7602,4896,908,1627,-719,791,26,765,14197,9255,4942
2016-09-02,13468,7808,5660,1075,1533,-458,791,26,765,15334,9367,5967
2016-09-05,18701,8130,10571,2281,1506,775,793,26,767,21775,9662,12113
2016-09-06,20710,9167,11543,2943,1525,1418,793,26,767,24446,10718,13728
2016-09-07,22452,9518,12934,3304,1536,1768,793,32,761,26549,11086,15463
2016-09-08,20474,9719,10755,2594,1532,1062,793,32,761,23861,11283,12578
2016-09-09,14353,9642,4711,1587,1511,76,786,32,754,16726,11185,5541
2016-09-10,13652,10397,3255,1564,1533,31,786,32,754,16002,11962,4040
2016-09-12,11433,10703,730,1219,2299,-1080,786,32,754,13438,13034,404
2016-09-13,12190,10922,1268,1282,2047,-765,784,32,752,14256,13001,1255
2016-09-14,12463,11404,1059,1187,2396,-1209,783,32,751,14433,13832,601
2016-09-19,19325,11167,8158,2108,1910,198,783,32,751,22216,13109,9107
2016-09-20,16309,8493,7816,1953,2157,-204,784,33,751,19046,10683,8363
2016-09-21,10569,2369,8200,1155,1460,-305,556,29,527,12280,3858,8422
2016-09-22,11381,3851,7530,1376,1479,-103,760,29,731,13517,5359,8158
2016-09-23,12367,2957,9410,1816,1476,340,760,269,491,14943,4702,10241
2016-09-26,12000,4646,7354,1168,1479,-311,760,269,491,13928,6394,7534
2016-09-29,12977,5846,7131,2024,1531,493,760,269,491,15761,7646,8115
2016-09-30,13005,8725,4280,1002,1713,-711,760,269,491,14767,10707,4060
2016-10-03,13546,8793,4753,1143,1500,-357,760,269,491,15449,10562,4887
2016-10-04,15144,7399,7745,2030,1539,491,760,269,491,17934,9207,8727
2016-10-05,15643,8548,7095,2125,1629,496,760,269,491,18528,10446,8082
2016-10-06,16286,8972,7314,2343,1640,703,760,269,491,19389,10881,8508
2016-10-07,16171,9274,6897,2197,1676,521,756,269,487,19124,11219,7905
2016-10-11,17557,14560,2997,1658,1887,-229,745,269,476,19960,16716,3244
2016-10-12,20837,10493,10344,2720,1879,841,745,269,476,24302,12641,11661
2016-10-13,20086,14117,5969,2046,2015,31,157,266,-109,22289,16398,5891
2016-10-14,20816,16863,3953,1720,1988,-268,157,266,-109,22693,19117,3576
2016-10-17,21389,14858,6531,2007,1989,18,157,266,-109,23553,17113,6440
2016-10-18,24215,13201,11014,2221,1997,224,157,266,-109,26593,15464,11129
2016-10-19,17104,3895,13209,1507,1740,-233,427,0,427,19038,5635,13403
2016-10-20,17871,3766,14105,1716,1756,-40,427,0,427,20014,5522,14492
2016-10-21,17666,4407,13259,1663,1768,-105,652,0,652,19981,6175,13806
2016-10-24,18557,4801,13756,1972,1748,224,652,0,652,21181,6549,14632
2016-10-25,18376,5523,12853,2906,1603,1303,652,0,652,21934,7126,14808
2016-10-26,15427,6468,8959,1472,1540,-68,652,0,652,17551,8008,9543
2016-10-27,14359,7407,6952,1143,1530,-387,292,0,292,15794,8937,6857
2016-10-28,11766,7632,4134,949,1526,-577,292,0,292,13007,9158,3849
2016-10-31,12055,8153,3902,1603,1495,108,67,0,67,13725,9648,4077
2016-11-01,12872,8425,4447,1599,1505,94,67,0,67,14538,9930,4608
2016-11-02,11483,12500,-1017,1184,1741,-557,67,180,-113,12734,14421,-1687
2016-11-03,11658,15253,-3595,447,2382,-1935,67,360,-293,12172,17995,-5823
2016-11-04,11511,15516,-4005,518,2306,-1788,67,360,-293,12096,18182,-6086
2016-11-07,10208,9866,342,2336,2151,185,67,765,-698,12611,12782,-171
2016-11-08,10550,8607,1943,2779,1915,864,67,585,-518,13396,11107,2289
2016-11-09,10684,15889,-5205,1607,2110,-503,67,0,67,12358,17999,-5641
2016-11-10,11603,11176,427,2642,1757,885,247,0,247,14492,12933,1559
2016-11-11,8971,17673,-8702,1944,2266,-322,67,0,67,10982,19939,-8957
2016-11-14,9122,18082,-8960,1916,2689,-773,67,0,67,11105,20771,-9666
2016-11-15,5054,12613,-7559,1521,2353,-832,71,28,43,6646,14994,-8348
2016-11-16,2897,5832,-2935,560,1315,-755,355,0,355,3812,7147,-3335
2016-11-17,3282,5222,-1940,1010,1397,-387,760,0,760,5052,6619,-1567
2016-11-18,3445,4066,-621,1511,1341,170,760,0,760,5716,5407,309
2016-11-21,3771,3318,453,2082,1237,845,760,0,760,6613,4555,2058
2016-11-22,8021,1498,6523,3141,1172,1969,760,0,760,11922,2670,9252
2016-11-23,8690,1408,7282,3246,1252,1994,760,0,760,12696,2660,10036
2016-11-24,7074,1367,5707,2419,1119,1300,760,0,760,10253,2486,7767
2016-11-25,6629,1129,5500,2760,1128,1632,760,0,760,10149,2257,7892
2016-11-28,8361,1045,7316,4069,1135,2934,355,0,355,12785,2180,10605
2016-11-29,7306,787,6519,3485,1132,2353,670,0,670,11461,1919,9542
2016-11-30,7248,871,6377,3768,1103,2665,670,0,670,11686,1974,9712
2016-12-01,8115,1170,6945,4480,1232,3248,670,0,670,13265,2402,10863
2016-12-02,5817,2426,3391,2626,1350,1276,670,0,670,9113,3776,5337
2016-12-05,5858,3027,2831,2861,1261,1600,670,0,670,9389,4288,5101
2016-12-06,9860,3150,6710,4829,1331,3498,670,0,670,15359,4481,10878
2016-12-07,7733,2094,5639,4295,1290,3005,670,0,670,12698,3384,9314
2016-12-08,11194,2624,8570,4817,1215,3602,670,0,670,16681,3839,12842
2016-12-09,12751,2951,9800,4961,1209,3752,670,0,670,18382,4160,14222
2016-12-12,9113,937,8176,4191,1194,2997,355,0,355,13659,2131,11528
2016-12-13,10364,937,9427,4019,1195,2824,355,0,355,14738,2132,12606
2016-12-14,10612,1240,9372,3541,1195,2346,355,0,355,14508,2435,12073
2016-12-15,9670,1947,7723,3452,1210,2242,23,28,-5,13145,3185,9960
2016-12-16,7173,3140,4033,2360,1454,906,23,343,-320,9556,4937,4619
2016-12-19,6260,4816,1444,1491,1185,306,23,343,-320,7774,6344,1430
2016-12-20,6452,5273,1179,1529,1446,83,23,28,-5,8004,6747,1257
2016-12-21,3515,1327,2188,817,1268,-451,23,315,-292,4355,2910,1445
2016-12-22,3223,4564,-1341,516,2129,-1613,23,315,-292,3762,7008,-3246
2016-12-23,2990,5598,-2608,496,2437,-1941,23,630,-607,3509,8665,-5156
2016-12-26,3035,5521,-2486,489,2535,-2046,23,630,-607,3547,8686,-5139
2016-12-27,2960,5803,-2843,491,2823,-2332,23,630,-607,3474,9256,-5782
2016-12-28,5109,3834,1275,569,1780,-1211,23,315,-292,5701,5929,-228
2016-12-29,4897,3812,1085,603,1973,-1370,23,315,-292,5523,6100,-577
2016-12-30,6826,3178,3648,787,1383,-596,23,630,-607,7636,5191,2445
2017-01-03,6910,3142,3768,1298,1530,-232,23,630,-607,8231,5302,2929
2017-01-04,6493,4585,1908,1338,1558,-220,23,315,-292,7854,6458,1396
2017-01-05,11413,3503,7910,3495,1561,1934,338,0,338,15246,5064,10182
2017-01-06,11743,3383,8360,3282,1569,1713,338,0,338,15363,4952,10411
2017-01-09,10768,2652,8116,3196,1650,1546,338,0,338,14302,4302,10000
2017-01-10,10250,2810,7440,3683,1834,1849,338,0,338,14271,4644,9627
2017-01-11,9896,3199,6697,3592,1907,1685,338,0,338,13826,5106,8720
2017-01-12,14953,4637,10316,5192,1907,3285,338,0,338,20483,6544,13939
2017-01-13,12576,3490,9086,3572,1943,1629,23,0,23,16171,5433,10738
2017-01-16,9774,3687,6087,1904,2104,-200,23,0,23,11701,5791,5910
2017-01-17,12183,2020,10163,2803,2038,765,23,0,23,15009,4058,10951
2017-01-18,9200,1607,7593,1526,1252,274,23,0,23,10749,2859,7890
2017-01-19,9646,2024,7622,1702,1219,483,21,0,21,11369,3243,8126
2017-01-20,10114,1775,8339,2603,1199,1404,21,0,21,12738,2974,9764
2017-01-23,13549,2134,11415,3099,1148,1951,21,0,21,16669,3282,13387
2017-01-24,14726,2721,12005,3076,1135,1941,21,0,21,17823,3856,13967
2017-02-02,12525,3258,9267,2567,1298,1269,21,0,21,15113,4556,10557
2017-02-03,15057,3360,11697,2888,1204,1684,21,0,21,17966,4564,13402
2017-02-06,18190,4125,14065,3571,1202,2369,246,0,246,22007,5327,16680
2017-02-07,19310,3993,15317,3724,1201,2523,246,0,246,23280,5194,18086
2017-02-08,17602,3126,14476,3639,1461,2178,471,0,471,21712,4587,17125
2017-02-09,19942,1905,18037,4601,1475,3126,471,0,471,25014,3380,21634
2017-02-10,19979,1917,18062,4462,1473,2989,471,0,471,24912,3390,21522
2017-02-13,20104,2231,17873,4520,1412,3108,489,18,471,25113,3661,21452
2017-02-14,17133,1835,15298,3983,1538,2445,264,18,246,21380,3391,17989
2017-02-15,12830,897,11933,2498,1211,1287,246,0,246,15574,2108,13466
2017-02-16,9631,4212,5419,2298,2080,218,471,0,471,12400,6292,6108
2017-02-17,9500,4804,4696,2551,2066,485,751,0,751,12802,6870,5932
2017-02-18,9683,4768,4915,2604,2046,558,526,0,526,12813,6814,5999
2017-02-20,10147,5517,4630,2490,2818,-328,751,0,751,13388,8335,5053
2017-02-21,10649,6147,4502,2520,3554,-1034,751,0,751,13920,9701,4219
2017-02-22,10711,6757,3954,2333,4582,-2249,526,0,526,13570,11339,2231
2017-02-23,11369,6198,5171,2308,3672,-1364,526,50,476,14203,9920,4283
2017-02-24,11522,6944,4578,2218,3594,-1376,301,50,251,14041,10588,3453
2017-03-01,9851,9124,727,2083,6071,-3988,301,50,251,12235,15245,-3010
2017-03-02,9500,10833,-1333,2396,6415,-4019,301,50,251,12197,17298,-5101
2017-03-03,8863,11602,-2739,2307,6687,-4380,301,50,251,11471,18339,-6868
2017-03-06,9621,10594,-973,2435,5183,-2748,301,275,26,12357,16052,-3695
2017-03-07,10453,10808,-355,2354,5098,-2744,329,500,-171,13136,16406,-3270
2017-03-08,11142,10478,664,2225,4500,-2275,331,500,-169,13698,15478,-1780
2017-03-09,9256,14023,-4767,1835,7052,-5217,331,500,-169,11422,21575,-10153
2017-03-10,8531,14318,-5787,1889,7370,-5481,331,450,-119,10751,22138,-11387
2017-03-13,9568,12766,-3198,1853,6265,-4412,386,450,-64,11807,19481,-7674
2017-03-14,12994,10997,1997,2198,5702,-3504,382,300,82,15574,16999,-1425
2017-03-15,7138,1837,5301,883,1823,-940,102,300,-198,8123,3960,4163
2017-03-16,10661,2281,8380,2171,1434,737,102,300,-198,12934,4015,8919
2017-03-17,10991,2155,8836,2486,1420,1066,102,300,-198,13579,3875,9704
2017-03-20,9951,2241,7710,2763,1412,1351,102,300,-198,12816,3953,8863
2017-03-21,9926,2152,7774,3355,1417,1938,102,300,-198,13383,3869,9514
2017-03-22,6955,2530,4425,2848,1366,1482,102,150,-48,9905,4046,5859
2017-03-23,7561,4300,3261,2873,1324,1549,252,0,252,10686,5624,5062
2017-03-24,7724,3626,4098,3009,1339,1670,252,0,252,10985,4965,6020
2017-03-27,6793,4067,2726,3200,1363,1837,252,0,252,10245,5430,4815
2017-03-28,6233,4149,2084,2288,1403,885,252,0,252,8773,5552,3221
2017-03-29,5475,4663,812,1578,1394,184,102,0,102,7155,6057,1098
2017-03-30,5753,4967,786,2101,1439,662,106,0,106,7960,6406,1554
2017-03-31,5340,6498,-1158,1783,1566,217,106,0,106,7229,8064,-835
2017-04-05,11920,4106,7814,3490,1694,1796,51,0,51,15461,5800,9661
2017-04-06,8119,4550,3569,1674,1868,-194,51,0,51,9844,6418,3426
2017-04-07,6611,5717,894,1721,2530,-809,51,0,51,8383,8247,136
2017-04-10,6904,5539,1365,1768,2369,-601,51,0,51,8723,7908,815
2017-04-11,7426,8869,-1443,1972,3439,-1467,51,0,51,9449,12308,-2859
2017-04-12,7294,7522,-228,2559,3473,-914,51,0,51,9904,10995,-1091
2017-04-13,10180,7299,2881,2747,2954,-207,51,0,51,12978,10253,2725
2017-04-14,7442,10677,-3235,2463,4305,-1842,51,0,51,9956,14982,-5026
2017-04-17,8922,11434,-2512,2409,3821,-1412,51,0,51,11382,15255,-3873
2017-04-18,9513,12647,-3134,2494,4394,-1900,51,0,51,12058,17041,-4983
2017-04-19,4934,12181,-7247,2337,1600,737,231,0,231,7502,13781,-6279
2017-04-20,4850,10976,-6126,2688,1254,1434,231,0,231,7769,12230,-4461
2017-04-21,7391,9653,-2262,3897,857,3040,51,0,51,11339,10510,829
2017-04-24,8932,11032,-2100,3640,878,2762,51,0,51,12623,11910,713
2017-04-25,12993,10170,2823,5379,734,4645,51,0,51,18423,10904,7519
2017-04-26,13339,10701,2638,5449,766,4683,51,0,51,18839,11467,7372
2017-04-27,13237,10409,2828,5253,899,4354,51,150,-99,18541,11458,7083
2017-04-28,14006,10353,3653,5490,778,4712,51,150,-99,19547,11281,8266
2017-05-02,17600,10118,7482,6044,639,5405,51,150,-99,23695,10907,12788
2017-05-03,17890,10143,7747,6053,455,5598,231,0,231,24174,10598,13576
2017-05-04,19184,9847,9337,6287,551,5736,231,0,231,25702,10398,15304
2017-05-05,15555,10633,4922,5295,558,4737,231,0,231,21081,11191,9890
2017-05-08,17605,11460,6145,6308,1168,5140,231,0,231,24144,12628,11516
2017-05-09,20273,11951,8322,6663,1150,5513,231,0,231,27167,13101,14066
2017-05-10,22895,11720,11175,6768,1132,5636,231,0,231,29894,12852,17042
2017-05-11,27755,11854,15901,7382,1313,6069,231,0,231,35368,13167,22201
2017-05-12,26536,10345,16191,7020,1295,5725,231,0,231,33787,11640,22147
2017-05-15,26765,8102,18663,6805,1285,5520,231,0,231,33801,9387,24414
2017-05-16,25806,9564,16242,6054,1303,4751,231,0,231,32091,10867,21224
2017-05-17,11710,5467,6243,1462,1212,250,231,0,231,13403,6679,6724
2017-05-18,14214,6939,7275,1798,1366,432,231,0,231,16243,8305,7938
2017-05-19,12595,6728,5867,1534,1653,-119,231,0,231,14360,8381,5979
2017-05-22,15031,6408,8623,1735,1353,382,231,0,231,16997,7761,9236
2017-05-23,18539,6055,12484,1984,1220,764,231,0,231,20754,7275,13479
2017-05-24,20676,6262,14414,1924,1182,742,231,0,231,22831,7444,15387
2017-05-25,25626,7001,18625,2811,1217,1594,51,0,51,28488,8218,20270
2017-05-26,23621,7321,16300,2028,1228,800,51,480,-429,25700,9029,16671
2017-05-31,19003,6956,12047,2356,3056,-700,50,480,-430,21409,10492,10917
2017-06-01,19713,6299,13414,2496,3164,-668,50,480,-430,22259,9943,12316
2017-06-02,21071,6398,14673,2519,2323,196,50,480,-430,23640,9201,14439
2017-06-03,22341,6941,15400,2539,2371,168,50,480,-430,24930,9792,15138
2017-06-05,24988,6831,18157,2283,1445,838,50,480,-430,27321,8756,18565
2017-06-06,23947,7021,16926,2305,1623,682,50,480,-430,26302,9124,17178
2017-06-07,24168,7042,17126,2230,1223,1007,50,480,-430,26448,8745,17703
2017-06-08,24453,6499,17954,2534,1274,1260,50,480,-430,27037,8253,18784
2017-06-09,23430,6956,16474,2144,1966,178,50,480,-430,25624,9402,16222
2017-06-12,20726,8092,12634,2508,2991,-483,50,480,-430,23284,11563,11721
2017-06-13,20689,8014,12675,2654,3156,-502,50,480,-430,23393,11650,11743
2017-06-14,17819,8981,8838,2223,4903,-2680,50,480,-430,20092,14364,5728
2017-06-15,18973,8335,10638,2248,5906,-3658,50,480,-430,21271,14721,6550
2017-06-16,20578,7594,12984,3035,4738,-1703,50,480,-430,23663,12812,10851
2017-06-19,23445,9153,14292,2605,3179,-574,50,480,-430,26100,12812,13288
2017-06-20,24253,8921,15332,2500,3248,-748,50,480,-430,26803,12649,14154
2017-06-21,10259,3248,7011,1864,1022,842,290,0,290,12413,4270,8143
2017-06-22,12023,3056,8967,2004,1057,947,290,0,290,14317,4113,10204
2017-06-23,11517,3733,7784,1770,1263,507,316,0,316,13603,4996,8607
2017-06-26,13787,4442,9345,2226,1071,1155,323,0,323,16336,5513,10823
2017-06-27,12940,5131,7809,2585,2596,-11,323,0,323,15848,7727,8121
2017-06-28,11197,5332,5865,2619,3519,-900,323,0,323,14139,8851,5288
2017-06-29,11136,5013,6123,2604,3526,-922,83,210,-127,13823,8749,5074
2017-06-30,10351,6232,4119,2532,3703,-1171,91,210,-119,12974,10145,2829
2017-07-03,11349,5669,5680,2565,3463,-898,97,210,-113,14011,9342,4669
2017-07-04,9486,7555,1931,2895,4801,-1906,97,210,-113,12478,12566,-88
2017-07-05,10750,5584,5166,3033,3329,-296,104,210,-106,13887,9123,4764
2017-07-06,8863,7287,1576,2487,5341,-2854,105,210,-105,11455,12838,-1383
2017-07-07,7517,8733,-1216,2498,6033,-3535,105,210,-105,10120,14976,-4856
2017-07-10,7373,8972,-1599,2363,5834,-3471,105,210,-105,9841,15016,-5175
2017-07-11,12967,7590,5377,2377,3660,-1283,114,226,-112,15458,11476,3982
2017-07-12,12122,7895,4227,2048,5067,-3019,130,226,-96,14300,13188,1112
2017-07-13,14322,6118,8204,2122,3585,-1463,131,226,-95,16575,9929,6646
2017-07-14,13970,6406,7564,2194,4383,-2189,134,226,-92,16298,11015,5283
2017-07-17,13474,6568,6906,2311,4638,-2327,145,226,-81,15930,11432,4498
2017-07-18,14342,6515,7827,2921,5337,-2416,148,226,-78,17411,12078,5333
2017-07-19,9198,4845,4353,2214,1194,1020,478,0,478,11890,6039,5851
2017-07-20,8504,4938,3566,2074,1638,436,458,0,458,11036,6576,4460
2017-07-21,7031,6218,813,2082,2711,-629,463,0,463,9576,8929,647
2017-07-24,7929,7079,850,2655,1672,983,463,0,463,11047,8751,2296
2017-07-25,7807,6840,967,2241,1860,381,466,0,466,10514,8700,1814
2017-07-26,7875,8118,-243,2266,2372,-106,469,0,469,10610,10490,120
2017-07-27,11033,7216,3817,3965,1065,2900,139,0,139,15137,8281,6856
2017-07-28,7933,9147,-1214,2198,2392,-194,135,210,-75,10266,11749,-1483
2017-07-31,8579,9475,-896,2292,1831,461,135,210,-75,11006,11516,-510
2017-08-01,8533,9845,-1312,2392,1276,1116,135,266,-131,11060,11387,-327
2017-08-02,11384,7359,4025,4395,1137,3258,139,266,-127,15918,8762,7156
2017-08-03,10643,7642,3001,3713,1150,2563,130,210,-80,14486,9002,5484
2017-08-04,12422,7067,5355,4368,1169,3199,130,210,-80,16920,8446,8474
2017-08-07,14484,7383,7101,5063,1147,3916,130,210,-80,19677,8740,10937
2017-08-08,13969,7770,6199,4689,1261,3428,130,210,-80,18788,9241,9547
2017-08-09,11900,10466,1434,3590,1240,2350,124,210,-86,15614,11916,3698
2017-08-10,7417,13152,-5735,1826,1502,324,122,210,-88,9365,14864,-5499
2017-08-11,7318,13338,-6020,1372,1312,60,116,210,-94,8806,14860,-6054
2017-08-14,5239,14874,-9635,2442,1587,855,116,210,-94,7797,16671,-8874
2017-08-15,6413,10331,-3918,2728,1499,1229,116,210,-94,9257,12040,-2783
2017-08-16,4527,10784,-6257,2422,433,1989,326,0,326,7275,11217,-3942
2017-08-17,8119,12408,-4289,4921,434,4487,326,0,326,13366,12842,524
2017-08-18,7592,12566,-4974,4607,472,4135,326,0,326,12525,13038,-513
2017-08-21,8364,12152,-3788,4805,492,4313,326,0,326,13495,12644,851
2017-08-22,10885,12363,-1478,6099,530,5569,326,0,326,17310,12893,4417
2017-08-23,10986,12912,-1926,5719,547,5172,322,0,322,17027,13459,3568
2017-08-24,16190,12030,4160,6316,527,5789,322,0,322,22828,12557,10271
2017-08-25,16817,11756,5061,6104,523,5581,322,0,322,23243,12279,10964
2017-08-28,16073,12397,3676,6340,457,5883,313,0,313,22726,12854,9872
2017-08-29,16027,12801,3226,5871,441,5430,313,0,313,22211,13242,8969
2017-08-30,16994,12413,4581,5433,412,5021,313,0,313,22740,12825,9915
2017-08-31,17144,12409,4735,5553,416,5137,310,0,310,23007,12825,10182
2017-09-01,17586,12123,5463,5832,461,5371,310,0,310,23728,12584,11144
2017-09-04,17837,12522,5315,5856,489,5367,310,0,310,24003,13011,10992
2017-09-05,18418,12938,5480,5217,587,4630,303,0,303,23938,13525,10413
2017-09-06,16698,14417,2281,3703,779,2924,303,0,303,20704,15196,5508
2017-09-07,15930,15385,545,3713,737,2976,303,0,303,19946,16122,3824
2017-09-08,19568,14710,4858,5894,706,5188,303,0,303,25765,15416,10349
2017-09-11,19021,15069,3952,4230,824,3406,304,0,304,23555,15893,7662
2017-09-12,18500,14664,3836,4518,834,3684,304,0,304,23322,15498,7824
2017-09-13,17159,17288,-129,3043,1476,1567,304,0,304,20506,18764,1742
2017-09-14,17758,17559,199,3641,1514,2127,301,0,301,21700,19073,2627
2017-09-15,20967,17113,3854,4421,1333,3088,301,0,301,25689,18446,7243
2017-09-18,22394,17556,4838,6004,1117,4887,301,0,301,28699,18673,10026
2017-09-19,20101,16464,3637,3455,1670,1785,301,0,301,23857,18134,5723
2017-09-20,6786,5978,808,1787,987,800,91,0,91,8664,6965,1699
2017-09-21,7693,3681,4012,2445,932,1513,91,0,91,10229,4613,5616
2017-09-22,8627,9417,-790,901,4352,-3451,91,0,91,9619,13769,-4150
2017-09-25,8875,11836,-2961,702,4004,-3302,91,0,91,9668,15840,-6172
2017-09-26,9064,13984,-4920,696,3731,-3035,91,0,91,9851,17715,-7864
2017-09-27,8782,11281,-2499,700,2952,-2252,91,0,91,9573,14233,-4660
2017-09-28,9088,11471,-2383,706,3353,-2647,91,0,91,9885,14824,-4939
2017-09-29,8804,11513,-2709,853,3218,-2365,91,0,91,9748,14731,-4983
2017-09-30,8176,8595,-419,891,2639,-1748,91,0,91,9158,11234,-2076
2017-10-02,9374,6320,3054,1449,2041,-592,91,0,91,10914,8361,2553
2017-10-03,10511,5362,5149,1007,1886,-879,91,0,91,11609,7248,4361
2017-10-05,11925,5551,6374,934,1651,-717,91,0,91,12950,7202,5748
2017-10-06,13519,5307,8212,1337,1098,239,181,0,181,15037,6405,8632
2017-10-11,17742,4791,12951,3132,1153,1979,181,0,181,21055,5944,15111
2017-10-12,21906,4449,17457,4054,1017,3037,181,0,181,26141,5466,20675
2017-10-13,23205,4277,18928,4395,1129,3266,181,0,181,27781,5406,22375
2017-10-16,23939,6591,17348,4708,1350,3358,181,0,181,28828,7941,20887
2017-10-17,23399,4555,18844,5181,1150,4031,91,0,91,28671,5705,22966
2017-10-18,14062,2345,11717,2159,274,1885,301,0,301,16522,2619,13903
2017-10-19,13806,2756,11050,2505,705,1800,301,0,301,16612,3461,13151
2017-10-20,13970,4028,9942,2699,770,1929,301,0,301,16970,4798,12172
2017-10-23,13827,4164,9663,3157,856,2301,301,0,301,17285,5020,12265
2017-10-24,13710,4000,9710,3274,1151,2123,301,0,301,17285,5151,12134
2017-10-25,12827,4671,8156,3059,1941,1118,301,0,301,16187,6612,9575
2017-10-26,12237,5060,7177,3489,2251,1238,301,0,301,16027,7311,8716
2017-10-27,11309,5775,5534,3130,2719,411,91,0,91,14530,8494,6036
2017-10-30,12428,6100,6328,3032,1848,1184,91,0,91,15551,7948,7603
2017-10-31,16402,5998,10404,2796,2355,441,91,0,91,19289,8353,10936
2017-11-01,16394,7593,8801,2333,2771,-438,91,0,91,18818,10364,8454
2017-11-02,15474,8937,6537,2546,3251,-705,91,0,91,18111,12188,5923
2017-11-03,16680,10158,6522,2360,3081,-721,91,0,91,19131,13239,5892
2017-11-06,16515,11317,5198,1292,3730,-2438,91,0,91,17898,15047,2851
2017-11-07,17515,10175,7340,2052,1940,112,91,0,91,19658,12115,7543
2017-11-08,17075,11873,5202,1832,3005,-1173,91,0,91,18998,14878,4120
2017-11-09,15090,13607,1483,1512,3032,-1520,91,0,91,16693,16639,54
2017-11-10,15472,12729,2743,1858,3064,-1206,91,0,91,17421,15793,1628
2017-11-13,14390,14387,3,3705,3509,196,91,0,91,18186,17896,290
2017-11-14,17564,16182,1382,3178,3692,-514,127,0,127,20869,19874,995
2017-11-15,3095,9320,-6225,2592,1026,1566,135,315,-180,5822,10661,-4839
2017-11-16,4575,10492,-5917,4613,800,3813,95,315,-220,9283,11607,-2324
2017-11-17,6067,8599,-2532,5835,203,5632,95,315,-220,11997,9117,2880
2017-11-20,6702,9375,-2673,3477,189,3288,87,339,-252,10266,9903,363
2017-11-21,8159,8777,-618,4724,160,4564,87,363,-276,12970,9300,3670
2017-11-22,10055,8196,1859,5366,159,5207,87,371,-284,15508,8726,6782
2017-11-23,10748,7949,2799,5538,159,5379,87,24,63,16373,8132,8241
2017-11-24,10126,8315,1811,5187,219,4968,95,0,95,15408,8534,6874
2017-11-27,7629,12485,-4856,2756,381,2375,95,0,95,10480,12866,-2386
2017-11-28,7222,13624,-6402,2967,581,2386,64,0,64,10253,14205,-3952
2017-11-29,7081,14287,-7206,3287,417,2870,48,0,48,10416,14704,-4288
2017-11-30,5550,18160,-12610,2367,3887,-1520,48,0,48,7965,22047,-14082
2017-12-01,6011,18376,-12365,2695,2575,120,48,420,-372,8754,21371,-12617
2017-12-04,6271,17976,-11705,3443,1730,1713,48,420,-372,9762,20126,-10364
2017-12-05,6152,19353,-13201,3340,2260,1080,48,420,-372,9540,22033,-12493
2017-12-06,5167,22265,-17098,1764,4658,-2894,48,420,-372,6979,27343,-20364
2017-12-07,5278,22708,-17430,2554,4210,-1656,48,420,-372,7880,27338,-19458
2017-12-08,4872,21922,-17050,2686,4311,-1625,48,420,-372,7606,26653,-19047
2017-12-11,4925,20188,-15263,2008,3861,-1853,48,420,-372,6981,24469,-17488
2017-12-12,5619,19353,-13734,1965,3365,-1400,47,420,-373,7631,23138,-15507
2017-12-13,6617,20220,-13603,2183,2653,-470,47,420,-373,8847,23293,-14446
2017-12-14,9463,19832,-10369,2218,1788,430,47,420,-373,11728,22040,-10312
2017-12-15,9207,19262,-10055,1899,2537,-638,47,420,-373,11153,22219,-11066
2017-12-18,7332,19264,-11932,3230,1739,1491,71,420,-349,10633,21423,-10790
2017-12-19,7743,19454,-11711,2765,1902,863,71,0,71,10579,21356,-10777
2017-12-20,5537,8253,-2716,2702,849,1853,39,40,-1,8278,9142,-864
2017-12-21,5006,9818,-4812,1422,1509,-87,39,56,-17,6467,11383,-4916
2017-12-22,6287,9757,-3470,1954,1557,397,39,56,-17,8280,11370,-3090
2017-12-25,6085,10407,-4322,2299,1237,1062,39,56,-17,8423,11700,-3277
2017-12-26,4959,11920,-6961,863,1387,-524,39,56,-17,5861,13363,-7502
2017-12-27,6729,12228,-5499,2794,1050,1744,39,56,-17,9562,13334,-3772
2017-12-28,8984,12903,-3919,3735,1019,2716,39,24,15,12758,13946,-1188
2017-12-29,9274,12676,-3402,4380,1067,3313,39,24,15,13693,13767,-74
2018-01-02,12583,11706,877,4938,1102,3836,39,24,15,17560,12832,4728
2018-01-03,14967,12210,2757,4984,975,4009,39,24,15,19990,13209,6781
2018-01-04,17742,12897,4845,5445,1005,4440,39,8,31,23226,13910,9316
2018-01-05,19176,13944,5232,5184,501,4683,39,8,31,24399,14453,9946
2018-01-08,19759,14273,5486,6927,815,6112,55,0,55,26741,15088,11653
2018-01-09,21880,15408,6472,7808,588,7220,295,0,295,29983,15996,13987
2018-01-10,19900,14247,5653,8006,596,7410,295,0,295,28201,14843,13358
2018-01-11,21251,14407,6844,8479,610,7869,295,0,295,30025,15017,15008
2018-01-12,21641,13451,8190,8480,774,7706,295,0,295,30416,14225,16191
2018-01-15,24112,14067,10045,8119,654,7465,295,0,295,32526,14721,17805
2018-01-16,24129,13075,11054,8324,876,7448,55,16,39,32508,13967,18541
2018-01-17,15672,6114,9558,4099,373,3726,39,16,23,19810,6503,13307
2018-01-18,15382,5340,10042,4179,2015,2164,39,40,-1,19600,7395,12205
2018-01-19,17347,6172,11175,5744,2213,3531,249,0,249,23340,8385,14955
2018-01-22,19148,7360,11788,3346,2548,798,249,0,249,22743,9908,12835
2018-01-23,18519,9402,9117,2522,2755,-233,289,0,289,21330,12157,9173
2018-01-24,15736,12261,3475,2780,1830,950,289,0,289,18805,14091,4714
2018-01-25,16496,13337,3159,5121,1722,3399,289,0,289,21906,15059,6847
2018-01-26,15905,12540,3365,4953,629,4324,289,0,289,21147,13169,7978
2018-01-29,15710,12766,2944,5706,643,5063,79,0,79,21495,13409,8086
2018-01-30,13673,13821,-148,5738,539,5199,79,0,79,19490,14360,5130
2018-01-31,14270,13831,439,7003,1423,5580,79,0,79,21352,15254,6098
2018-02-01,13341,12653,688,5623,1530,4093,79,0,79,19043,14183,4860
2018-02-02,13567,13413,154,3780,1216,2564,79,0,79,17426,14629,2797
2018-02-05,13579,14518,-939,792,1387,-595,79,0,79,14450,15905,-1455
2018-02-06,17141,21597,-4456,2771,2603,168,79,0,79,19991,24200,-4209
2018-02-07,16842,19497,-2655,1777,1130,647,79,0,79,18698,20627,-1929
2018-02-08,15181,19364,-4183,2354,1779,575,79,0,79,17614,21143,-3529
2018-02-09,14635,21267,-6632,1288,1327,-39,79,0,79,16002,22594,-6592
2018-02-12,14775,20186,-5411,1501,2206,-705,77,0,77,16353,22392,-6039
2018-02-21,11314,12028,-714,2972,937,2035,287,40,247,14573,13005,1568
2018-02-22,10045,12579,-2534,134,3095,-2961,287,40,247,10466,15714,-5248
2018-02-23,11471,12706,-1235,2184,1618,566,287,40,247,13942,14364,-422
2018-02-26,11166,12858,-1692,287,1980,-1693,287,40,247,11740,14878,-3138
2018-02-27,10970,13242,-2272,1249,2243,-994,288,40,248,12507,15525,-3018
2018-03-01,11631,13464,-1833,806,1139,-333,288,40,248,12725,14643,-1918
2018-03-02,12031,13632,-1601,792,1482,-690,288,40,248,13111,15154,-2043
2018-03-05,11678,14261,-2583,625,3392,-2767,288,40,248,12591,17693,-5102
2018-03-06,13804,14679,-875,2087,993,1094,288,40,248,16179,15712,467
2018-03-07,12359,15311,-2952,824,1682,-858,288,40,248,13471,17033,-3562
2018-03-08,14511,16492,-1981,5985,891,5094,288,40,248,20784,17423,3361
2018-03-09,15579,16534,-955,4937,915,4022,288,40,248,20804,17489,3315
2018-03-12,19896,18715,1181,7711,875,6836,288,40,248,27895,19630,8265
2018-03-13,22126,20874,1252,9761,993,8768,288,40,248,32175,21907,10268
2018-03-14,21869,20381,1488,6956,1376,5580,288,40,248,29113,21797,7316
2018-03-15,23869,22061,1808,8647,1724,6923,288,40,248,32804,23825,8979
2018-03-16,23107,21678,1429,6724,2052,4672,48,220,-172,29879,23950,5929
2018-03-19,21708,18603,3105,5162,2083,3079,48,220,-172,26918,20906,6012
2018-03-20,23338,19021,4317,5524,2454,3070,48,220,-172,28910,21695,7215
2018-03-21,14541,7756,6785,2809,2053,756,38,210,-172,17388,10019,7369
2018-03-22,13742,9940,3802,2388,1952,436,48,220,-172,16178,12112,4066
2018-03-23,15658,13322,2336,1043,3417,-2374,258,10,248,16959,16749,210
2018-03-26,15156,10043,5113,952,2520,-1568,258,10,248,16366,12573,3793
2018-03-27,14369,9299,5070,1672,2220,-548,258,10,248,16299,11529,4770
2018-03-28,14422,11396,3026,387,6773,-6386,258,10,248,15067,18179,-3112
2018-03-29,14417,12111,2306,1413,4516,-3103,78,40,38,15908,16667,-759
2018-03-30,14558,10946,3612,3890,3242,648,78,40,38,18526,14228,4298
2018-03-31,15548,10746,4802,3940,3236,704,78,40,38,19566,14022,5544
2018-04-02,15119,11086,4033,2118,2612,-494,78,40,38,17315,13738,3577
2018-04-03,15013,12731,2282,1381,5039,-3658,78,40,38,16472,17810,-1338
2018-04-09,17586,11919,5667,3214,2073,1141,78,40,38,20878,14032,6846
2018-04-10,17619,9766,7853,3671,2716,955,78,40,38,21368,12522,8846
2018-04-11,19773,9340,10433,3509,1889,1620,94,40,54,23376,11269,12107
2018-04-12,18999,11302,7697,3601,2617,984,94,40,54,22694,13959,8735
2018-04-13,19086,10214,8872,5090,2644,2446,94,40,54,24270,12898,11372
2018-04-16,19472,10174,9298,4273,2852,1421,94,40,54,23839,13066,10773
2018-04-17,16892,14240,2652,4968,6041,-1073,78,40,38,21938,20321,1617
2018-04-18,13541,8071,5470,492,4231,-3739,258,40,218,14291,12342,1949
2018-04-19,18634,9466,9168,4964,1367,3597,258,40,218,23856,10873,12983
2018-04-20,14359,9456,4903,250,12916,-12666,78,40,38,14687,22412,-7725
2018-04-23,12713,10050,2663,367,14895,-14528,78,40,38,13158,24985,-11827
2018-04-24,10442,11214,-772,250,14393,-14143,78,40,38,10770,25647,-14877
2018-04-25,10958,11034,-76,482,13587,-13105,78,40,38,11518,24661,-13143
2018-04-26,11006,11066,-60,211,14458,-14247,78,40,38,11295,25564,-14269
2018-04-27,13513,11402,2111,869,11456,-10587,78,40,38,14460,22898,-8438
2018-04-30,14640,11572,3068,1118,13208,-12090,90,40,50,15848,24820,-8972
2018-05-02,13260,9474,3786,964,13228,-12264,90,40,50,14314,22742,-8428
2018-05-03,12941,10159,2782,530,16075,-15545,90,40,50,13561,26274,-12713
2018-05-04,12267,10411,1856,619,4917,-4298,90,40,50,12976,15368,-2392
2018-05-07,12779,10155,2624,1859,4323,-2464,90,40,50,14728,14518,210
2018-05-08,16026,10015,6011,3271,2556,715,90,40,50,19387,12611,6776
2018-05-09,17891,8151,9740,3119,2240,879,86,40,46,21096,10431,10665
2018-05-10,21796,9819,11977,2316,2400,-84,86,40,46,24198,12259,11939
2018-05-11,24201,9264,14937,5599,1909,3690,86,40,46,29886,11213,18673
2018-05-14,25231,9159,16072,5806,1965,3841,86,40,46,31123,11164,19959
2018-05-15,24843,9633,15210,4940,1964,2976,46,0,46,29829,11597,18232
2018-05-16,10233,5623,4610,2147,465,1682,46,0,46,12426,6088,6338
2018-05-17,10284,6661,3623,354,1306,-952,76,0,76,10714,7967,2747
2018-05-18,10059,6969,3090,373,1380,-1007,76,0,76,10508,8349,2159
2018-05-21,13266,7428,5838,1593,2075,-482,76,0,76,14935,9503,5432
2018-05-22,14235,7716,6519,477,3195,-2718,76,0,76,14788,10911,3877
2018-05-23,12908,7378,5530,343,3910,-3567,76,0,76,13327,11288,2039
2018-05-24,14399,7657,6742,690,2319,-1629,76,0,76,15165,9976,5189
2018-05-25,15231,7710,7521,473,2200,-1727,76,0,76,15780,9910,5870
2018-05-28,16533,7427,9106,335,2015,-1680,76,0,76,16944,9442,7502
2018-05-29,17542,7744,9798,174,2822,-2648,46,0,46,17762,10566,7196
2018-05-30,12854,9824,3030,62,8279,-8217,46,0,46,12962,18103,-5141
2018-05-31,13898,9753,4145,280,7359,-7079,46,0,46,14224,17112,-2888
2018-06-01,15845,9192,6653,631,4339,-3708,46,0,46,16522,13531,2991
2018-06-04,19654,8896,10758,1470,1014,456,46,0,46,21170,9910,11260
2018-06-05,20536,8722,11814,1250,1846,-596,46,0,46,21832,10568,11264
2018-06-06,27896,9173,18723,1159,2773,-1614,46,0,46,29101,11946,17155
2018-06-07,27806,9449,18357,837,5208,-4371,46,0,46,28689,14657,14032
2018-06-08,27222,9520,17702,582,8074,-7492,46,0,46,27850,17594,10256
2018-06-11,27127,9775,17352,619,10627,-10008,46,0,46,27792,20402,7390
2018-06-12,27570,9954,17616,673,11541,-10868,46,0,46,28289,21495,6794
2018-06-13,27521,9925,17596,401,12033,-11632,46,0,46,27968,21958,6010
2018-06-14,23059,11424,11635,210,15711,-15501,46,0,46,23315,27135,-3820
2018-06-15,23088,11494,11594,1120,15293,-14173,34,0,34,24242,26787,-2545
2018-06-19,21467,12825,8642,446,18327,-17881,46,0,46,21959,31152,-9193
2018-06-20,11272,12349,-1077,1457,510,947,46,0,46,12775,12859,-84
2018-06-21,10937,12124,-1187,960,2893,-1933,46,0,46,11943,15017,-3074
2018-06-22,10191,13087,-2896,591,6383,-5792,74,0,74,10856,19470,-8614
2018-06-25,9224,12259,-3035,366,6663,-6297,83,0,83,9673,18922,-9249
2018-06-26,8334,12477,-4143,464,7567,-7103,86,0,86,8884,20044,-11160
2018-06-27,8270,12876,-4606,106,8693,-8587,86,0,86,8462,21569,-13107
2018-06-28,8736,13837,-5101,354,11533,-11179,87,0,87,9177,25370,-16193
2018-06-29,10925,13980,-3055,906,7438,-6532,87,0,87,11918,21418,-9500
2018-07-02,10682,12915,-2233,836,6791,-5955,92,0,92,11610,19706,-8096
2018-07-03,10709,11710,-1001,497,8322,-7825,94,0,94,11300,20032,-8732
2018-07-04,11048,12564,-1516,666,8531,-7865,103,0,103,11817,21095,-9278
2018-07-05,11303,14563,-3260,749,13304,-12555,105,0,105,12157,27867,-15710
2018-07-06,11476,13647,-2171,687,13398,-12711,113,0,113,12276,27045,-14769
2018-07-09,14009,15025,-1016,1376,9980,-8604,118,0,118,15503,25005,-9502
2018-07-10,15978,14554,1424,1038,7739,-6701,133,0,133,17149,22293,-5144
2018-07-11,14782,13759,1023,905,9290,-8385,138,0,138,15825,23049,-7224
2018-07-12,18295,14280,4015,2031,6051,-4020,138,0,138,20464,20331,133
2018-07-13,22509,13399,9110,1973,6064,-4091,138,0,138,24620,19463,5157
2018-07-16,24173,12482,11691,1663,7370,-5707,140,0,140,25976,19852,6124
2018-07-17,23124,13791,9333,1389,9526,-8137,139,0,139,24652,23317,1335
2018-07-18,13483,10836,2647,436,1832,-1396,139,0,139,14058,12668,1390
2018-07-19,15485,11965,3520,2475,1825,650,140,0,140,18100,13790,4310
2018-07-20,18910,12702,6208,7756,1710,6046,146,0,146,26812,14412,12400
2018-07-23,18998,11353,7645,5909,1791,4118,148,0,148,25055,13144,11911
2018-07-24,19077,11274,7803,4770,2404,2366,151,0,151,23998,13678,10320
2018-07-25,18661,11066,7595,4856,2191,2665,125,0,125,23642,13257,10385
2018-07-26,19718,11737,7981,8821,2071,6750,126,0,126,28665,13808,14857
2018-07-27,21695,14496,7199,12148,2008,10140,126,0,126,33969,16504,17465
2018-07-30,21775,13295,8480,11106,2085,9021,126,0,126,33007,15380,17627
2018-07-31,22393,13588,8805,11717,1947,9770,127,0,127,34237,15535,18702
2018-08-01,22192,13104,9088,12115,1950,10165,134,0,134,34441,15054,19387
2018-08-02,20385,12882,7503,1071,5330,-4259,134,0,134,21590,18212,3378
2018-08-03,20856,14391,6465,2599,3917,-1318,134,0,134,23589,18308,5281
2018-08-06,22366,16039,6327,2186,2377,-191,134,0,134,24686,18416,6270
2018-08-07,21956,16755,5201,2575,2182,393,134,0,134,24665,18937,5728
2018-08-08,24195,18772,5423,4099,1640,2459,134,0,134,28428,20412,8016
2018-08-09,24033,18032,6001,4873,1650,3223,143,0,143,29049,19682,9367
2018-08-10,22508,18305,4203,4037,1701,2336,144,0,144,26689,20006,6683
2018-08-13,19398,20585,-1187,743,8210,-7467,144,0,144,20285,28795,-8510
2018-08-14,19986,22386,-2400,1003,4427,-3424,144,0,144,21133,26813,-5680
2018-08-15,13850,14969,-1119,199,5644,-5445,144,0,144,14193,20613,-6420
2018-08-16,13378,14710,-1332,1222,340,882,146,0,146,14746,15050,-304
2018-08-17,15726,15397,329,426,2943,-2517,146,0,146,16298,18340,-2042
2018-08-20,14919,15302,-383,267,2402,-2135,146,0,146,15332,17704,-2372
2018-08-21,14038,12915,1123,778,1318,-540,146,0,146,14962,14233,729
2018-08-22,15234,11335,3899,1873,1445,428,146,0,146,17253,12780,4473
2018-08-23,16700,9756,6944,2580,593,1987,146,0,146,19426,10349,9077
2018-08-24,15228,11421,3807,1361,500,861,146,0,146,16735,11921,4814
2018-08-27,15862,12036,3826,3242,454,2788,146,0,146,19250,12490,6760
2018-08-28,18017,12402,5615,2850,417,2433,146,0,146,21013,12819,8194
2018-08-29,21722,11647,10075,4151,276,3875,146,0,146,26019,11923,14096
2018-08-30,23359,11811,11548,5530,307,5223,146,0,146,29035,12118,16917
2018-08-31,23428,11583,11845,2946,1610,1336,138,0,138,26512,13193,13319
2018-09-03,21699,12914,8785,3164,2982,182,138,0,138,25001,15896,9105
2018-09-04,21755,13083,8672,3537,2686,851,138,0,138,25430,15769,9661
2018-09-05,23293,14904,8389,2323,3119,-796,138,0,138,25754,18023,7731
2018-09-06,23254,15544,7710,2461,830,1631,138,0,138,25853,16374,9479
2018-09-07,25142,17517,7625,1975,2172,-197,138,0,138,27255,19689,7566
2018-09-10,20786,18780,2006,526,1916,-1390,138,0,138,21450,20696,754
2018-09-11,19167,19205,-38,389,4197,-3808,138,0,138,19694,23402,-3708
2018-09-12,19867,21484,-1617,212,6568,-6356,138,0,138,20217,28052,-7835
2018-09-13,17981,22661,-4680,241,4638,-4397,138,0,138,18360,27299,-8939
2018-09-14,20348,18328,2020,1804,2461,-657,138,0,138,22290,20789,1501
2018-09-17,22183,20369,1814,205,6263,-6058,138,0,138,22526,26632,-4106
2018-09-18,21436,20899,537,326,4658,-4332,138,0,138,21900,25557,-3657
2018-09-19,11889,14452,-2563,2025,87,1938,138,0,138,14052,14539,-487
2018-09-20,9174,13174,-4000,137,1505,-1368,138,0,138,9449,14679,-5230
2018-09-21,12966,14773,-1807,5051,212,4839,126,0,126,18143,14985,3158
2018-09-25,14929,14512,417,2393,276,2117,126,0,126,17448,14788,2660
2018-09-26,15034,13794,1240,1888,723,1165,126,0,126,17048,14517,2531
2018-09-27,16185,14499,1686,2764,141,2623,126,0,126,19075,14640,4435
2018-09-28,14712,13182,1530,495,990,-495,126,0,126,15333,14172,1161
2018-10-01,16597,12801,3796,1346,611,735,126,0,126,18069,13412,4657
2018-10-02,11958,13446,-1488,387,1817,-1430,126,0,126,12471,15263,-2792
2018-10-03,11813,15143,-3330,759,791,-32,126,0,126,12698,15934,-3236
2018-10-04,11698,21305,-9607,29,3413,-3384,126,0,126,11853,24718,-12865
2018-10-05,12572,25659,-13087,397,5461,-5064,126,0,126,13095,31120,-18025
2018-10-08,12908,27084,-14176,78,6595,-6517,126,0,126,13112,33679,-20567
2018-10-09,13846,29462,-15616,463,7198,-6735,125,0,125,14434,36660,-22226
2018-10-11,15892,26067,-10175,1932,2773,-841,125,0,125,17949,28840,-10891
2018-10-12,16660,24065,-7405,2324,3219,-895,125,0,125,19109,27284,-8175
2018-10-15,16439,24623,-8184,2151,3845,-1694,122,0,122,18712,28468,-9756
2018-10-16,14158,21919,-7761,2349,4615,-2266,122,0,122,16629,26534,-9905
2018-10-17,9938,14469,-4531,734,2503,-1769,122,0,122,10794,16972,-6178
2018-10-18,9119,15734,-6615,859,4092,-3233,122,0,122,10100,19826,-9726
2018-10-19,8643,13779,-5136,781,3868,-3087,122,0,122,9546,17647,-8101
2018-10-22,8667,14057,-5390,152,7430,-7278,122,0,122,8941,21487,-12546
2018-10-23,7596,13935,-6339,225,9354,-9129,122,0,122,7943,23289,-15346
2018-10-24,8162,15665,-7503,730,6557,-5827,122,0,122,9014,22222,-13208
2018-10-25,8554,13602,-5048,107,6747,-6640,122,0,122,8783,20349,-11566
2018-10-26,8279,13356,-5077,765,5106,-4341,127,0,127,9171,18462,-9291
2018-10-29,8838,13864,-5026,1129,3063,-1934,127,0,127,10094,16927,-6833
2018-10-30,8908,13608,-4700,1786,3140,-1354,127,0,127,10821,16748,-5927
2018-10-31,10377,14603,-4226,2352,2291,61,127,0,127,12856,16894,-4038
2018-11-01,10406,13838,-3432,2276,2751,-475,131,0,131,12813,16589,-3776
2018-11-02,11780,13294,-1514,5155,2414,2741,131,0,131,17066,15708,1358
2018-11-05,11093,12886,-1793,1743,2828,-1085,131,0,131,12967,15714,-2747
2018-11-06,10276,12574,-2298,1704,3089,-1385,131,0,131,12111,15663,-3552
2018-11-07,12370,15077,-2707,3441,2460,981,131,0,131,15942,17537,-1595
2018-11-08,12560,13180,-620,6572,2598,3974,131,0,131,19263,15778,3485
2018-11-09,10224,12722,-2498,4063,3239,824,131,0,131,14418,15961,-1543
2018-11-12,11372,14634,-3262,4937,2656,2281,131,0,131,16440,17290,-850
2018-11-13,13508,13908,-400,2183,2881,-698,131,0,131,15822,16789,-967
2018-11-14,13751,13565,186,4451,2807,1644,131,0,131,18333,16372,1961
2018-11-15,15111,13886,1225,5646,2605,3041,131,0,131,20888,16491,4397
2018-11-16,11862,12179,-317,4225,2991,1234,131,0,131,16218,15170,1048
2018-11-19,12091,13261,-1170,6350,2872,3478,129,0,129,18570,16133,2437
2018-11-20,10834,13256,-2422,1966,3902,-1936,129,0,129,12929,17158,-4229
2018-11-21,10803,6431,4372,734,906,-172,129,0,129,11666,7337,4329
2018-11-22,9562,5896,3666,216,1508,-1292,129,0,129,9907,7404,2503
2018-11-23,8499,7380,1119,917,1756,-839,129,0,129,9545,9136,409
2018-11-26,10803,6809,3994,1911,1521,390,129,0,129,12843,8330,4513
2018-11-27,11038,6476,4562,363,3002,-2639,129,0,129,11530,9478,2052
2018-11-28,13431,6950,6481,2963,1025,1938,113,0,113,16507,7975,8532
2018-11-29,11787,6966,4821,4865,930,3935,113,0,113,16765,7896,8869
2018-11-30,10369,6977,3392,3817,1045,2772,113,0,113,14299,8022,6277
2018-12-03,14183,8254,5929,5751,799,4952,113,0,113,20047,9053,10994
2018-12-04,11685,7156,4529,2288,1024,1264,113,0,113,14086,8180,5906
2018-12-05,9083,9763,-680,647,1221,-574,113,0,113,9843,10984,-1141
2018-12-06,9495,12548,-3053,169,2250,-2081,113,0,113,9777,14798,-5021
2018-12-07,8439,11551,-3112,4513,915,3598,113,0,113,13065,12466,599
2018-12-10,8783,12596,-3813,3018,1217,1801,113,0,113,11914,13813,-1899
2018-12-11,8096,13153,-5057,4726,1106,3620,113,0,113,12935,14259,-1324
2018-12-12,8768,10387,-1619,2340,788,1552,113,0,113,11221,11175,46
2018-12-13,9837,9986,-149,4450,508,3942,113,0,113,14400,10494,3906
2018-12-14,10734,14590,-3856,3540,638,2902,113,0,113,14387,15228,-841
2018-12-17,10817,15719,-4902,6931,792,6139,83,0,83,17831,16511,1320
2018-12-18,11237,14688,-3451,2849,2299,550,83,0,83,14169,16987,-2818
2018-12-19,7922,8870,-948,1714,128,1586,83,0,83,9719,8998,721
2018-12-20,8640,9815,-1175,418,4919,-4501,83,0,83,9141,14734,-5593
2018-12-21,9372,10121,-749,651,6451,-5800,83,0,83,10106,16572,-6466
2018-12-22,9522,10917,-1395,617,11353,-10736,83,0,83,10222,22270,-12048
2018-12-24,9504,10725,-1221,679,5356,-4677,83,0,83,10266,16081,-5815
2018-12-25,10180,9856,324,233,7354,-7121,83,0,83,10496,17210,-6714
2018-12-26,10488,10362,126,67,7745,-7678,83,0,83,10638,18107,-7469
2018-12-27,11571,11295,276,1694,993,701,83,0,83,13348,12288,1060
2018-12-28,13683,11127,2556,2242,1150,1092,83,0,83,16008,12277,3731
2019-01-02,9440,11424,-1984,180,3746,-3566,83,0,83,9703,15170,-5467
2019-01-03,8658,13145,-4487,2320,3288,-968,83,0,83,11061,16433,-5372
2019-01-04,8457,14536,-6079,3289,2666,623,83,0,83,11829,17202,-5373
2019-01-07,8773,11968,-3195,4665,1246,3419,83,0,83,13521,13214,307
2019-01-08,10088,11441,-1353,5703,1057,4646,83,0,83,15874,12498,3376
2019-01-09,19309,10656,8653,3646,911,2735,83,0,83,23038,11567,11471
2019-01-10,19856,11029,8827,3761,844,2917,83,0,83,23700,11873,11827
2019-01-11,20907,11179,9728,6251,899,5352,83,0,83,27241,12078,15163
2019-01-14,20316,11071,9245,4073,2880,1193,83,0,83,24472,13951,10521
2019-01-15,16680,9145,7535,5012,1051,3961,83,0,83,21775,10196,11579
2019-01-16,10844,5550,5294,2694,365,2329,83,0,83,13621,5915,7706
2019-01-17,11002,5317,5685,6384,249,6135,83,0,83,17469,5566,11903
2019-01-18,10736,4901,5835,6391,334,6057,83,0,83,17210,5235,11975
2019-01-21,10108,5308,4800,4882,228,4654,83,0,83,15073,5536,9537
2019-01-22,11359,5558,5801,3692,639,3053,83,0,83,15134,6197,8937
2019-01-23,11383,5983,5400,2452,3797,-1345,83,0,83,13918,9780,4138
2019-01-24,10670,5007,5663,4070,2741,1329,83,0,83,14823,7748,7075
2019-01-25,11035,2758,8277,8760,181,8579,83,0,83,19878,2939,16939
2019-01-28,10797,3808,6989,7180,211,6969,83,0,83,18060,4019,14041
2019-01-29,10443,4595,5848,3697,1746,1951,83,0,83,14223,6341,7882
2019-01-30,8781,5804,2977,3526,2836,690,83,0,83,12390,8640,3750
2019-02-11,10681,7092,3589,5059,738,4321,83,0,83,15823,7830,7993
2019-02-12,12227,6658,5569,7917,365,7552,83,0,83,20227,7023,13204
2019-02-13,12129,7127,5002,5751,830,4921,83,0,83,17963,7957,10006
2019-02-14,11810,8964,2846,5837,406,5431,83,0,83,17730,9370,8360
2019-02-15,11736,9096,2640,8092,642,7450,83,0,83,19911,9738,10173
2019-02-18,13130,9989,3141,8367,380,7987,83,0,83,21580,10369,11211
2019-02-19,14210,5081,9129,10101,770,9331,83,0,83,24394,5851,18543
2019-02-20,17318,1439,15879,5384,109,5275,83,0,83,22785,1548,21237
2019-02-21,18892,1951,16941,3986,941,3045,83,0,83,22961,2892,20069
2019-02-22,18932,1804,17128,2980,3308,-328,83,0,83,21995,5112,16883
2019-02-25,17754,1800,15954,3218,3041,177,83,0,83,21055,4841,16214
2019-02-26,19170,2098,17072,3727,4305,-578,83,0,83,22980,6403,16577
2019-02-27,19682,2196,17486,2943,4833,-1890,83,0,83,22708,7029,15679
2019-03-04,17679,3145,14534,2139,7343,-5204,83,0,83,19901,10488,9413
2019-03-05,18286,2853,15433,2268,1894,374,83,0,83,20637,4747,15890
2019-03-06,20752,3344,17408,3977,864,3113,83,0,83,24812,4208,20604
2019-03-07,19936,3158,16778,2189,1867,322,83,0,83,22208,5025,17183
2019-03-08,18016,4008,14008,1265,3525,-2260,83,0,83,19364,7533,11831
2019-03-11,17355,3878,13477,1533,4816,-3283,83,0,83,18971,8694,10277
2019-03-12,20058,4459,15599,3491,3132,359,83,0,83,23632,7591,16041
2019-03-13,23572,3322,20250,2925,3861,-936,83,0,83,26580,7183,19397
2019-03-14,20739,2613,18126,2176,5776,-3600,83,0,83,22998,8389,14609
2019-03-15,24872,4183,20689,3215,4994,-1779,83,0,83,28170,9177,18993
2019-03-18,25173,4541,20632,4286,5578,-1292,83,0,83,29542,10119,19423
2019-03-19,26727,3493,23234,4753,5855,-1102,82,0,82,31562,9348,22214
2019-03-20,17755,3064,14691,5478,195,5283,82,0,82,23315,3259,20056
2019-03-21,20284,3552,16732,3506,290,3216,82,0,82,23872,3842,20030
2019-03-22,20753,3229,17524,1251,664,587,82,0,82,22086,3893,18193
2019-03-25,18239,2912,15327,77,6685,-6608,82,0,82,18398,9597,8801
2019-03-26,17350,3188,14162,759,6833,-6074,82,0,82,18191,10021,8170
2019-03-27,17769,2436,15333,1012,3182,-2170,82,0,82,18863,5618,13245
2019-03-28,18299,2053,16246,1076,2549,-1473,82,0,82,19457,4602,14855
2019-03-29,20902,2420,18482,1096,3043,-1947,82,0,82,22080,5463,16617
2019-04-01,21541,2523,19018,414,3355,-2941,82,0,82,22037,5878,16159
2019-04-02,22324,2634,19690,1459,2073,-614,82,0,82,23865,4707,19158
2019-04-03,22906,2475,20431,882,2470,-1588,82,0,82,23870,4945,18925
2019-04-08,21185,2750,18435,3347,504,2843,82,0,82,24614,3254,21360
2019-04-09,23214,3107,20107,5249,199,5050,82,0,82,28545,3306,25239
2019-04-10,22921,2468,20453,4003,1217,2786,82,0,82,27006,3685,23321
2019-04-11,23262,3333,19929,3061,1635,1426,82,0,82,26405,4968,21437
2019-04-12,22896,3470,19426,2438,1813,625,82,0,82,25416,5283,20133
2019-04-15,23966,4020,19946,2256,2042,214,82,0,82,26304,6062,20242
2019-04-16,28376,5882,22494,2418,1939,479,82,0,82,30876,7821,23055
2019-04-17,17847,1370,16477,5040,163,4877,82,0,82,22969,1533,21436
2019-04-18,19624,1932,17692,1768,840,928,82,0,82,21474,2772,18702
2019-04-19,18179,2676,15503,3610,817,2793,82,0,82,21871,3493,18378
2019-04-22,18470,2702,15768,2964,1239,1725,82,0,82,21516,3941,17575
2019-04-23,19129,2964,16165,3866,871,2995,82,0,82,23077,3835,19242
2019-04-24,18643,2901,15742,1324,1431,-107,82,0,82,20049,4332,15717
2019-04-25,18572,3400,15172,5501,973,4528,82,0,82,24155,4373,19782
2019-04-26,16701,2706,13995,655,3194,-2539,82,0,82,17438,5900,11538
2019-04-29,15883,2998,12885,1956,1657,299,82,0,82,17921,4655,13266
2019-04-30,17701,3040,14661,2556,1011,1545,82,0,82,20339,4051,16288
2019-05-02,15546,2952,12594,3119,2182,937,82,0,82,18747,5134,13613
2019-05-03,19911,3573,16338,7677,1365,6312,82,0,82,27670,4938,22732
2019-05-06,16974,4379,12595,837,3391,-2554,82,0,82,17893,7770,10123
2019-05-07,17057,4923,12134,3697,2213,1484,82,0,82,20836,7136,13700
2019-05-08,15721,3319,12402,812,5853,-5041,82,0,82,16615,9172,7443
2019-05-09,16236,3864,12372,238,11001,-10763,82,0,82,16556,14865,1691
2019-05-10,17792,4220,13572,388,7029,-6641,82,0,82,18262,11249,7013
2019-05-13,15174,5383,9791,598,13583,-12985,82,0,82,15854,18966,-3112
2019-05-14,15760,5860,9900,496,14736,-14240,94,0,94,16350,20596,-4246
2019-05-15,7658,4019,3639,1336,1969,-633,94,0,94,9088,5988,3100
2019-05-16,7967,5447,2520,1424,3268,-1844,94,0,94,9485,8715,770
2019-05-17,6952,7026,-74,1271,3915,-2644,94,0,94,8317,10941,-2624
2019-05-20,8700,8187,513,2040,2971,-931,94,0,94,10834,11158,-324
2019-05-21,10822,7650,3172,1517,3514,-1997,94,0,94,12433,11164,1269
2019-05-22,10502,7038,3464,1007,4873,-3866,94,0,94,11603,11911,-308
2019-05-23,10632,7552,3080,345,6677,-6332,94,0,94,11071,14229,-3158
2019-05-24,9446,6932,2514,1335,3313,-1978,94,0,94,10875,10245,630
2019-05-27,10508,6803,3705,776,4819,-4043,94,0,94,11378,11622,-244
2019-05-28,10112,6923,3189,1319,5109,-3790,94,0,94,11525,12032,-507
2019-05-29,10842,6668,4174,1935,6229,-4294,94,0,94,12871,12897,-26
2019-05-30,10715,6403,4312,2698,5712,-3014,94,0,94,13507,12115,1392
2019-05-31,15429,6699,8730,3271,2489,782,94,0,94,18794,9188,9606
2019-06-03,17034,6323,10711,2362,3455,-1093,94,0,94,19490,9778,9712
2019-06-04,14949,5893,9056,1495,8821,-7326,94,0,94,16538,14714,1824
2019-06-05,12079,6256,5823,1614,5310,-3696,94,0,94,13787,11566,2221
2019-06-06,13051,7523,5528,1320,8401,-7081,94,0,94,14465,15924,-1459
2019-06-10,15199,7662,7537,3714,2890,824,94,0,94,19007,10552,8455
2019-06-11,16084,7456,8628,3470,3238,232,94,0,94,19648,10694,8954
2019-06-12,17479,6646,10833,3810,3140,670,94,0,94,21383,9786,11597
2019-06-13,16678,6976,9702,1407,6425,-5018,94,0,94,18179,13401,4778
2019-06-14,16619,7102,9517,1404,6590,-5186,94,0,94,18117,13692,4425
2019-06-17,15992,5929,10063,3168,5903,-2735,94,0,94,19254,11832,7422
2019-06-18,17055,6297,10758,2400,6567,-4167,94,0,94,19549,12864,6685
2019-06-19,6871,7125,-254,4962,334,4628,95,0,95,11928,7459,4469
2019-06-20,7531,7888,-357,3866,2075,1791,95,0,95,11492,9963,1529
2019-06-21,7294,8003,-709,2298,3757,-1459,109,0,109,9701,11760,-2059
2019-06-24,7768,7758,10,2042,4286,-2244,109,0,109,9919,12044,-2125
2019-06-25,6986,8775,-1789,141,6610,-6469,112,0,112,7239,15385,-8146
2019-06-26,5669,9000,-3331,247,5468,-5221,113,0,113,6029,14468,-8439
2019-06-27,6905,6658,247,1646,3109,-1463,122,0,122,8673,9767,-1094
2019-06-28,5853,6701,-848,161,4977,-4816,124,0,124,6138,11678,-5540
2019-07-01,9062,7477,1585,1799,3787,-1988,131,0,131,10992,11264,-272
2019-07-02,9648,7641,2007,698,4033,-3335,136,0,136,10482,11674,-1192
2019-07-03,9825,7363,2462,59,5691,-5632,146,0,146,10030,13054,-3024
2019-07-04,11111,6858,4253,860,2414,-1554,146,0,146,12117,9272,2845
2019-07-05,11151,7296,3855,1100,2406,-1306,148,0,148,12399,9702,2697
2019-07-08,10098,7046,3052,555,4100,-3545,150,0,150,10803,11146,-343
2019-07-09,9561,7469,2092,171,5519,-5348,150,0,150,9882,12988,-3106
2019-07-10,13258,8321,4937,4149,2113,2036,154,0,154,17561,10434,7127
2019-07-11,14726,7472,7254,4350,2428,1922,154,0,154,19230,9900,9330
2019-07-12,14300,7950,6350,2296,4156,-1860,160,0,160,16756,12106,4650
2019-07-15,17295,9458,7837,2918,4658,-1740,162,0,162,20375,14116,6259
2019-07-16,16524,6951,9573,3048,5495,-2447,163,0,163,19735,12446,7289
2019-07-17,6538,6866,-328,59,1268,-1209,164,0,164,6761,8134,-1373
2019-07-18,6741,6392,349,2451,424,2027,158,0,158,9350,6816,2534
2019-07-19,6113,7828,-1715,3746,340,3406,162,0,162,10021,8168,1853
2019-07-22,7358,5102,2256,6440,300,6140,162,0,162,13960,5402,8558
2019-07-23,7604,5220,2384,3295,435,2860,129,0,129,11028,5655,5373
2019-07-24,7167,5275,1892,2465,1254,1211,140,0,140,9772,6529,3243
2019-07-25,8059,5084,2975,2666,653,2013,140,0,140,10865,5737,5128
2019-07-26,7696,5759,1937,605,4371,-3766,148,0,148,8449,10130,-1681
2019-07-29,8140,5248,2892,523,4379,-3856,148,0,148,8811,9627,-816
2019-07-30,6860,6992,-132,205,6689,-6484,148,0,148,7213,13681,-6468
2019-07-31,6643,6203,440,1068,7754,-6686,149,0,149,7860,13957,-6097
2019-08-01,7398,7167,231,426,11231,-10805,149,0,149,7973,18398,-10425
2019-08-02,10432,10525,-93,108,16902,-16794,149,0,149,10689,27427,-16738
2019-08-05,7856,9589,-1733,254,10905,-10651,149,0,149,8259,20494,-12235
2019-08-06,9165,9100,65,603,9744,-9141,149,0,149,9917,18844,-8927
2019-08-07,9630,7963,1667,1970,9636,-7666,148,0,148,11748,17599,-5851
2019-08-08,12474,9871,2603,3167,8013,-4846,141,0,141,15782,17884,-2102
2019-08-12,13949,12761,1188,3683,7384,-3701,149,0,149,17781,20145,-2364
2019-08-13,13620,13706,-86,2499,8167,-5668,150,0,150,16269,21873,-5604
2019-08-14,12230,12553,-323,3758,7402,-3644,151,0,151,16139,19955,-3816
2019-08-15,10276,12863,-2587,680,9236,-8556,151,0,151,11107,22099,-10992
2019-08-16,10931,10382,549,4690,2959,1731,148,0,148,15769,13341,2428
2019-08-19,12652,10334,2318,5346,3773,1573,148,0,148,18146,14107,4039
2019-08-20,13551,9882,3669,6721,3966,2755,132,0,132,20404,13848,6556
2019-08-21,7155,9246,-2091,5506,362,5144,131,0,131,12792,9608,3184
2019-08-22,7198,9777,-2579,2201,1056,1145,131,0,131,9530,10833,-1303
2019-08-23,8196,10423,-2227,2191,1794,397,132,0,132,10519,12217,-1698
2019-08-26,9286,11295,-2009,153,9785,-9632,132,0,132,9571,21080,-11509
2019-08-27,10430,10626,-196,441,7122,-6681,126,0,126,10997,17748,-6751
2019-08-28,9496,9817,-321,1709,5400,-3691,122,0,122,11327,15217,-3890
2019-08-29,11773,10871,902,2495,4545,-2050,120,0,120,14388,15416,-1028
2019-08-30,13636,12840,796,4351,3212,1139,120,0,120,18107,16052,2055
2019-09-02,15074,13174,1900,3020,3188,-168,120,0,120,18214,16362,1852
2019-09-03,13910,12405,1505,1055,5171,-4116,106,0,106,15071,17576,-2505
2019-09-04,17505,14716,2789,7039,3220,3819,106,0,106,24650,17936,6714
2019-09-05,18922,15575,3347,6086,3181,2905,106,0,106,25114,18756,6358
2019-09-06,19051,14403,4648,5708,2810,2898,105,0,105,24864,17213,7651
2019-09-09,20108,15323,4785,5156,2866,2290,105,0,105,25369,18189,7180
2019-09-10,19583,13980,5603,3271,3887,-616,105,0,105,22959,17867,5092
2019-09-11,19629,13742,5887,3321,3476,-155,103,0,103,23053,17218,5835
2019-09-12,20467,14271,6196,3254,4133,-879,104,0,104,23825,18404,5421
2019-09-16,21122,13312,7810,6520,3145,3375,104,0,104,27746,16457,11289
2019-09-17,20161,10367,9794,5605,4822,783,104,0,104,25870,15189,10681
2019-09-18,12216,3256,8960,3147,202,2945,105,0,105,15468,3458,12010
2019-09-19,12724,3092,9632,1262,1994,-732,106,0,106,14092,5086,9006
2019-09-20,12870,2879,9991,2288,810,1478,106,0,106,15264,3689,11575
2019-09-23,13555,3397,10158,1045,2149,-1104,106,0,106,14706,5546,9160
2019-09-24,13358,3870,9488,828,2606,-1778,106,0,106,14292,6476,7816
2019-09-25,11647,4329,7318,1064,7405,-6341,104,0,104,12815,11734,1081
2019-09-26,12373,4237,8136,324,7550,-7226,104,0,104,12801,11787,1014
2019-09-27,12274,5151,7123,559,5649,-5090,104,0,104,12937,10800,2137
2019-10-01,15858,7308,8550,2607,2147,460,100,0,100,18565,9455,9110
2019-10-02,14625,6779,7846,857,4316,-3459,100,0,100,15582,11095,4487
2019-10-03,14424,7700,6724,1046,6806,-5760,98,0,98,15568,14506,1062
2019-10-04,16329,8143,8186,275,6488,-6213,98,0,98,16702,14631,2071
2019-10-07,18006,9673,8333,1107,4759,-3652,98,0,98,19211,14432,4779
2019-10-08,20625,11077,9548,4506,3576,930,99,0,99,25230,14653,10577
2019-10-09,18802,6703,12099,577,11723,-11146,98,0,98,19477,18426,1051
2019-10-14,21410,8651,12759,3191,7738,-4547,98,0,98,24699,16389,8310
2019-10-15,20868,4086,16782,3235,7900,-4665,98,0,98,24201,11986,12215
2019-10-16,12954,2262,10692,3502,133,3369,98,0,98,16554,2395,14159
2019-10-17,14149,2275,11874,5973,192,5781,98,0,98,20220,2467,17753
2019-10-18,14387,2427,11960,956,1178,-222,105,0,105,15448,3605,11843
2019-10-21,14891,2764,12127,1102,2808,-1706,96,0,96,16089,5572,10517
2019-10-22,16749,2830,13919,2850,1215,1635,96,0,96,19695,4045,15650
2019-10-23,14026,3003,11023,2941,1898,1043,96,0,96,17063,4901,12162
2019-10-24,15155,3040,12115,3824,1090,2734,96,0,96,19075,4130,14945
2019-10-25,14437,3710,10727,1489,2560,-1071,96,0,96,16022,6270,9752
2019-10-28,14073,4086,9987,1968,1812,156,96,0,96,16137,5898,10239
2019-10-29,14022,4299,9723,3094,1667,1427,96,0,96,17212,5966,11246
2019-10-30,13291,3449,9842,3887,1674,2213,96,0,96,17274,5123,12151
2019-10-31,13002,3459,9543,3698,2015,1683,96,0,96,16796,5474,11322
2019-11-01,13545,3368,10177,4292,1758,2534,96,0,96,17933,5126,12807
2019-11-04,14737,4913,9824,8887,1701,7186,96,0,96,23720,6614,17106
2019-11-05,15074,5637,9437,6350,1805,4545,100,0,100,21524,7442,14082
2019-11-06,15128,4720,10408,4773,1990,2783,100,0,100,20001,6710,13291
2019-11-07,13998,4509,9489,2737,2445,292,103,0,103,16838,6954,9884
2019-11-08,13727,4804,8923,2578,3697,-1119,103,0,103,16408,8501,7907
2019-11-11,10973,6065,4908,2529,4012,-1483,103,0,103,13605,10077,3528
2019-11-12,13653,7926,5727,4297,3295,1002,103,0,103,18053,11221,6832
2019-11-13,13030,6716,6314,2384,4660,-2276,103,0,103,15517,11376,4141
2019-11-14,14060,8063,5997,2191,4773,-2582,103,0,103,16354,12836,3518
2019-11-15,15170,7416,7754,1967,5869,-3902,103,0,103,17240,13285,3955
2019-11-18,13152,6504,6648,2732,4861,-2129,103,0,103,15987,11365,4622
2019-11-19,12122,5338,6784,3480,7124,-3644,103,0,103,15705,12462,3243
2019-11-20,8770,3420,5350,1130,1053,77,103,0,103,10003,4473,5530
2019-11-21,9001,4421,4580,2348,1016,1332,103,0,103,11452,5437,6015
2019-11-22,9271,4815,4456,1108,2179,-1071,103,0,103,10482,6994,3488
2019-11-25,9100,5352,3748,1645,2507,-862,103,0,103,10848,7859,2989
2019-11-26,10007,5432,4575,2050,796,1254,102,0,102,12159,6228,5931
2019-11-27,12741,4472,8269,2073,811,1262,72,0,72,14886,5283,9603
2019-11-28,11470,4857,6613,382,4902,-4520,72,0,72,11924,9759,2165
2019-11-29,10245,6284,3961,265,10221,-9956,72,0,72,10582,16505,-5923
2019-12-02,10941,6675,4266,1249,2432,-1183,72,0,72,12262,9107,3155
2019-12-03,12215,6057,6158,3763,2451,1312,72,0,72,16050,8508,7542
2019-12-04,13676,5855,7821,1889,4956,-3067,72,0,72,15637,10811,4826
2019-12-05,13176,6580,6596,4705,3321,1384,72,0,72,17953,9901,8052
2019-12-06,14208,7440,6768,6051,3450,2601,72,0,72,20331,10890,9441
2019-12-09,14887,7755,7132,3416,3309,107,72,0,72,18375,11064,7311
2019-12-10,15225,7734,7491,306,7776,-7470,72,0,72,15603,15510,93
2019-12-11,18375,8260,10115,3434,3511,-77,72,0,72,21881,11771,10110
2019-12-12,19910,9612,10298,6480,3536,2944,72,0,72,26462,13148,13314
2019-12-13,20714,10569,10145,4536,4239,297,72,0,72,25322,14808,10514
2019-12-16,21535,9398,12137,2174,4380,-2206,72,0,72,23781,13778,10003
2019-12-17,15635,5262,10373,5006,7486,-2480,72,0,72,20713,12748,7965
2019-12-18,8763,4579,4184,4122,67,4055,75,0,75,12960,4646,8314
2019-12-19,8325,5438,2887,2042,497,1545,75,0,75,10442,5935,4507
2019-12-20,8261,5981,2280,1135,958,177,71,0,71,9467,6939,2528
2019-12-23,8155,6148,2007,1731,903,828,71,0,71,9957,7051,2906
2019-12-24,7616,7373,243,561,2621,-2060,71,0,71,8248,9994,-1746
2019-12-25,7206,5049,2157,647,2684,-2037,71,0,71,7924,7733,191
2019-12-26,7350,5060,2290,547,5103,-4556,71,0,71,7968,10163,-2195
2019-12-27,8410,6372,2038,1364,2554,-1190,71,0,71,9845,8926,919
2019-12-30,8299,6880,1419,1028,3467,-2439,71,0,71,9398,10347,-949
2019-12-31,7233,7202,31,1107,7269,-6162,71,0,71,8411,14471,-6060
2020-01-02,9141,6572,2569,1540,4043,-2503,71,0,71,10752,10615,137
2020-01-03,9319,5664,3655,1006,4513,-3507,71,0,71,10396,10177,219
2020-01-06,7711,6783,928,777,8837,-8060,71,0,71,8559,15620,-7061
2020-01-07,7689,7474,215,800,10262,-9462,61,0,61,8550,17736,-9186
2020-01-08,8520,8496,24,1249,5152,-3903,61,0,61,9830,13648,-3818
2020-01-09,11497,10904,593,3111,3449,-338,61,0,61,14669,14353,316
2020-01-10,11563,10367,1196,1864,3834,-1970,61,0,61,13488,14201,-713
2020-01-13,11673,9884,1789,3819,3164,655,61,0,61,15553,13048,2505
2020-01-14,12825,8298,4527,3338,3305,33,61,0,61,16224,11603,4621
2020-01-15,9336,5615,3721,553,2961,-2408,61,0,61,9950,8576,1374
2020-01-16,9901,6501,3400,1008,4548,-3540,55,0,55,10964,11049,-85
2020-01-17,10830,7450,3380,1221,4214,-2993,55,0,55,12106,11664,442
2020-01-20,10075,7848,2227,680,1951,-1271,55,0,55,10810,9799,1011
2020-01-30,10421,10423,-2,307,7415,-7108,55,0,55,10783,17838,-7055
2020-01-31,9625,10315,-690,5061,2905,2156,55,0,55,14741,13220,1521
2020-02-03,10528,10583,-55,1885,6122,-4237,55,0,55,12468,16705,-4237
2020-02-04,11448,7356,4092,4168,3619,549,55,0,55,15671,10975,4696
2020-02-05,10963,7532,3431,6251,3867,2384,55,0,55,17269,11399,5870
2020-02-06,12515,6810,5705,4756,613,4143,53,0,53,17324,7423,9901
2020-02-07,12605,8075,4530,1700,2719,-1019,53,0,53,14358,10794,3564
2020-02-10,13263,7567,5696,1926,5249,-3323,53,0,53,15242,12816,2426
2020-02-11,10966,6052,4914,1728,4202,-2474,53,0,53,12747,10254,2493
2020-02-12,11080,3754,7326,4483,1956,2527,53,0,53,15616,5710,9906
2020-02-13,11572,4029,7543,4105,1809,2296,53,0,53,15730,5838,9892
2020-02-14,11792,4151,7641,2358,3055,-697,53,0,53,14203,7206,6997
2020-02-17,12380,4653,7727,2429,7832,-5403,45,0,45,14854,12485,2369
2020-02-18,15100,8873,6227,1237,11164,-9927,44,0,44,16381,20037,-3656
2020-02-19,6414,4962,1452,6131,241,5890,44,0,44,12589,5203,7386
2020-02-20,5294,4343,951,723,3827,-3104,44,0,44,6061,8170,-2109
2020-02-21,5553,4819,734,937,4398,-3461,44,0,44,6534,9217,-2683
2020-02-24,4928,5432,-504,396,7255,-6859,47,0,47,5371,12687,-7316
2020-02-25,6371,6340,31,1507,5250,-3743,47,0,47,7925,11590,-3665
2020-02-26,5059,5176,-117,886,4507,-3621,44,0,44,5989,9683,-3694
2020-02-27,6625,7874,-1249,622,5706,-5084,44,0,44,7291,13580,-6289
2020-03-02,6889,8171,-1282,456,10309,-9853,48,0,48,7393,18480,-11087
2020-03-03,8318,10188,-1870,1519,4949,-3430,48,0,48,9885,15137,-5252
2020-03-04,10210,7912,2298,2421,1187,1234,48,0,48,12679,9099,3580
2020-03-05,11916,9553,2363,4772,394,4378,48,0,48,16736,9947,6789
2020-03-06,11430,11912,-482,460,4301,-3841,48,0,48,11938,16213,-4275
2020-03-09,13462,14396,-934,1443,4205,-2762,48,0,48,14953,18601,-3648
2020-03-10,14435,14785,-350,906,4333,-3427,48,0,48,15389,19118,-3729
2020-03-11,15874,16447,-573,901,4038,-3137,48,0,48,16823,20485,-3662
2020-03-12,19026,17850,1176,2119,3598,-1479,43,0,43,21188,21448,-260
2020-03-13,19257,14580,4677,4863,5530,-667,43,0,43,24163,20110,4053
2020-03-16,21205,15975,5230,5790,868,4922,43,0,43,27038,16843,10195
2020-03-17,20625,18190,2435,7742,1825,5917,43,0,43,28410,20015,8395
2020-03-18,6496,13676,-7180,1291,2787,-1496,71,0,71,7858,16463,-8605
2020-03-19,6849,13538,-6689,1666,1664,2,82,0,82,8597,15202,-6605
2020-03-20,5959,10876,-4917,9574,2588,6986,82,0,82,15615,13464,2151
2020-03-23,6550,10725,-4175,8978,275,8703,82,0,82,15610,11000,4610
2020-03-24,7349,10515,-3166,10446,176,10270,82,0,82,17877,10691,7186
2020-03-25,6861,10440,-3579,8660,169,8491,82,0,82,15603,10609,4994
2020-03-26,9442,12490,-3048,2389,512,1877,82,0,82,11913,13002,-1089
2020-03-27,10272,14074,-3802,2846,1234,1612,82,0,82,13200,15308,-2108
2020-03-30,10757,13576,-2819,3660,3405,255,82,0,82,14499,16981,-2482
2020-03-31,11595,12709,-1114,4573,3173,1400,82,0,82,16250,15882,368
2020-04-01,11590,11531,59,2441,1176,1265,82,0,82,14113,12707,1406
2020-04-06,12252,12483,-231,2160,524,1636,82,0,82,14494,13007,1487
2020-04-07,13215,14588,-1373,5729,1031,4698,82,0,82,19026,15619,3407
2020-04-08,14073,11840,2233,741,2172,-1431,82,0,82,14896,14012,884
2020-04-09,12733,9541,3192,1437,4277,-2840,82,0,82,14252,13818,434
2020-04-10,13593,8162,5431,2156,5223,-3067,82,0,82,15831,13385,2446
2020-04-13,13353,8249,5104,552,3399,-2847,82,0,82,13987,11648,2339
2020-04-14,13868,10786,3082,2315,1283,1032,82,0,82,16265,12069,4196
2020-04-15,6899,4406,2493,3646,268,3378,82,0,82,10627,4674,5953
2020-04-16,7135,4461,2674,4019,960,3059,82,0,82,11236,5421,5815
2020-04-17,8542,4355,4187,2259,2955,-696,81,0,81,10882,7310,3572
2020-04-20,8124,4840,3284,388,5021,-4633,66,0,66,8578,9861,-1283
2020-04-21,9288,6355,2933,1607,5589,-3982,66,0,66,10961,11944,-983
2020-04-22,7940,6246,1694,1713,5671,-3958,64,0,64,9717,11917,-2200
2020-04-23,8536,6216,2320,3369,5430,-2061,64,0,64,11969,11646,323
2020-04-24,8246,6488,1758,3647,4358,-711,64,0,64,11957,10846,1111
2020-04-27,7071,8093,-1022,6264,2767,3497,64,0,64,13399,10860,2539
2020-04-28,7313,8369,-1056,2439,2886,-447,64,0,64,9816,11255,-1439
2020-04-29,7381,8606,-1225,4025,2807,1218,64,0,64,11470,11413,57
2020-04-30,7772,10419,-2647,7322,2678,4644,64,0,64,15158,13097,2061
2020-05-04,7819,8534,-715,1174,6286,-5112,64,0,64,9057,14820,-5763
2020-05-05,6972,7610,-638,966,3538,-2572,64,0,64,8002,11148,-3146
2020-05-06,7644,7666,-22,1000,1347,-347,64,0,64,8708,9013,-305
2020-05-07,8137,9293,-1156,1182,1901,-719,64,0,64,9383,11194,-1811
2020-05-08,8865,10223,-1358,1576,2901,-1325,64,0,64,10505,13124,-2619
2020-05-11,9311,10770,-1459,1798,3511,-1713,64,0,64,11173,14281,-3108
2020-05-12,10924,9935,989,415,5533,-5118,64,0,64,11403,15468,-4065
2020-05-13,11624,9349,2275,2284,3729,-1445,64,0,64,13972,13078,894
2020-05-14,12192,10135,2057,679,5492,-4813,64,0,64,12935,15627,-2692
2020-05-15,11811,9838,1973,3774,1627,2147,64,0,64,15649,11465,4184
2020-05-18,13702,10974,2728,373,5459,-5086,63,0,63,14138,16433,-2295
2020-05-19,13036,10328,2708,3295,3750,-455,62,0,62,16393,14078,2315
2020-05-20,4565,5799,-1234,2415,417,1998,62,0,62,7042,6216,826
2020-05-21,5196,6712,-1516,6786,353,6433,62,0,62,12044,7065,4979
2020-05-22,8257,6976,1281,107,6752,-6645,62,0,62,8426,13728,-5302
2020-05-25,6764,6894,-130,1394,2404,-1010,62,0,62,8220,9298,-1078
2020-05-26,5343,7648,-2305,7672,2324,5348,62,0,62,13077,9972,3105
2020-05-27,5608,7320,-1712,6670,2652,4018,62,0,62,12340,9972,2368
2020-05-28,6485,7296,-811,5365,4827,538,62,0,62,11912,12123,-211
2020-05-29,6675,7249,-574,8791,4263,4528,62,0,62,15528,11512,4016
2020-06-01,7248,8983,-1735,4377,3690,687,62,0,62,11687,12673,-986
2020-06-02,7487,9148,-1661,4073,4081,-8,62,0,62,11622,13229,-1607
2020-06-03,7937,11105,-3168,10377,3625,6752,62,0,62,18376,14730,3646
2020-06-04,7573,11056,-3483,6204,3843,2361,62,0,62,13839,14899,-1060
2020-06-05,8157,11455,-3298,7153,4135,3018,62,0,62,15372,15590,-218
2020-06-08,8351,11919,-3568,5685,4603,1082,62,0,62,14098,16522,-2424
2020-06-09,8340,11357,-3017,6709,4135,2574,62,0,62,15111,15492,-381
2020-06-10,8926,11031,-2105,6021,4541,1480,65,0,65,15012,15572,-560
2020-06-11,6824,8999,-2175,3190,6899,-3709,65,0,65,10079,15898,-5819
2020-06-12,5912,9281,-3369,704,9431,-8727,65,0,65,6681,18712,-12031
2020-06-15,7047,9771,-2724,3214,6807,-3593,1565,1500,65,11826,18078,-6252
2020-06-16,5486,9778,-4292,6255,6747,-492,67,0,67,11808,16525,-4717
2020-06-17,4903,5944,-1041,4939,248,4691,99,0,99,9941,6192,3749
2020-06-18,6104,6983,-879,5701,477,5224,97,0,97,11902,7460,4442
2020-06-19,6574,7289,-715,2999,1379,1620,97,0,97,9670,8668,1002
2020-06-22,7542,7356,186,2211,3554,-1343,102,0,102,9855,10910,-1055
2020-06-23,8137,7101,1036,4972,2650,2322,106,0,106,13215,9751,3464
2020-06-24,7039,6515,524,5137,3077,2060,106,0,106,12282,9592,2690
2020-06-29,9228,6601,2627,2619,5816,-3197,112,0,112,11959,12417,-458
2020-06-30,9919,7297,2622,3924,1849,2075,134,0,134,13977,9146,4831
2020-07-01,8684,7066,1618,7822,1648,6174,159,0,159,16665,8714,7951
2020-07-02,10832,7982,2850,12821,818,12003,161,0,161,23814,8800,15014
2020-07-03,10731,7385,3346,7902,863,7039,172,0,172,18805,8248,10557
2020-07-06,10680,10014,666,6428,1954,4474,178,0,178,17286,11968,5318
2020-07-07,11695,9299,2396,6322,2799,3523,180,0,180,18197,12098,6099
2020-07-08,10997,7283,3714,6443,2825,3618,180,0,180,17620,10108,7512
2020-07-09,12335,7640,4695,4770,3898,872,180,0,180,17285,11538,5747
2020-07-10,14560,9353,5207,6336,4982,1354,189,0,189,21085,14335,6750
2020-07-13,16534,11167,5367,5752,4837,915,190,0,190,22476,16004,6472
2020-07-14,16907,9383,7524,2601,1896,705,191,0,191,19699,11279,8420
2020-07-15,9006,5119,3887,952,1578,-626,204,0,204,10162,6697,3465
2020-07-16,9971,4562,5409,1283,5471,-4188,207,0,207,11461,10033,1428
2020-07-17,10477,7142,3335,921,4491,-3570,195,0,195,11593,11633,-40
2020-07-20,12157,6809,5348,2385,3939,-1554,190,0,190,14732,10748,3984
2020-07-21,10821,7771,3050,3449,2399,1050,190,0,190,14460,10170,4290
2020-07-22,11081,6944,4137,1569,5954,-4385,191,0,191,12841,12898,-57
2020-07-23,12445,6843,5602,1632,5448,-3816,192,0,192,14269,12291,1978
2020-07-24,13988,7634,6354,1535,7122,-5587,192,0,192,15715,14756,959
2020-07-27,13173,6265,6908,3683,2416,1267,195,0,195,17051,8681,8370
2020-07-28,13669,7930,5739,1216,3146,-1930,196,0,196,15081,11076,4005
2020-07-29,14070,9919,4151,1661,4604,-2943,182,0,182,15913,14523,1390
2020-07-30,14880,10713,4167,4448,1833,2615,174,0,174,19502,12546,6956
2020-07-31,15048,11034,4014,3187,4071,-884,161,0,161,18396,15105,3291
2020-08-03,17581,11180,6401,899,6850,-5951,161,0,161,18641,18030,611
2020-08-04,17786,12023,5763,4845,1069,3776,155,0,155,22786,13092,9694
2020-08-05,17913,12485,5428,5563,914,4649,155,0,155,23631,13399,10232
2020-08-06,19133,11767,7366,6006,1207,4799,150,0,150,25289,12974,12315
2020-08-07,21506,12325,9181,3080,3575,-495,150,0,150,24736,15900,8836
2020-08-10,19398,12619,6779,3833,3545,288,146,0,146,23377,16164,7213
2020-08-11,21018,13561,7457,1768,7712,-5944,147,0,147,22933,21273,1660
2020-08-12,23571,14266,9305,2261,5552,-3291,151,0,151,25983,19818,6165
2020-08-13,24604,11785,12819,3237,6648,-3411,151,0,151,27992,18433,9559
2020-08-14,22730,11708,11022,5664,5857,-193,151,0,151,28545,17565,10980
2020-08-17,23427,12938,10489,7553,5250,2303,151,0,151,31131,18188,12943
2020-08-18,26010,13450,12560,3992,7665,-3673,151,0,151,30153,21115,9038
2020-08-19,13665,9121,4544,229,7863,-7634,151,0,151,14045,16984,-2939
2020-08-20,15747,11343,4404,303,10849,-10546,151,0,151,16201,22192,-5991
2020-08-21,16148,12734,3414,3772,4348,-576,147,0,147,20067,17082,2985
2020-08-24,16459,14408,2051,4996,4462,534,125,0,125,21580,18870,2710
2020-08-25,16779,14891,1888,4308,4548,-240,125,0,125,21212,19439,1773
2020-08-26,17807,13951,3856,5254,2533,2721,125,0,125,23186,16484,6702
2020-08-27,18545,14531,4014,4517,2803,1714,125,0,125,23187,17334,5853
2020-08-28,18547,14236,4311,2841,1917,924,109,0,109,21497,16153,5344
2020-08-31,18968,14177,4791,2048,4338,-2290,105,0,105,21121,18515,2606
2020-09-01,18751,14334,4417,3024,4020,-996,105,0,105,21880,18354,3526
2020-09-02,18547,12729,5818,2279,4088,-1809,105,0,105,20931,16817,4114
2020-09-03,19384,14279,5105,4056,4684,-628,105,0,105,23545,18963,4582
2020-09-04,20360,14154,6206,2603,6536,-3933,105,0,105,23068,20690,2378
2020-09-07,21436,16736,4700,4548,7846,-3298,96,0,96,26080,24582,1498
2020-09-08,18767,16417,2350,7402,7487,-85,96,0,96,26265,23904,2361
2020-09-09,18194,16697,1497,3985,5447,-1462,88,0,88,22267,22144,123
2020-09-10,19618,17119,2499,7015,3674,3341,88,0,88,26721,20793,5928
2020-09-11,20636,17951,2685,4501,5747,-1246,88,0,88,25225,23698,1527
2020-09-14,23935,20267,3668,7823,5506,2317,88,0,88,31846,25773,6073
2020-09-15,24689,17602,7087,7373,4590,2783,88,0,88,32150,22192,9958
2020-09-16,19010,8898,10112,4686,85,4601,91,0,91,23787,8983,14804
2020-09-17,20477,10173,10304,771,9416,-8645,91,0,91,21339,19589,1750
2020-09-18,22032,11570,10462,917,11152,-10235,91,0,91,23040,22722,318
2020-09-21,23215,11615,11600,1094,9406,-8312,91,0,91,24400,21021,3379
2020-09-22,23072,11949,11123,2486,12548,-10062,91,0,91,25649,24497,1152
2020-09-23,21464,11543,9921,2393,4544,-2151,91,0,91,23948,16087,7861
2020-09-24,23499,13824,9675,1724,9856,-8132,91,0,91,25314,23680,1634
2020-09-25,22601,13901,8700,4357,5699,-1342,91,0,91,27049,19600,7449
2020-09-28,22197,14529,7668,5631,1384,4247,91,0,91,27919,15913,12006
2020-09-29,22721,15470,7251,8697,1355,7342,91,0,91,31509,16825,14684
2020-09-30,22326,14377,7949,11771,1110,10661,91,0,91,34188,15487,18701
2020-10-05,23882,15491,8391,11212,1431,9781,91,0,91,35185,16922,18263
2020-10-06,24964,16613,8351,13925,801,13124,91,0,91,38980,17414,21566
2020-10-07,25081,12441,12640,8504,714,7790,91,0,91,33676,13155,20521
2020-10-08,26311,13675,12636,12266,437,11829,91,0,91,38668,14112,24556
2020-10-12,26897,13366,13531,11432,522,10910,91,0,91,38420,13888,24532
2020-10-13,28243,13929,14314,12716,369,12347,91,0,91,41050,14298,26752
2020-10-14,29191,14847,14344,9650,897,8753,91,0,91,38932,15744,23188
2020-10-15,31224,16776,14448,9096,656,8440,91,0,91,40411,17432,22979
2020-10-16,29517,17986,11531,4996,3091,1905,91,0,91,34604,21077,13527
2020-10-19,31617,19574,12043,5741,2071,3670,91,0,91,37449,21645,15804
2020-10-20,32231,18917,13314,2772,3738,-966,92,0,92,35095,22655,12440
2020-10-21,19865,14337,5528,1043,155,888,92,0,92,21000,14492,6508
2020-10-22,20328,13167,7161,6340,916,5424,92,0,92,26760,14083,12677
2020-10-23,20284,13946,6338,3115,2702,413,92,0,92,23491,16648,6843
2020-10-26,20908,14604,6304,6149,2757,3392,92,0,92,27149,17361,9788
2020-10-27,21380,14761,6619,2663,346,2317,92,0,92,24135,15107,9028
2020-10-28,21363,15376,5987,2105,1731,374,92,0,92,23560,17107,6453
2020-10-29,22513,17131,5382,1101,4405,-3304,92,0,92,23706,21536,2170
2020-10-30,23715,15129,8586,1082,5507,-4425,92,0,92,24889,20636,4253
2020-11-02,23310,14766,8544,973,1606,-633,92,0,92,24375,16372,8003
2020-11-03,22888,15701,7187,2507,2266,241,92,0,92,25487,17967,7520
2020-11-04,22764,13171,9593,9680,862,8818,92,0,92,32536,14033,18503
2020-11-05,22939,14990,7949,10839,819,10020,89,0,89,33867,15809,18058
2020-11-06,23189,16676,6513,6186,715,5471,89,0,89,29464,17391,12073
2020-11-09,22715,17403,5312,11515,1411,10104,89,0,89,34319,18814,15505
2020-11-10,24146,16402,7744,6534,1731,4803,89,0,89,30769,18133,12636
2020-11-11,23969,13214,10755,7053,2530,4523,89,0,89,31111,15744,15367
2020-11-12,22078,12224,9854,7946,2697,5249,89,0,89,30113,14921,15192
2020-11-13,23415,8299,15116,7848,2504,5344,89,0,89,31352,10803,20549
2020-11-16,23646,8774,14872,7738,4398,3340,90,0,90,31474,13172,18302
2020-11-17,25937,9015,16922,7322,6886,436,90,0,90,33349,15901,17448
2020-11-18,23358,5733,17625,8532,982,7550,90,0,90,31980,6715,25265
2020-11-19,23930,6130,17800,5711,2878,2833,88,0,88,29729,9008,20721
2020-11-20,24577,6915,17662,4984,4224,760,88,0,88,29649,11139,18510
2020-11-23,25188,7005,18183,1528,5186,-3658,88,0,88,26804,12191,14613
2020-11-24,27220,8866,18354,803,6295,-5492,88,0,88,28111,15161,12950
2020-11-25,26787,9643,17144,1342,7486,-6144,88,0,88,28217,17129,11088
2020-11-26,28162,11432,16730,3514,6893,-3379,71,0,71,31747,18325,13422
2020-11-27,29152,11701,17451,4383,7205,-2822,71,0,71,33606,18906,14700
2020-11-30,28052,10726,17326,458,4714,-4256,71,0,71,28581,15440,13141
2020-12-01,27748,11754,15994,1469,4346,-2877,71,0,71,29288,16100,13188
2020-12-02,28020,10781,17239,5106,4346,760,71,0,71,33197,15127,18070
2020-12-03,28850,10934,17916,4866,4986,-120,71,0,71,33787,15920,17867
2020-12-04,30365,12593,17772,6000,6172,-172,71,0,71,36436,18765,17671
2020-12-07,31345,12256,19089,1987,7917,-5930,71,0,71,33403,20173,13230
2020-12-08,30534,12742,17792,3173,8252,-5079,71,0,71,33778,20994,12784
2020-12-09,30007,11915,18092,583,6045,-5462,71,0,71,30661,17960,12701
2020-12-10,31592,12871,18721,810,5052,-4242,71,0,71,32473,17923,14550
2020-12-11,32516,13397,19119,1040,5785,-4745,71,0,71,33627,19182,14445
2020-12-14,32856,14089,18767,647,10534,-9887,71,0,71,33574,24623,8951
2020-12-15,36336,16027,20309,784,7688,-6904,74,0,74,37194,23715,13479
2020-12-16,14693,10838,3855,3989,362,3627,99,0,99,18781,11200,7581
2020-12-17,14942,10492,4450,508,3852,-3344,99,0,99,15549,14344,1205
2020-12-18,14791,11387,3404,1003,5620,-4617,87,0,87,15881,17007,-1126
2020-12-21,14974,10948,4026,3845,2430,1415,87,0,87,18906,13378,5528
2020-12-22,14633,12955,1678,479,7522,-7043,87,0,87,15199,20477,-5278
2020-12-23,14319,13549,770,1220,6237,-5017,87,0,87,15626,19786,-4160
2020-12-24,14859,13149,1710,3142,4996,-1854,87,0,87,18088,18145,-57
2020-12-25,16061,13132,2929,2804,5608,-2804,87,0,87,18952,18740,212
2020-12-28,15617,11637,3980,2326,1180,1146,87,0,87,18030,12817,5213
2020-12-29,15514,10598,4916,2111,1968,143,87,0,87,17712,12566,5146
2020-12-30,15135,9809,5326,8751,1256,7495,87,0,87,23973,11065,12908
2020-12-31,15802,8378,7424,5376,1394,3982,87,0,87,21265,9772,11493
2021-01-04,15342,8265,7077,4551,1915,2636,87,0,87,19980,10180,9800
2021-01-05,16997,7583,9414,4851,2226,2625,87,0,87,21935,9809,12126
2021-01-06,20039,9577,10462,3604,5015,-1411,87,0,87,23730,14592,9138
2021-01-07,19327,8895,10432,5119,2140,2979,87,0,87,24533,11035,13498
2021-01-08,19610,9621,9989,4872,4441,431,87,0,87,24569,14062,10507
2021-01-11,21804,9830,11974,3607,2672,935,87,0,87,25498,12502,12996
2021-01-12,24884,11631,13253,4388,3359,1029,87,0,87,29359,14990,14369
2021-01-13,23629,11074,12555,6710,4085,2625,87,0,87,30426,15159,15267
2021-01-14,26542,13478,13064,2601,3812,-1211,87,0,87,29230,17290,11940
2021-01-15,25221,14013,11208,4596,3325,1271,87,0,87,29904,17338,12566
2021-01-18,26596,14129,12467,3574,4905,-1331,83,0,83,30253,19034,11219
2021-01-19,26506,13060,13446,2456,4223,-1767,89,0,89,29051,17283,11768
2021-01-20,15104,11024,4080,1002,7521,-6519,88,0,88,16194,18545,-2351
2021-01-21,16042,9343,6699,1256,1217,39,83,0,83,17381,10560,6821
2021-01-22,16799,11931,4868,1137,7861,-6724,81,0,81,18017,19792,-1775
2021-01-25,16050,10874,5176,1478,8624,-7146,81,0,81,17609,19498,-1889
2021-01-26,19735,13710,6025,1601,3721,-2120,81,0,81,21417,17431,3986
2021-01-27,19212,14020,5192,1821,2642,-821,75,0,75,21108,16662,4446
2021-01-28,21850,16512,5338,2940,2505,435,75,0,75,24865,19017,5848
2021-01-29,21541,17738,3803,4352,917,3435,75,0,75,25968,18655,7313
2021-02-01,21954,17457,4497,5958,573,5385,75,0,75,27987,18030,9957
2021-02-02,20738,18035,2703,8520,252,8268,75,0,75,29333,18287,11046
2021-02-03,22355,17902,4453,4212,1274,2938,75,0,75,26642,19176,7466
2021-02-04,23820,18838,4982,5585,2665,2920,75,0,75,29480,21503,7977
2021-02-05,23517,17344,6173,4540,1411,3129,75,0,75,28132,18755,9377
2021-02-17,18619,14528,4091,1795,586,1209,75,0,75,20489,15114,5375
2021-02-18,19031,15816,3215,147,6439,-6292,75,0,75,19253,22255,-3002
2021-02-19,19160,15820,3340,610,7257,-6647,75,0,75,19845,23077,-3232
2021-02-22,19680,17077,2603,208,6708,-6500,75,0,75,19963,23785,-3822
2021-02-23,20537,17734,2803,323,7373,-7050,75,0,75,20935,25107,-4172
2021-02-24,19502,20304,-802,156,4309,-4153,75,0,75,19733,24613,-4880
2021-02-25,21214,19873,1341,6213,2523,3690,75,0,75,27502,22396,5106
2021-02-26,23494,21946,1548,107,5113,-5006,75,0,75,23676,27059,-3383
2021-03-02,24553,22310,2243,4442,4339,103,75,0,75,29070,26649,2421
2021-03-03,25265,24117,1148,10480,2365,8115,75,0,75,35820,26482,9338
2021-03-04,26392,25009,1383,5293,5061,232,75,0,75,31760,30070,1690
2021-03-05,26657,24924,1733,5886,2374,3512,75,0,75,32618,27298,5320
2021-03-08,27484,24734,2750,5393,3101,2292,75,0,75,32952,27835,5117
2021-03-09,28670,25328,3342,5770,2897,2873,75,0,75,34515,28225,6290
2021-03-10,28581,25704,2877,8868,2938,5930,75,0,75,37524,28642,8882
2021-03-11,27788,23304,4484,7591,2425,5166,75,0,75,35454,25729,9725
2021-03-12,25937,22241,3696,5395,5071,324,75,0,75,31407,27312,4095
2021-03-15,25650,22511,3139,3319,3552,-233,75,0,75,29044,26063,2981
2021-03-16,25832,21297,4535,7849,3171,4678,102,0,102,33783,24468,9315
2021-03-17,17107,19334,-2227,560,7531,-6971,102,0,102,17769,26865,-9096
2021-03-18,17529,20332,-2803,1807,4901,-3094,102,0,102,19438,25233,-5795
2021-03-19,19030,19711,-681,568,12306,-11738,102,0,102,19700,32017,-12317
2021-03-22,19145,21967,-2822,2418,4706,-2288,102,0,102,21665,26673,-5008
2021-03-23,18962,20400,-1438,183,5917,-5734,102,0,102,19247,26317,-7070
2021-03-24,19247,22867,-3620,171,9053,-8882,102,0,102,19520,31920,-12400
2021-03-25,18808,23621,-4813,340,5199,-4859,102,0,102,19250,28820,-9570
2021-03-26,19143,20729,-1586,6707,1306,5401,102,0,102,25952,22035,3917
2021-03-29,19879,22299,-2420,3492,1330,2162,102,0,102,23473,23629,-156
2021-03-30,20204,21732,-1528,5871,665,5206,102,0,102,26177,22397,3780
2021-03-31,20001,21761,-1760,632,2191,-1559,102,0,102,20735,23952,-3217
2021-04-01,19671,19979,-308,5434,773,4661,102,0,102,25207,20752,4455
2021-04-06,19869,21281,-1412,7271,761,6510,102,0,102,27242,22042,5200
2021-04-07,19983,20627,-644,5313,873,4440,103,0,103,25399,21500,3899
2021-04-08,20555,21836,-1281,7489,767,6722,102,0,102,28146,22603,5543
2021-04-09,21638,22678,-1040,1623,4360,-2737,103,0,103,23364,27038,-3674
2021-04-12,22704,24003,-1299,2354,2660,-306,103,0,103,25161,26663,-1502
2021-04-13,24077,25412,-1335,1803,3323,-1520,103,0,103,25983,28735,-2752
2021-04-14,24211,25116,-905,4523,3692,831,103,0,103,28837,28808,29
2021-04-15,24143,23568,575,6020,2966,3054,103,0,103,30266,26534,3732
2021-04-16,24838,25219,-381,5018,2431,2587,103,0,103,29959,27650,2309
2021-04-19,26110,24817,1293,7182,1985,5197,103,0,103,33395,26802,6593
2021-04-20,26263,25438,825,5643,3178,2465,115,0,115,32021,28616,3405
2021-04-21,22153,20015,2138,182,6853,-6671,109,0,109,22444,26868,-4424
2021-04-22,23057,22982,75,194,2507,-2313,103,0,103,23354,25489,-2135
2021-04-23,23901,24492,-591,5080,252,4828,103,0,103,29084,24744,4340
2021-04-26,24409,27378,-2969,8097,158,7939,105,0,105,32611,27536,5075
2021-04-27,25103,28409,-3306,6394,171,6223,105,0,105,31602,28580,3022
2021-04-28,25805,28194,-2389,1821,545,1276,105,0,105,27731,28739,-1008
2021-04-29,26514,28580,-2066,3777,335,3442,105,0,105,30396,28915,1481
2021-05-03,29091,29680,-589,286,13245,-12959,105,0,105,29482,42925,-13443
2021-05-04,30423,30256,167,1124,16543,-15419,105,0,105,31652,46799,-15147
2021-05-05,30598,31793,-1195,725,5550,-4825,105,0,105,31428,37343,-5915
2021-05-06,32249,30717,1532,4901,2978,1923,105,0,105,37255,33695,3560
2021-05-07,32304,30546,1758,7150,3816,3334,105,0,105,39559,34362,5197
2021-05-10,33066,30028,3038,3625,7075,-3450,105,0,105,36796,37103,-307
2021-05-11,36407,29896,6511,1508,12879,-11371,105,0,105,38020,42775,-4755
2021-05-12,36361,26915,9446,3932,4993,-1061,105,0,105,40398,31908,8490
2021-05-13,34599,26905,7694,1946,3151,-1205,105,0,105,36650,30056,6594
2021-05-14,33907,25513,8394,3963,1661,2302,107,0,107,37977,27174,10803
2021-05-17,30843,23907,6936,3803,1284,2519,107,0,107,34753,25191,9562
2021-05-18,27664,23889,3775,6977,220,6757,107,0,107,34748,24109,10639
2021-05-19,24393,19094,5299,322,2727,-2405,107,0,107,24822,21821,3001
2021-05-20,25187,19108,6079,95,3425,-3330,105,0,105,25387,22533,2854
2021-05-21,24388,19377,5011,726,3426,-2700,105,0,105,25219,22803,2416
2021-05-24,24302,20139,4163,583,5267,-4684,105,0,105,24990,25406,-416
2021-05-25,24752,23238,1514,3618,3628,-10,105,0,105,28475,26866,1609
2021-05-26,24360,21909,2451,1610,4691,-3081,105,0,105,26075,26600,-525
2021-05-27,24535,22783,1752,1741,6209,-4468,105,0,105,26381,28992,-2611
2021-05-28,24384,23667,717,3060,6418,-3358,105,0,105,27549,30085,-2536
2021-05-31,24864,24619,245,2640,6570,-3930,105,0,105,27609,31189,-3580
2021-06-01,25396,25245,151,3189,6582,-3393,105,0,105,28690,31827,-3137
2021-06-02,24464,24904,-440,1922,6572,-4650,105,0,105,26491,31476,-4985
2021-06-03,25217,24415,802,1486,6450,-4964,105,0,105,26808,30865,-4057
2021-06-04,24870,24476,394,324,8388,-8064,104,0,104,25298,32864,-7566
2021-06-07,25458,24132,1326,1351,7881,-6530,104,0,104,26913,32013,-5100
2021-06-08,25097,25118,-21,514,7883,-7369,104,0,104,25715,33001,-7286
2021-06-09,12382,25007,-12625,241,4838,-4597,105,0,105,12728,29845,-17117
2021-06-10,11661,25762,-14101,1117,3720,-2603,105,0,105,12883,29482,-16599
2021-06-11,11201,26041,-14840,2558,4537,-1979,105,0,105,13864,30578,-16714
2021-06-15,11757,27603,-15846,2765,5128,-2363,105,0,105,14627,32731,-18104
2021-06-16,10525,10268,257,1041,5039,-3998,150,0,150,11716,15307,-3591
2021-06-17,12156,10894,1262,1279,8568,-7289,151,0,151,13586,19462,-5876
2021-06-18,10926,10799,127,1070,9796,-8726,182,0,182,12178,20595,-8417
2021-06-21,11610,11731,-121,960,13038,-12078,159,0,159,12729,24769,-12040
2021-06-22,11523,14209,-2686,378,11255,-10877,153,0,153,12054,25464,-13410
2021-06-23,11475,13154,-1679,1332,8077,-6745,153,0,153,12960,21231,-8271
2021-06-24,10717,13608,-2891,1401,10175,-8774,153,0,153,12271,23783,-11512
2021-06-25,10222,13457,-3235,1341,5791,-4450,153,0,153,11716,19248,-7532
2021-06-28,9936,14044,-4108,1366,6519,-5153,153,0,153,11455,20563,-9108
2021-06-29,9504,12353,-2849,1034,8116,-7082,155,0,155,10693,20469,-9776
2021-06-30,9484,12959,-3475,1728,4582,-2854,155,0,155,11367,17541,-6174
2021-07-01,10068,12472,-2404,954,8896,-7942,155,0,155,11177,21368,-10191
2021-07-02,10021,12681,-2660,1360,6826,-5466,155,0,155,11536,19507,-7971
2021-07-05,9812,14656,-4844,2133,1738,395,189,0,189,12134,16394,-4260
2021-07-06,9372,13795,-4423,1248,6139,-4891,184,0,184,10804,19934,-9130
2021-07-07,10165,13056,-2891,1562,7184,-5622,189,0,189,11916,20240,-8324
2021-07-08,9073,14037,-4964,1536,8128,-6592,202,0,202,10811,22165,-11354
2021-07-09,10119,14535,-4416,1515,12159,-10644,202,0,202,11836,26694,-14858
2021-07-12,10580,15927,-5347,1650,7442,-5792,203,0,203,12433,23369,-10936
2021-07-13,11647,17283,-5636,2167,6237,-4070,203,0,203,14017,23520,-9503
2021-07-14,10955,15528,-4573,2348,7185,-4837,203,0,203,13506,22713,-9207
2021-07-15,12186,16277,-4091,2938,5770,-2832,142,0,142,15266,22047,-6781
2021-07-16,10417,15394,-4977,3008,15791,-12783,195,0,195,13620,31185,-17565
2021-07-19,9458,15845,-6387,1856,8502,-6646,190,0,190,11504,24347,-12843
2021-07-20,9781,21638,-11857,3359,7234,-3875,152,0,152,13292,28872,-15580
2021-07-21,4365,20421,-16056,1172,5834,-4662,187,0,187,5724,26255,-20531
2021-07-22,4489,22278,-17789,4308,2295,2013,195,0,195,8992,24573,-15581
2021-07-23,4732,22368,-17636,2589,2713,-124,226,0,226,7547,25081,-17534
2021-07-26,4842,22325,-17483,388,6606,-6218,234,0,234,5464,28931,-23467
2021-07-27,4704,24540,-19836,1607,3147,-1540,236,0,236,6547,27687,-21140
2021-07-28,4496,23361,-18865,258,5389,-5131,237,0,237,4991,28750,-23759
2021-07-29,6093,23057,-16964,5776,458,5318,240,0,240,12109,23515,-11406
2021-07-30,3646,22776,-19130,1529,1853,-324,255,0,255,5430,24629,-19199
2021-08-02,5657,21995,-16338,5186,955,4231,255,0,255,11098,22950,-11852
2021-08-03,5489,21464,-15975,3117,2703,414,255,0,255,8861,24167,-15306
2021-08-04,7065,21883,-14818,4979,1726,3253,268,0,268,12312,23609,-11297
2021-08-05,5759,20882,-15123,2718,5526,-2808,261,0,261,8738,26408,-17670
2021-08-06,5383,20709,-15326,3474,2376,1098,270,0,270,9127,23085,-13958
2021-08-09,5944,21003,-15059,4991,2218,2773,275,0,275,11210,23221,-12011
2021-08-10,5532,21494,-15962,2935,6899,-3964,282,0,282,8749,28393,-19644
2021-08-11,5090,20837,-15747,2390,7936,-5546,303,0,303,7783,28773,-20990
2021-08-12,5055,21595,-16540,2472,7858,-5386,306,0,306,7833,29453,-21620
2021-08-13,5260,22816,-17556,1242,8889,-7647,309,0,309,6811,31705,-24894
2021-08-16,5579,23380,-17801,4611,4412,199,309,0,309,10499,27792,-17293
2021-08-17,5675,22169,-16494,6490,4785,1705,309,0,309,12474,26954,-14480
2021-08-18,5967,7392,-1425,2575,1698,877,309,0,309,8851,9090,-239
2021-08-19,6327,9509,-3182,282,8243,-7961,309,0,309,6918,17752,-10834
2021-08-20,6500,10401,-3901,2656,4284,-1628,309,0,309,9465,14685,-5220
2021-08-23,7167,10028,-2861,5139,1230,3909,309,0,309,12615,11258,1357
2021-08-24,7292,10097,-2805,4474,2292,2182,321,0,321,12087,12389,-302
2021-08-25,7343,10705,-3362,6978,1344,5634,338,0,338,14659,12049,2610
2021-08-26,8288,8651,-363,3933,3489,444,340,0,340,12561,12140,421
2021-08-27,7672,9928,-2256,6421,1360,5061,340,0,340,14433,11288,3145
2021-08-30,7702,9105,-1403,6127,1795,4332,354,0,354,14183,10900,3283
2021-08-31,8739,8185,554,8138,2779,5359,353,0,353,17230,10964,6266
2021-09-01,9404,8853,551,4002,3703,299,347,0,347,13753,12556,1197
2021-09-02,10372,8928,1444,4738,3334,1404,347,0,347,15457,12262,3195
2021-09-03,11183,10323,860,5669,2271,3398,215,0,215,17067,12594,4473
2021-09-06,10475,9661,814,5987,1843,4144,222,0,222,16684,11504,5180
2021-09-07,11697,9799,1898,5871,2049,3822,223,0,223,17791,11848,5943
2021-09-08,11844,9706,2138,7380,4014,3366,235,0,235,19459,13720,5739
2021-09-09,12271,8888,3383,507,4594,-4087,235,0,235,13013,13482,-469
2021-09-10,13497,10247,3250,1743,3079,-1336,235,0,235,15475,13326,2149
2021-09-13,13309,9765,3544,864,6928,-6064,235,0,235,14408,16693,-2285
2021-09-14,13750,11236,2514,1089,4717,-3628,242,0,242,15081,15953,-872
2021-09-15,6728,6249,479,696,4239,-3543,274,0,274,7698,10488,-2790
2021-09-16,7232,6195,1037,671,7320,-6649,264,0,264,8167,13515,-5348
2021-09-17,7526,7457,69,1043,3307,-2264,264,0,264,8833,10764,-1931
2021-09-22,9376,7730,1646,411,12453,-12042,264,0,264,10051,20183,-10132
2021-09-23,9004,8779,225,1512,11541,-10029,257,0,257,10773,20320,-9547
2021-09-24,8279,9538,-1259,1715,11482,-9767,257,0,257,10251,21020,-10769
2021-09-27,9437,9432,5,1448,16145,-14697,251,0,251,11136,25577,-14441
2021-09-28,10373,7603,2770,1141,10731,-9590,251,0,251,11765,18334,-6569
2021-09-29,12630,9687,2943,380,19892,-19512,244,0,244,13254,29579,-16325
2021-09-30,12588,8258,4330,1341,17606,-16265,244,0,244,14173,25864,-11691
2021-10-01,13123,10258,2865,535,21715,-21180,244,0,244,13902,31973,-18071
2021-10-04,12766,10016,2750,1009,17841,-16832,244,0,244,14019,27857,-13838
2021-10-05,12458,9256,3202,197,20506,-20309,244,0,244,12899,29762,-16863
2021-10-06,14131,10600,3531,186,17217,-17031,251,0,251,14568,27817,-13249
2021-10-07,12007,11324,683,2269,15302,-13033,250,0,250,14526,26626,-12100
2021-10-08,13260,12187,1073,1993,17998,-16005,250,0,250,15503,30185,-14682
2021-10-12,14158,13141,1017,1347,13026,-11679,250,0,250,15755,26167,-10412
2021-10-13,13992,13452,540,1166,16369,-15203,250,0,250,15408,29821,-14413
2021-10-14,14197,12468,1729,1876,12936,-11060,250,0,250,16323,25404,-9081
2021-10-15,14150,10069,4081,2559,10889,-8330,249,0,249,16958,20958,-4000
2021-10-18,15592,13034,2558,4023,12213,-8190,254,0,254,19869,25247,-5378
2021-10-19,15512,12511,3001,4582,10490,-5908,278,0,278,20372,23001,-2629
2021-10-20,9639,10434,-795,2350,3523,-1173,285,0,285,12274,13957,-1683
2021-10-21,9027,11837,-2810,1923,8451,-6528,265,0,265,11215,20288,-9073
2021-10-22,9220,11748,-2528,1734,8650,-6916,256,0,256,11210,20398,-9188
2021-10-25,9572,12057,-2485,2884,3002,-118,249,0,249,12705,15059,-2354
2021-10-26,9952,12575,-2623,2508,3788,-1280,252,0,252,12712,16363,-3651
2021-10-27,10439,9722,717,2082,6431,-4349,249,0,249,12770,16153,-3383
2021-10-28,10857,10316,541,1925,7409,-5484,249,0,249,13031,17725,-4694
2021-10-29,11683,10463,1220,1270,7741,-6471,249,0,249,13202,18204,-5002
2021-11-01,11099,10620,479,1086,4492,-3406,249,0,249,12434,15112,-2678
2021-11-02,12268,11949,319,1902,6544,-4642,249,0,249,14419,18493,-4074
2021-11-03,12302,11988,314,1957,4179,-2222,249,0,249,14508,16167,-1659
2021-11-04,12118,13298,-1180,1879,6482,-4603,249,0,249,14246,19780,-5534
2021-11-05,10853,11227,-374,7060,3338,3722,249,0,249,18162,14565,3597
2021-11-08,10908,12402,-1494,9544,1568,7976,249,0,249,20701,13970,6731
2021-11-09,11027,13808,-2781,4853,1721,3132,253,0,253,16133,15529,604
2021-11-10,11881,10151,1730,2098,5468,-3370,254,0,254,14233,15619,-1386
2021-11-11,13828,11468,2360,2315,9332,-7017,254,0,254,16397,20800,-4403
2021-11-12,13910,10291,3619,2882,7784,-4902,255,0,255,17047,18075,-1028
2021-11-15,12891,10482,2409,3431,8233,-4802,233,0,233,16555,18715,-2160
2021-11-16,14088,12672,1416,2744,7068,-4324,233,0,233,17065,19740,-2675
2021-11-17,11407,7719,3688,2857,471,2386,233,0,233,14497,8190,6307
2021-11-18,11912,8718,3194,2294,3060,-766,233,0,233,14439,11778,2661
2021-11-19,11162,7458,3704,621,8573,-7952,233,0,233,12016,16031,-4015
2021-11-22,10975,8454,2521,2303,10353,-8050,233,0,233,13511,18807,-5296
2021-11-23,11520,8951,2569,1466,13229,-11763,229,0,229,13215,22180,-8965
2021-11-24,11731,8258,3473,2417,12133,-9716,230,0,230,14378,20391,-6013
2021-11-25,13152,8555,4597,943,16878,-15935,221,0,221,14316,25433,-11117
2021-11-26,12540,8718,3822,1302,12454,-11152,226,0,226,14068,21172,-7104
2021-11-29,12034,9240,2794,2717,8962,-6245,226,0,226,14977,18202,-3225
2021-11-30,12103,9371,2732,1377,13838,-12461,222,0,222,13702,23209,-9507
2021-12-01,11620,9592,2028,3406,6449,-3043,222,0,222,15248,16041,-793
2021-12-02,11404,10126,1278,4178,6111,-1933,223,0,223,15805,16237,-432
2021-12-03,11523,10181,1342,2900,8245,-5345,223,0,223,14646,18426,-3780
2021-12-06,12415,8647,3768,1848,13432,-11584,223,0,223,14486,22079,-7593
2021-12-07,14214,8514,5700,469,11322,-10853,217,0,217,14900,19836,-4936
2021-12-08,14096,9889,4207,5124,7713,-2589,217,0,217,19437,17602,1835
2021-12-09,15045,10904,4141,5503,8381,-2878,217,0,217,20765,19285,1480
2021-12-10,17659,12624,5035,3395,12318,-8923,217,0,217,21271,24942,-3671
2021-12-13,18611,12651,5960,4391,14150,-9759,217,0,217,23219,26801,-3582
2021-12-14,21238,15077,6161,5326,15397,-10071,221,0,221,26785,30474,-3689
2021-12-15,10990,13996,-3006,1742,4436,-2694,223,0,223,12955,18432,-5477
2021-12-16,11506,13107,-1601,832,4689,-3857,223,0,223,12561,17796,-5235
2021-12-17,11429,14943,-3514,2246,7525,-5279,219,0,219,13894,22468,-8574
2021-12-20,11185,13398,-2213,1881,10105,-8224,219,0,219,13285,23503,-10218
2021-12-21,11578,16256,-4678,3931,3882,49,219,0,219,15728,20138,-4410
2021-12-22,11582,13588,-2006,2501,4984,-2483,219,0,219,14302,18572,-4270
2021-12-23,12085,13743,-1658,5369,2390,2979,219,0,219,17673,16133,1540
2021-12-24,12053,14328,-2275,6071,1782,4289,219,0,219,18343,16110,2233
2021-12-27,12092,14706,-2614,7575,768,6807,219,0,219,19886,15474,4412
2021-12-28,12318,15556,-3238,8732,149,8583,223,0,223,21273,15705,5568
2021-12-29,12638,14061,-1423,7692,1100,6592,223,0,223,20553,15161,5392
2021-12-30,12876,13922,-1046,4364,3137,1227,219,0,219,17459,17059,400
2022-01-03,12381,14485,-2104,7294,1534,5760,223,0,223,19898,16019,3879
2022-01-04,12614,14559,-1945,9824,385,9439,223,0,223,22661,14944,7717
2022-01-05,12765,15142,-2377,7930,2035,5895,223,0,223,20918,17177,3741
2022-01-06,13078,16928,-3850,9208,1849,7359,223,0,223,22509,18777,3732
2022-01-07,12793,17927,-5134,6560,4891,1669,223,0,223,19576,22818,-3242
2022-01-10,13451,16926,-3475,8336,2629,5707,223,0,223,22010,19555,2455
2022-01-11,13965,17218,-3253,4838,5738,-900,224,0,224,19027,22956,-3929
2022-01-12,15416,19455,-4039,6052,4123,1929,224,0,224,21692,23578,-1886
2022-01-13,15620,17397,-1777,7350,3033,4317,224,0,224,23194,20430,2764
2022-01-14,18173,18264,-91,4758,5886,-1128,228,0,228,23159,24150,-991
2022-01-17,17510,18487,-977,6224,3963,2261,228,0,228,23962,22450,1512
2022-01-18,18314,21773,-3459,6303,4015,2288,247,0,247,24864,25788,-924
2022-01-19,15919,18741,-2822,2027,5812,-3785,247,0,247,18193,24553,-6360
2022-01-20,16137,18774,-2637,1746,3400,-1654,241,0,241,18124,22174,-4050
2022-01-21,17335,21050,-3715,1319,8651,-7332,237,0,237,18891,29701,-10810
2022-01-24,17918,21018,-3100,1676,6141,-4465,233,0,233,19827,27159,-7332
2022-01-25,18841,20836,-1995,762,9788,-9026,233,0,233,19836,30624,-10788
2022-01-26,18501,20168,-1667,1841,7428,-5587,235,0,235,20577,27596,-7019
2022-02-07,18770,19493,-723,4930,5127,-197,235,0,235,23935,24620,-685
2022-02-08,18735,20763,-2028,5637,5104,533,235,0,235,24607,25867,-1260
2022-02-09,18140,17289,851,3278,2617,661,235,0,235,21653,19906,1747
2022-02-10,18430,17023,1407,5678,846,4832,235,3,232,24343,17872,6471
2022-02-11,19932,17649,2283,3179,3294,-115,239,2,237,23350,20945,2405
2022-02-14,21538,21123,415,2399,5844,-3445,239,2,237,24176,26969,-2793
2022-02-15,21988,21507,481,2770,4088,-1318,238,2,236,24996,25597,-601
2022-02-16,15846,14360,1486,3421,468,2953,238,2,236,19505,14830,4675
2022-02-17,15522,14040,1482,2670,4864,-2194,238,2,236,18430,18906,-476
2022-02-18,15647,15116,531,2826,6768,-3942,238,2,236,18711,21886,-3175
2022-02-21,15313,15782,-469,1940,6697,-4757,238,2,236,17491,22481,-4990
2022-02-22,15204,14530,674,1054,13334,-12280,243,2,241,16501,27866,-11365
2022-02-23,14914,13907,1007,2003,9044,-7041,239,0,239,17156,22951,-5795
2022-02-24,16575,18632,-2057,1860,15281,-13421,239,3,236,18674,33916,-15242
2022-02-25,15664,17019,-1355,3143,10203,-7060,243,2,241,19050,27224,-8174
2022-03-01,15477,17865,-2388,7336,6886,450,239,2,237,23052,24753,-1701
2022-03-02,16512,17350,-838,1856,12482,-10626,239,2,237,18607,29834,-11227
2022-03-03,16472,17782,-1310,1979,9143,-7164,240,2,238,18691,26927,-8236
2022-03-04,16232,18137,-1905,3833,12150,-8317,240,5,235,20305,30292,-9987
2022-03-07,17360,19181,-1821,325,17922,-17597,241,5,236,17926,37108,-19182
2022-03-08,17071,16538,533,2724,14240,-11516,241,7,234,20036,30785,-10749
2022-03-09,15551,14805,746,5110,9980,-4870,241,7,234,20902,24792,-3890
2022-03-10,18547,17272,1275,4247,5145,-898,245,5,240,23039,22422,617
2022-03-11,15958,15558,400,2947,8299,-5352,245,8,237,19150,23865,-4715
2022-03-14,17089,15375,1714,1734,8034,-6300,244,8,236,19067,23417,-4350
2022-03-15,15758,14521,1237,591,13077,-12486,321,9,312,16670,27607,-10937
2022-03-16,12713,9538,3175,1059,3936,-2877,325,8,317,14097,13482,615
2022-03-17,13567,10841,2726,6467,662,5805,331,8,323,20365,11511,8854
2022-03-18,13521,12241,1280,3160,1391,1769,335,8,327,17016,13640,3376
2022-03-21,13587,13879,-292,6968,1509,5459,315,7,308,20870,15395,5475
2022-03-22,13943,14134,-191,8307,2261,6046,315,7,308,22565,16402,6163
2022-03-23,13893,15665,-1772,10667,1359,9308,326,4,322,24886,17028,7858
2022-03-24,14643,15923,-1280,9011,2286,6725,326,4,322,23980,18213,5767
2022-03-25,14404,16124,-1720,5359,3394,1965,326,4,322,20089,19522,567
2022-03-28,14518,17882,-3364,3174,1411,1763,334,7,327,18026,19300,-1274
2022-03-29,13573,17839,-4266,6221,1130,5091,338,7,331,20132,18976,1156
2022-03-30,13353,16543,-3190,9813,467,9346,334,7,327,23500,17017,6483
2022-03-31,13826,16149,-2323,3926,3466,460,334,8,326,18086,19623,-1537
2022-04-01,14956,17862,-2906,4865,1589,3276,334,9,325,20155,19460,695
2022-04-06,15011,18060,-3049,4478,2230,2248,334,11,323,19823,20301,-478
2022-04-07,13951,20153,-6202,1903,9152,-7249,334,11,323,16188,29316,-13128
2022-04-08,14860,18520,-3660,3922,2542,1380,334,10,324,19116,21072,-1956
2022-04-11,15399,20702,-5303,2180,9915,-7735,336,10,326,17915,30627,-12712
2022-04-12,15229,18941,-3712,2787,7140,-4353,332,10,322,18348,26091,-7743
2022-04-13,15468,17191,-1723,6695,3344,3351,340,5,335,22503,20540,1963
2022-04-14,14439,17506,-3067,3889,4478,-589,340,6,334,18668,21990,-3322
2022-04-15,12909,19217,-6308,1506,9294,-7788,336,7,329,14751,28518,-13767
2022-04-18,12674,20641,-7967,3122,7186,-4064,340,7,333,16136,27834,-11698
2022-04-19,14807,20686,-5879,3389,9123,-5734,349,6,343,18545,29815,-11270
2022-04-20,10297,14566,-4269,2081,2317,-236,369,4,365,12747,16887,-4140
2022-04-21,10238,14697,-4459,2396,3746,-1350,367,4,363,13001,18447,-5446
2022-04-22,10635,15394,-4759,1887,6917,-5030,367,6,361,12889,22317,-9428
2022-04-25,11143,15784,-4641,649,12836,-12187,360,8,352,12152,28628,-16476
2022-04-26,10857,15517,-4660,1777,9600,-7823,360,8,352,12994,25125,-12131
2022-04-27,11213,17376,-6163,3072,13982,-10910,359,10,349,14644,31368,-16724
2022-04-28,11680,17072,-5392,3073,9457,-6384,359,8,351,15112,26537,-11425
2022-04-29,11980,18519,-6539,7868,4467,3401,359,8,351,20207,22994,-2787
2022-05-03,12672,17832,-5160,4142,7309,-3167,359,10,349,17173,25151,-7978
2022-05-04,12851,17476,-4625,4174,7430,-3256,359,10,349,17384,24916,-7532
2022-05-05,12072,17775,-5703,6524,6341,183,359,7,352,18955,24123,-5168
2022-05-06,13386,19646,-6260,4484,12733,-8249,359,9,350,18229,32388,-14159
2022-05-09,13281,19597,-6316,5136,13109,-7973,359,10,349,18776,32716,-13940
2022-05-10,13474,18831,-5357,3358,13241,-9883,361,10,351,17193,32082,-14889
2022-05-11,12787,19175,-6388,4991,12535,-7544,357,10,347,18135,31720,-13585
2022-05-12,11129,21004,-9875,1580,14186,-12606,355,6,349,13064,35196,-22132
2022-05-13,11661,19812,-8151,7258,9881,-2623,355,6,349,19274,29699,-10425
2022-05-16,12589,19385,-6796,9331,9441,-110,353,5,348,22273,28831,-6558
2022-05-17,14080,19228,-5148,10174,8803,1371,345,5,340,24599,28036,-3437
2022-05-18,13339,10152,3187,5800,967,4833,345,2,343,19484,11121,8363
2022-05-19,12603,11157,1446,1606,7225,-5619,341,3,338,14550,18385,-3835
2022-05-20,13641,11700,1941,4649,2237,2412,345,3,342,18635,13940,4695
2022-05-23,13995,11912,2083,3522,6109,-2587,350,3,347,17867,18024,-157
2022-05-24,13831,13665,166,2015,7884,-5869,341,3,338,16187,21552,-5365
2022-05-25,14048,13987,61,4334,6105,-1771,336,3,333,18718,20095,-1377
2022-05-26,14129,15752,-1623,2562,7767,-5205,336,3,333,17027,23522,-6495
2022-05-27,14870,15254,-384,10526,1128,9398,332,2,330,25728,16384,9344
2022-05-30,15137,14549,588,11712,942,10770,336,0,336,27185,15491,11694
2022-05-31,14712,15751,-1039,10497,915,9582,334,0,334,25543,16666,8877
2022-06-01,16909,13641,3268,6905,3140,3765,338,0,338,24152,16781,7371
2022-06-02,17140,13984,3156,6678,2856,3822,338,0,338,24156,16840,7316
2022-06-06,17516,13491,4025,6881,3704,3177,338,0,338,24735,17195,7540
2022-06-07,16384,14416,1968,3310,3743,-433,334,1,333,20028,18160,1868
2022-06-08,16874,15722,1152,9728,989,8739,335,1,334,26937,16712,10225
2022-06-09,16450,13601,2849,5323,3091,2232,335,3,332,22108,16695,5413
2022-06-10,16589,15435,1154,4758,6253,-1495,339,5,334,21686,21693,-7
2022-06-13,15048,14672,376,2133,9668,-7535,339,5,334,17520,24345,-6825
2022-06-14,15066,15006,60,3464,13183,-9719,331,5,326,18861,28194,-9333
2022-06-15,8783,9106,-323,1038,8262,-7224,405,6,399,10226,17374,-7148
2022-06-16,9356,11344,-1988,2879,11648,-8769,414,9,405,12649,23001,-10352
2022-06-17,9043,12378,-3335,1664,16995,-15331,434,9,425,11141,29382,-18241
2022-06-20,9224,11975,-2751,1547,20615,-19068,434,10,424,11205,32600,-21395
2022-06-21,10155,11944,-1789,4103,15306,-11203,505,10,495,14763,27260,-12497
2022-06-22,9181,12232,-3051,1092,20519,-19427,515,13,502,10788,32764,-21976
2022-06-23,9042,13272,-4230,892,21207,-20315,517,15,502,10451,34494,-24043
2022-06-24,4687,16054,-11367,1879,4887,-3008,533,13,520,7099,20954,-13855
2022-06-27,5341,14885,-9544,5317,3248,2069,544,6,538,11202,18139,-6937
2022-06-28,6014,13883,-7869,2952,6519,-3567,547,6,541,9513,20408,-10895
2022-06-29,5340,14885,-9545,3061,7817,-4756,547,8,539,8948,22710,-13762
2022-06-30,4840,15381,-10541,1053,13935,-12882,554,9,545,6447,29325,-22878
2022-07-01,3297,15243,-11946,5055,12206,-7151,557,9,548,8909,27458,-18549
2022-07-04,3813,15978,-12165,3918,12620,-8702,558,10,548,8289,28608,-20319
2022-07-05,4145,15670,-11525,3004,15739,-12735,579,8,571,7728,31417,-23689
2022-07-06,3088,16405,-13317,5019,17600,-12581,580,8,572,8687,34013,-25326
2022-07-07,3541,15723,-12182,4276,11380,-7104,595,7,588,8412,27110,-18698
2022-07-08,3792,15917,-12125,3917,6540,-2623,598,7,591,8307,22464,-14157
2022-07-11,3984,15956,-11972,3903,8053,-4150,601,10,591,8488,24019,-15531
2022-07-12,3846,15101,-11255,4048,11622,-7574,601,12,589,8495,26735,-18240
2022-07-13,3753,15559,-11806,3558,7823,-4265,601,11,590,7912,23393,-15481
2022-07-14,4374,18394,-14020,8128,7910,218,606,7,599,13108,26311,-13203
2022-07-15,4897,15432,-10535,5655,6958,-1303,593,7,586,11145,22397,-11252
2022-07-18,5911,14238,-8327,8513,7255,1258,605,7,598,15029,21500,-6471
2022-07-19,7834,16305,-8471,10480,7759,2721,542,7,535,18856,24071,-5215
2022-07-20,4555,6562,-2007,2062,5951,-3889,546,6,540,7163,12519,-5356
2022-07-21,5319,4729,590,4326,5093,-767,558,5,553,10203,9827,376
2022-07-22,5799,4437,1362,1960,6213,-4253,563,5,558,8322,10655,-2333
2022-07-25,7060,6036,1024,4756,4994,-238,565,5,560,12381,11035,1346
2022-07-26,6844,6134,710,2668,7236,-4568,569,7,562,10081,13377,-3296
2022-07-27,8561,5644,2917,4342,2544,1798,565,4,561,13468,8192,5276
2022-07-28,9096,6003,3093,2458,5193,-2735,570,4,566,12124,11200,924
2022-07-29,9324,6791,2533,3723,2386,1337,572,4,568,13619,9181,4438
2022-08-01,8711,7164,1547,2983,3187,-204,444,4,440,12138,10355,1783
2022-08-02,7929,7395,534,3174,8083,-4909,320,4,316,11423,15482,-4059
2022-08-03,8680,7776,904,4743,7418,-2675,282,7,275,13705,15201,-1496
2022-08-04,8753,8147,606,4955,3884,1071,289,7,282,13997,12038,1959
2022-08-05,9480,7786,1694,13572,1192,12380,289,5,284,23341,8983,14358
2022-08-08,10256,6730,3526,3953,4068,-115,289,5,284,14498,10803,3695
2022-08-09,11470,8039,3431,7335,2363,4972,286,5,281,19091,10407,8684
2022-08-10,9945,6367,3578,3077,10300,-7223,287,8,279,13309,16675,-3366
2022-08-11,12173,7529,4644,8704,1327,7377,291,1,290,21168,8857,12311
2022-08-12,12176,7307,4869,8252,1062,7190,287,1,286,20715,8370,12345
2022-08-15,11721,4068,7653,7045,1727,5318,242,0,242,19008,5795,13213
2022-08-16,11727,4245,7482,8100,1250,6850,232,0,232,20059,5495,14564
2022-08-17,6610,4307,2303,4623,201,4422,237,0,237,11470,4508,6962
2022-08-18,7068,6111,957,2423,4796,-2373,237,0,237,9728,10907,-1179
2022-08-19,7184,7334,-150,3190,3050,140,228,0,228,10602,10384,218
2022-09-01,6861,6899,-38,1204,16503,-15299,177,3,174,8242,23405,-15163
2022-09-02,7177,7882,-705,1170,21214,-20044,173,6,167,8520,29102,-20582
2022-09-05,7385,7483,-98,3522,16184,-12662,173,6,167,11080,23673,-12593
2022-09-06,7992,7183,809,3989,17801,-13812,146,6,140,12127,24990,-12863
2022-09-07,11003,7645,3358,923,23220,-22297,144,6,138,12070,30871,-18801
2022-09-08,12192,7102,5090,6953,13392,-6439,144,5,139,19289,20499,-1210
2022-09-12,11773,7434,4339,4316,11668,-7352,144,5,139,16233,19107,-2874
2022-09-13,10755,6967,3788,5689,10847,-5158,144,5,139,16588,17819,-1231
2022-09-14,10665,6571,4094,2507,13388,-10881,144,7,137,13316,19966,-6650
2022-09-15,10539,6005,4534,4756,12008,-7252,145,5,140,15440,18018,-2578
2022-09-16,11960,8003,3957,3076,15138,-12062,145,5,140,15181,23146,-7965
2022-09-19,12272,10135,2137,3197,17447,-14250,94,7,87,15563,27589,-12026
2022-09-20,11527,7456,4071,4317,12361,-8044,94,4,90,15938,19821,-3883
2022-09-21,5763,12388,-6625,1772,7239,-5467,94,4,90,7629,19631,-12002
2022-09-22,6702,10129,-3427,1326,7198,-5872,94,5,89,8122,17332,-9210
2022-09-23,6677,11515,-4838,1778,11807,-10029,94,5,89,8549,23327,-14778
2022-09-26,6899,11753,-4854,1495,17896,-16401,94,7,87,8488,29656,-21168
2022-09-27,7200,11900,-4700,3475,18616,-15141,94,7,87,10769,30523,-19754
2022-09-28,8440,13350,-4910,3995,17258,-13263,94,9,85,12529,30617,-18088
2022-09-29,8457,13100,-4643,6364,13806,-7442,94,9,85,14915,26915,-12000
2022-09-30,8185,12759,-4574,4205,14150,-9945,94,12,82,12484,26921,-14437
2022-10-03,10252,11868,-1616,4686,16785,-12099,94,13,81,15032,28666,-13634
2022-10-04,9471,11559,-2088,7127,12372,-5245,94,10,84,16692,23941,-7249
2022-10-05,11741,10384,1357,4534,7804,-3270,94,10,84,16369,18198,-1829
2022-10-06,12434,9703,2731,3220,10047,-6827,94,8,86,15748,19758,-4010
2022-10-07,11545,10957,588,3943,15102,-11159,94,10,84,15582,26069,-10487
2022-10-11,15278,14831,447,3539,17466,-13927,94,12,82,18911,32309,-13398
2022-10-12,13329,14378,-1049,4340,14634,-10294,94,12,82,17763,29024,-11261
2022-10-13,14313,13571,742,7279,13294,-6015,94,15,79,21686,26880,-5194
2022-10-14,16010,13057,2953,5667,11978,-6311,99,13,86,21776,25048,-3272
2022-10-17,14645,14826,-181,5583,15407,-9824,94,13,81,20322,30246,-9924
2022-10-18,15539,17595,-2056,5950,13445,-7495,97,10,87,21586,31050,-9464
2022-10-19,5392,12507,-7115,1511,7655,-6144,102,10,92,7005,20172,-13167
2022-10-20,5545,12144,-6599,1471,4724,-3253,102,11,91,7118,16879,-9761
2022-10-21,5624,12147,-6523,2037,5184,-3147,97,11,86,7758,17342,-9584
2022-10-24,6673,13737,-7064,3219,4144,-925,94,11,83,9986,17892,-7906
2022-10-25,6425,16252,-9827,3013,8090,-5077,94,11,83,9532,24353,-14821
2022-10-26,5293,13835,-8542,5410,3494,1916,94,9,85,10797,17338,-6541
2022-10-27,6929,13853,-6924,8304,2458,5846,94,9,85,15327,16320,-993
2022-10-28,6243,14610,-8367,5314,8987,-3673,94,9,85,11651,23606,-11955
2022-10-31,6510,11867,-5357,7877,6092,1785,94,9,85,14481,17968,-3487
2022-11-01,7394,13045,-5651,10638,6640,3998,93,9,84,18125,19694,-1569
2022-11-02,7604,13600,-5996,12091,4356,7735,92,7,85,19787,17963,1824
2022-11-03,8618,14681,-6063,8203,3834,4369,92,8,84,16913,18523,-1610
2022-11-04,8904,12653,-3749,13291,3271,10020,92,5,87,22287,15929,6358
2022-11-07,9353,12378,-3025,14473,3404,11069,97,5,92,23923,15787,8136
2022-11-08,8381,13162,-4781,14792,3838,10954,97,5,92,23270,17005,6265
2022-11-09,8902,11684,-2782,24316,2815,21501,93,4,89,33311,14503,18808
2022-11-10,9606,13457,-3851,11399,4776,6623,96,7,89,21101,18240,2861
2022-11-11,11201,15413,-4212,22322,2295,20027,96,10,86,33619,17718,15901
2022-11-14,9442,15077,-5635,17946,8688,9258,90,10,80,27478,23775,3703
2022-11-15,14538,13796,742,21202,4703,16499,101,10,91,35841,18509,17332
2022-11-16,9681,4370,5311,2575,3249,-674,104,10,94,12360,7629,4731
2022-11-17,10639,6099,4540,2446,5395,-2949,106,10,96,13191,11504,1687
2022-11-18,10756,7063,3693,2199,6330,-4131,106,10,96,13061,13403,-342
2022-11-21,11234,8170,3064,2468,7781,-5313,101,11,90,13803,15962,-2159
2022-11-22,12131,7595,4536,2496,6440,-3944,101,11,90,14728,14046,682
2022-11-23,11148,5470,5678,3273,8560,-5287,101,11,90,14522,14041,481
2022-11-24,13407,7898,5509,4248,7365,-3117,101,10,91,17756,15273,2483
2022-11-25,12552,9324,3228,2857,9279,-6422,101,10,91,15510,18613,-3103
2022-11-28,12812,7144,5668,2397,9347,-6950,101,13,88,15310,16504,-1194
2022-11-29,13592,8299,5293,6819,3248,3571,105,13,92,20516,11560,8956
2022-11-30,14485,8081,6404,9593,2399,7194,105,13,92,24183,10493,13690
2022-12-01,16885,11004,5881,3155,8483,-5328,100,12,88,20140,19499,641
2022-12-02,17015,10559,6456,2135,13394,-11259,100,14,86,19250,23967,-4717
2022-12-05,16643,9868,6775,4625,12070,-7445,100,14,86,21368,21952,-584
2022-12-06,18099,11626,6473,2793,13156,-10363,92,15,77,20984,24797,-3813
2022-12-07,14724,8629,6095,7120,11353,-4233,92,18,74,21936,20000,1936
2022-12-08,14440,8248,6192,3408,13137,-9729,88,18,70,17936,21403,-3467
2022-12-09,15815,10322,5493,7563,7074,489,88,16,72,23466,17412,6054
2022-12-12,13486,8021,5465,5383,8620,-3237,85,19,66,18954,16660,2294
2022-12-16,15093,12261,2832,5068,9380,-4312,82,15,67,20243,21656,-1413
2022-12-19,16053,11691,4362,6715,8351,-1636,87,16,71,22855,20058,2797
2022-12-20,17258,11258,6000,7452,13873,-6421,87,24,63,24797,25155,-358
2022-12-21,8540,3748,4792,3903,2872,1031,87,24,63,12530,6644,5886
2022-12-22,10948,4529,6419,10270,1556,8714,87,16,71,21305,6101,15204
2022-12-23,10237,3776,6461,3704,6015,-2311,89,17,72,14030,9808,4222
2022-12-26,9926,3261,6665,4899,4241,658,89,17,72,14914,7519,7395
2022-12-27,8979,3821,5158,6128,5349,779,89,17,72,15196,9187,6009
2022-12-28,7950,4017,3933,3816,9816,-6000,89,20,69,11855,13853,-1998
2022-12-29,8024,3202,4822,3028,8273,-5245,89,22,67,11141,11497,-356
2022-12-30,8320,3651,4669,7154,2817,4337,89,22,67,15563,6490,9073
2023-01-03,8521,2859,5662,9316,3045,6271,85,22,63,17922,5926,11996
2023-01-04,8297,1949,6348,4699,5617,-918,90,22,68,13086,7588,5498
2023-01-05,10614,3227,7387,7265,4234,3031,100,19,81,17979,7480,10499
2023-01-06,11753,4227,7526,13095,3239,9856,100,16,84,24948,7482,17466
2023-01-09,11539,3308,8231,17695,3040,14655,100,13,87,29334,6361,22973
2023-01-10,11232,3368,7864,13423,3908,9515,100,11,89,24755,7287,17468
2023-01-11,9713,1837,7876,8772,6178,2594,100,11,89,18585,8026,10559
2023-01-12,9104,1816,7288,8883,7699,1184,96,11,85,18083,9526,8557
2023-01-13,9870,2680,7190,12822,6416,6406,95,11,84,22787,9107,13680
2023-01-16,9333,1678,7655,14639,6214,8425,89,12,77,24061,7904,16157
2023-01-17,9334,3380,5954,14046,5995,8051,90,12,78,23470,9387,14083
2023-01-30,8469,2690,5779,5383,2406,2977,89,12,77,13941,5108,8833
2023-01-31,7124,5393,1731,2482,11460,-8978,90,14,76,9696,16867,-7171
2023-02-01,7815,4854,2961,5169,5373,-204,90,14,76,13074,10241,2833
2023-02-02,8458,4458,4000,7327,2051,5276,91,14,77,15876,6523,9353
2023-02-03,7892,4524,3368,5729,3181,2548,91,14,77,13712,7719,5993
2023-02-06,7631,2769,4862,3778,11499,-7721,93,15,78,11502,14283,-2781
2023-02-07,8587,3442,5145,5075,8722,-3647,93,15,78,13755,12179,1576
2023-02-08,12633,4601,8032,13465,4876,8589,93,15,78,26191,9492,16699
2023-02-09,10871,4428,6443,8112,6753,1359,93,15,78,19076,11196,7880
2023-02-10,11275,5001,6274,8157,7211,946,102,16,86,19534,12228,7306
2023-02-13,14247,4091,10156,7155,9221,-2066,102,16,86,21504,13328,8176
2023-02-14,13062,2413,10649,9388,6083,3305,81,14,67,22531,8510,14021
2023-02-15,6811,4420,2391,1919,6842,-4923,81,16,65,8811,11278,-2467
2023-02-16,7715,4918,2797,10175,1777,8398,86,16,70,17976,6711,11265
2023-02-17,8170,5849,2321,4443,5084,-641,81,18,63,12694,10951,1743
2023-02-20,9867,5686,4181,7797,3649,4148,81,18,63,17745,9353,8392
2023-02-21,10089,5613,4476,6303,3977,2326,81,18,63,16473,9608,6865
2023-02-22,9673,5908,3765,3185,8062,-4877,81,19,62,12939,13989,-1050
2023-02-23,12030,6716,5314,12148,3143,9005,81,19,62,24259,9878,14381
2023-02-24,9945,5954,3991,5473,4382,1091,81,21,60,15499,10357,5142
2023-03-01,12047,5927,6120,4543,5350,-807,81,21,60,16671,11298,5373
2023-03-02,12834,6571,6263,4886,6456,-1570,81,21,60,17801,13048,4753
2023-03-03,14210,7920,6290,5807,3943,1864,81,19,62,20098,11882,8216
2023-03-06,12921,7387,5534,7612,3543,4069,80,19,61,20613,10949,9664
2023-03-07,15058,8098,6960,10999,3591,7408,80,17,63,26137,11706,14431
2023-03-08,12346,7319,5027,3800,10219,-6419,80,19,61,16226,17557,-1331
2023-03-09,12654,7768,4886,2404,12245,-9841,79,19,60,15137,20032,-4895
2023-03-10,13210,10363,2847,1327,12684,-11357,79,11,68,14616,23058,-8442
2023-03-13,12669,8635,4034,7352,8117,-765,79,10,69,20100,16762,3338
2023-03-14,12612,11005,1607,3454,16419,-12965,78,11,67,16144,27435,-11291
2023-03-15,8091,6899,1192,3114,9095,-5981,92,9,83,11297,16003,-4706
2023-03-16,8670,9858,-1188,4985,7002,-2017,94,9,85,13749,16869,-3120
2023-03-17,8743,7035,1708,12345,1870,10475,89,8,81,21177,8913,12264
2023-03-20,9382,6716,2666,5446,8349,-2903,81,8,73,14909,15073,-164
2023-03-21,9559,5695,3864,8695,3427,5268,81,6,75,18335,9128,9207
2023-03-22,9940,3833,6107,12953,2143,10810,85,4,81,22978,5980,16998
2023-03-23,9291,4456,4835,14150,2252,11898,86,4,82,23527,6712,16815
2023-03-24,9727,5146,4581,11645,4009,7636,82,4,78,21454,9159,12295
2023-03-27,10223,6855,3368,5096,3826,1270,83,5,78,15402,10686,4716
2023-03-28,10388,8688,1700,4260,8643,-4383,94,5,89,14742,17336,-2594
2023-03-29,9890,7120,2770,5398,3711,1687,103,5,98,15391,10836,4555
2023-03-30,9720,6393,3327,8326,2762,5564,103,5,98,18149,9160,8989
2023-03-31,9858,6154,3704,8546,2495,6051,103,5,98,18507,8654,9853
2023-04-06,10659,7295,3364,7619,3220,4399,102,7,95,18380,10522,7858
2023-04-07,10860,7967,2893,8223,3647,4576,102,7,95,19185,11621,7564
2023-04-10,11860,6263,5597,6039,5367,672,101,7,94,18000,11637,6363
2023-05-12,13076,7265,5811,3940,7711,-3771,78,11,67,17094,14987,2107
2023-05-15,14855,9107,5748,6641,5676,965,78,11,67,21574,14794,6780
2023-05-16,15717,5968,9749,11012,4888,6124,78,10,68,26807,10866,15941
2023-05-17,9756,4914,4842,12265,1555,10710,78,9,69,22099,6478,15621
2023-05-18,10645,5379,5266,7409,1995,5414,74,8,66,18128,7382,10746
2023-05-19,10332,5909,4423,6103,2621,3482,77,6,71,16512,8536,7976
2023-05-22,10831,7129,3702,5038,4345,693,77,6,71,15946,11480,4466
2023-05-23,11226,7816,3410,5294,4297,997,77,6,71,16597,12119,4478
2023-05-24,10893,8819,2074,5539,9226,-3687,82,7,75,16514,18052,-1538
2023-05-25,13148,8574,4574,6947,7451,-504,82,7,75,20177,16032,4145
2023-05-26,13980,5871,8109,7598,6609,989,82,4,78,21660,12484,9176
2023-05-29,15680,4858,10822,3626,14277,-10651,83,4,79,19389,19139,250
2023-05-30,14893,5542,9351,5701,15456,-9755,83,4,79,20677,21002,-325
2023-05-31,14063,5743,8320,4992,13859,-8867,83,4,79,19138,19606,-468
2023-06-01,13347,6667,6680,4762,16089,-11327,88,6,82,18197,22762,-4565
2023-06-02,15990,7282,8708,9867,13314,-3447,88,5,83,25945,20601,5344
2023-06-05,16272,7398,8874,5289,15894,-10605,83,5,78,21644,23297,-1653
2023-06-06,17326,8013,9313,7124,14763,-7639,83,5,78,24533,22781,1752
2023-06-07,19092,7629,11463,10883,12609,-1726,83,5,78,30058,20243,9815
2023-06-08,17215,6907,10308,4560,20573,-16013,83,5,78,21858,27485,-5627
2023-06-09,18005,6925,11080,7426,16895,-9469,81,5,76,25512,23825,1687
2023-06-12,19454,6579,12875,4491,15396,-10905,83,4,79,24028,21979,2049
2023-06-13,20020,7183,12837,7946,15176,-7230,91,3,88,28057,22362,5695
2023-06-14,18419,6971,11448,5165,18928,-13763,94,3,91,23678,25902,-2224
2023-06-15,21481,7856,13625,7215,15490,-8275,96,1,95,28792,23347,5445
2023-06-16,18815,7525,11290,6465,19259,-12794,100,7,93,25380,26791,-1411
2023-06-19,20161,9096,11065,8781,19408,-10627,136,7,129,29078,28511,567
2023-06-20,21274,10261,11013,6981,20272,-13291,133,7,126,28388,30540,-2152
2023-06-21,6954,12353,-5399,4466,1848,2618,133,7,126,11553,14208,-2655
2023-06-26,6877,13330,-6453,3874,5030,-1156,150,7,143,10901,18367,-7466
2023-06-27,5446,12225,-6779,3432,3372,60,150,10,140,9028,15607,-6579
2023-06-28,5430,11581,-6151,4068,2930,1138,160,11,149,9658,14522,-4864
2023-06-29,6879,11102,-4223,2195,7907,-5712,163,11,152,9237,19020,-9783
2023-06-30,7343,10131,-2788,3166,4254,-1088,186,11,175,10695,14396,-3701
2023-07-03,9926,10585,-659,6035,2795,3240,199,10,189,16160,13390,2770
2023-07-04,11427,10459,968,5357,2555,2802,211,8,203,16995,13022,3973
2023-07-05,10308,9015,1293,1665,8340,-6675,236,10,226,12209,17365,-5156
2023-07-06,10834,9734,1100,1696,8881,-7185,219,12,207,12749,18627,-5878
2023-07-07,12179,9425,2754,1610,6137,-4527,220,14,206,14009,15576,-1567
2023-07-10,11397,9537,1860,2621,3958,-1337,239,14,225,14257,13509,748
2023-07-11,13289,9331,3958,10149,3159,6990,261,13,248,23699,12503,11196
2023-07-12,13843,9056,4787,7143,3443,3700,282,13,269,21268,12512,8756
2023-07-13,15577,10116,5461,11294,1719,9575,272,12,260,27143,11847,15296
2023-07-14,13381,11813,1568,11020,1529,9491,282,13,269,24683,13355,11328
2023-07-17,14462,13110,1352,9500,4115,5385,277,13,264,24239,17238,7001
2023-07-18,10680,9956,724,7788,3687,4101,278,13,265,18746,13656,5090
2023-07-19,2036,9357,-7321,3592,2246,1346,278,16,262,5906,11619,-5713
2023-07-20,2704,9901,-7197,7808,2093,5715,293,16,277,10805,12010,-1205
2023-07-21,3240,9194,-5954,3923,4909,-986,262,19,243,7425,14122,-6697
2023-07-24,2731,8864,-6133,5022,4230,792,267,19,248,8020,13113,-5093
2023-07-25,2506,8326,-5820,7284,3558,3726,267,18,249,10057,11902,-1845
2023-07-26,3242,7500,-4258,2361,6106,-3745,247,18,229,5850,13624,-7774
2023-07-27,3556,6007,-2451,5273,4823,450,244,17,227,9073,10847,-1774
2023-07-28,6551,6463,88,6097,3279,2818,236,17,219,12884,9759,3125
2023-07-31,6356,8880,-2524,2627,7253,-4626,226,19,207,9209,16152,-6943
2023-08-01,7884,8865,-981,5256,4073,1183,221,18,203,13361,12956,405
2023-08-02,8877,11089,-2212,2722,12459,-9737,229,18,211,11828,23566,-11738
2023-08-04,8696,10585,-1889,3708,12756,-9048,229,18,211,12633,23359,-10726
2023-08-07,7936,7524,412,6213,4738,1475,224,17,207,14373,12279,2094
2023-08-08,8364,10035,-1671,2175,7182,-5007,219,17,202,10758,17234,-6476
2023-08-09,7815,8346,-531,2968,7132,-4164,220,15,205,11003,15493,-4490
2023-08-10,8335,10022,-1687,1614,8188,-6574,220,17,203,10169,18227,-8058
2023-08-11,6098,9931,-3833,3021,6236,-3215,201,17,184,9320,16184,-6864
2023-08-14,7022,12273,-5251,2000,12202,-10202,168,12,156,9190,24487,-15297
2023-08-15,5216,9745,-4529,5697,5800,-103,168,9,159,11081,15554,-4473
2023-08-16,1140,10664,-9524,2163,6797,-4634,143,11,132,3446,17472,-14026
2023-08-17,2554,10956,-8402,2696,7219,-4523,123,8,115,5373,18183,-12810
2023-08-18,3074,13047,-9973,3039,13481,-10442,126,11,115,6239,26539,-20300
2023-08-21,2782,11750,-8968,2061,10177,-8116,121,11,110,4964,21938,-16974
2023-08-22,2533,11576,-9043,2291,8316,-6025,113,11,102,4937,19903,-14966
2023-08-23,3615,9193,-5578,9554,3426,6128,113,11,102,13282,12630,652
2023-08-24,4516,8791,-4275,3880,3257,623,121,11,110,8517,12059,-3542
2023-08-25,3540,11375,-7835,1619,12299,-10680,113,11,102,5272,23685,-18413
2023-08-29,5148,7301,-2153,3956,5819,-1863,111,10,101,9215,13130,-3915
2023-08-30,7087,7756,-669,4148,4052,96,111,9,102,11346,11817,-471
2023-08-31,5457,7184,-1727,1213,7500,-6287,111,11,100,6781,14695,-7914
2023-09-01,6042,7553,-1511,3442,5766,-2324,118,11,107,9602,13330,-3728
2023-09-04,7809,8945,-1136,9482,3429,6053,118,11,107,17409,12385,5024
2023-09-05,6515,8211,-1696,3474,5097,-1623,116,11,105,10105,13319,-3214
2023-09-06,5312,6371,-1059,1026,6867,-5841,116,11,105,6454,13249,-6795
2023-09-07,4467,8166,-3699,181,8712,-8531,116,11,105,4764,16889,-12125
2023-09-08,4362,8224,-3862,2374,7617,-5243,120,11,109,6856,15852,-8996
2023-09-11,6669,10885,-4216,267,13176,-12909,120,14,106,7056,24075,-17019
2023-09-12,6832,7902,-1070,6268,8955,-2687,166,14,152,13266,16871,-3605
2023-09-13,7440,7445,-5,4058,7770,-3712,172,14,158,11670,15229,-3559
2023-09-14,15452,9461,5991,15727,5173,10554,172,13,159,31351,14647,16704
2023-09-15,14736,7532,7204,9842,5503,4339,174,12,162,24752,13047,11705
2023-09-18,9849,8461,1388,2513,10388,-7875,181,15,166,12543,18864,-6321
2023-09-19,9180,10651,-1471,1587,12726,-11139,181,16,165,10948,23393,-12445
2023-09-20,2265,8373,-6108,921,10533,-9612,177,18,159,3363,18924,-15561
2023-09-21,5379,11479,-6100,5,20243,-20238,183,20,163,5567,31742,-26175
2023-09-22,3941,9503,-5562,1333,15224,-13891,179,20,159,5453,24747,-19294
2023-09-25,5392,8548,-3156,5159,9010,-3851,177,20,157,10728,17578,-6850
2023-09-26,7215,10714,-3499,1973,12460,-10487,177,20,157,9365,23194,-13829
2023-09-27,4574,8547,-3973,862,11564,-10702,179,20,159,5615,20131,-14516
2023-09-28,4567,7699,-3132,2158,11308,-9150,179,19,160,6904,19026,-12122
2023-10-02,5718,7283,-1565,6897,7801,-904,179,14,165,12794,15098,-2304
2023-10-03,6223,6790,-567,2223,14648,-12425,176,17,159,8622,21455,-12833
2023-10-04,5320,8180,-2860,1497,16527,-15030,176,17,159,6993,24724,-17731
2023-10-05,10283,8107,2176,6309,10412,-4103,176,16,160,16768,18535,-1767
2023-10-06,9599,6780,2819,7662,10570,-2908,176,15,161,17437,17365,72
2023-10-11,10494,5508,4986,9202,7765,1437,180,15,165,19876,13288,6588
2023-10-12,13529,7378,6151,7258,6551,707,180,12,168,20967,13941,7026
2023-10-13,7708,3524,4184,4601,10802,-6201,180,13,167,12489,14339,-1850
2023-10-16,6538,5839,699,969,12329,-11360,199,16,183,7706,18184,-10478
2023-10-17,6900,7740,-840,2558,11421,-8863,203,16,187,9661,19177,-9516
2023-10-18,1948,11945,-9997,1757,6063,-4306,185,16,169,3890,18024,-14134
2023-10-19,3435,13588,-10153,1815,3863,-2048,179,16,163,5429,17467,-12038
2023-10-20,5298,15486,-10188,1714,5070,-3356,179,17,162,7191,20573,-13382
2023-10-23,5124,16355,-11231,794,11023,-10229,180,17,163,6098,27395,-21297
2023-10-24,3676,13891,-10215,808,5803,-4995,170,17,153,4654,19711,-15057
2023-10-25,2712,11641,-8929,3348,4086,-738,170,14,156,6230,15741,-9511
2023-10-26,6042,14909,-8867,804,16285,-15481,170,14,156,7016,31208,-24192
2023-10-27,3938,11762,-7824,3250,6378,-3128,170,14,156,7358,18154,-10796
2023-10-30,3462,10179,-6717,2294,6614,-4320,170,14,156,5926,16807,-10881
2023-10-31,5812,14979,-9167,1834,15408,-13574,170,14,156,7816,30401,-22585
2023-11-01,4166,12197,-8031,4005,9752,-5747,170,14,156,8341,21963,-13622
2023-11-02,6416,11572,-5156,10571,1825,8746,170,12,158,17157,13409,3748
2023-11-03,7569,12469,-4900,12049,2178,9871,170,9,161,19788,14656,5132
2023-11-06,9083,14386,-5303,15344,1577,13767,170,9,161,24597,15972,8625
2023-11-07,9592,15342,-5750,19222,2125,17097,170,9,161,28984,17476,11508
2023-11-08,10972,14060,-3088,18718,1471,17247,173,8,165,29863,15539,14324
2023-11-09,11205,13358,-2153,19547,1546,18001,169,8,161,30921,14912,16009
2023-11-10,11394,13683,-2289,20320,1750,18570,173,9,164,31887,15442,16445
2023-11-13,6088,9671,-3583,13864,2537,11327,164,9,155,20116,12217,7899
2023-11-14,5242,8652,-3410,15633,1858,13775,163,7,156,21038,10517,10521
2023-11-15,5384,5108,276,7223,751,6472,163,7,156,12770,5866,6904
2023-11-16,6207,6347,-140,6601,1106,5495,163,9,154,12971,7462,5509
2023-11-17,7274,7860,-586,6744,975,5769,163,9,154,14181,8844,5337
2023-11-20,6504,6486,18,4485,3301,1184,163,9,154,11152,9796,1356
2023-11-21,8126,7293,833,10240,516,9724,167,9,158,18533,7818,10715
2023-11-22,4725,5462,-737,5303,5197,106,167,10,157,10195,10669,-474
2023-11-23,4041,5325,-1284,6396,3183,3213,167,10,157,10604,8518,2086
2023-11-24,4775,4909,-134,5464,4172,1292,167,10,157,10406,9091,1315
2023-11-27,4647,6179,-1532,5048,6523,-1475,167,13,154,9862,12715,-2853
2023-11-28,8350,8360,-10,11299,2607,8692,163,13,150,19812,10980,8832
2023-11-29,6433,6092,341,5689,6013,-324,163,13,150,12285,12118,167
2023-11-30,7221,7515,-294,7656,3480,4176,167,13,154,15044,11008,4036
2023-12-01,6232,7468,-1236,9244,2632,6612,167,13,154,15643,10113,5530
2023-12-04,5847,6912,-1065,4975,5677,-702,167,13,154,10989,12602,-1613
2023-12-05,4962,7543,-2581,3044,9244,-6200,197,14,183,8203,16801,-8598
2023-12-06,5288,7146,-1858,3146,7209,-4063,197,14,183,8631,14369,-5738
2023-12-07,4210,6019,-1809,2446,10372,-7926,197,15,182,6853,16406,-9553
2023-12-08,6324,9136,-2812,5045,5165,-120,197,13,184,11566,14314,-2748
2023-12-11,6634,7159,-525,4796,8237,-3441,193,13,180,11623,15409,-3786
2023-12-12,8006,6908,1098,3922,9385,-5463,193,11,182,12121,16304,-4183
2023-12-13,5955,6389,-434,4149,7564,-3415,198,11,187,10302,13964,-3662
2023-12-14,9461,7118,2343,8411,4980,3431,199,11,188,18071,12109,5962
2023-12-15,9054,6819,2235,7217,4770,2447,209,11,198,16480,11600,4880
2023-12-18,6662,5465,1197,7754,10453,-2699,202,12,190,14618,15930,-1312
2023-12-19,7460,7680,-220,5532,13604,-8072,202,14,188,13194,21298,-8104
2023-12-20,4704,3373,1331,7460,1267,6193,202,12,190,12366,4652,7714
2023-12-21,5282,9117,-3835,4070,9221,-5151,202,14,188,9554,18352,-8798
2023-12-22,5359,8376,-3017,2639,6927,-4288,202,14,188,8200,15317,-7117
2023-12-25,5456,7249,-1793,4200,5297,-1097,198,14,184,9854,12560,-2706
2023-12-26,5967,5640,327,8659,2378,6281,198,14,184,14824,8032,6792
2023-12-27,6454,3390,3064,11134,1386,9748,202,12,190,17790,4788,13002
2023-12-28,5729,5091,638,8139,1927,6212,202,13,189,14070,7031,7039
2023-12-29,6315,4294,2021,5813,3782,2031,202,12,190,12330,8088,4242
2024-01-02,8110,7278,832,2666,7433,-4767,206,14,192,10982,14725,-3743
2024-01-03,9191,13815,-4624,1394,15625,-14231,215,14,201,10800,29454,-18654
2024-01-04,8215,13156,-4941,4298,9201,-4903,211,14,197,12724,22371,-9647
2024-01-05,8612,12743,-4131,3217,9733,-6516,207,14,193,12036,22490,-10454
2024-01-08,7984,12081,-4097,4653,9094,-4441,207,13,194,12844,21188,-8344
2024-01-09,10108,14272,-4164,2767,11529,-8762,209,13,196,13084,25814,-12730
2024-01-10,10056,17168,-7112,3113,13254,-10141,209,15,194,13378,30437,-17059
2024-01-11,9602,13662,-4060,5979,10385,-4406,211,13,198,15792,24060,-8268
2024-01-12,7168,15625,-8457,4537,12249,-7712,213,14,199,11918,27888,-15970
2024-01-15,8228,13691,-5463,7920,10438,-2518,201,14,187,16349,24143,-7794
2024-01-16,7448,18231,-10783,7498,12245,-4747,211,17,194,15157,30493,-15336
2024-01-17,2470,14565,-12095,960,8716,-7756,221,19,202,3651,23300,-19649
2024-01-18,2387,15276,-12889,3449,4573,-1124,222,19,203,6058,19868,-13810
2024-01-19,7789,14386,-6597,14610,750,13860,224,19,205,22623,15155,7468
2024-01-22,7792,13886,-6094,10963,4010,6953,263,17,246,19018,17913,1105
2024-01-23,9262,14306,-5044,15050,1634,13416,231,17,214,24543,15957,8586
2024-01-24,8571,12609,-4038,15113,841,14272,237,15,222,23921,13465,10456
2024-01-25,9886,10335,-449,15747,1238,14509,217,15,202,25850,11588,14262
2024-01-26,10389,10373,16,15938,870,15068,217,15,202,26544,11258,15286
2024-01-29,13545,11599,1946,20671,1004,19667,216,15,201,34432,12618,21814
2024-01-30,11177,10425,752,12700,2062,10638,216,16,200,24093,12503,11590
2024-01-31,7009,9061,-2052,9295,5215,4080,214,19,195,16518,14295,2223
2024-02-01,8158,9921,-1763,11707,4278,7429,208,19,189,20073,14218,5855
2024-02-02,9047,10418,-1371,12164,1021,11143,207,17,190,21418,11456,9962
2024-02-05,8583,8824,-241,10339,916,9423,207,13,194,19129,9753,9376
2024-02-15,12765,8560,4205,15569,1035,14534,211,13,198,28545,9608,18937
2024-02-16,10942,9103,1839,12641,2752,9889,213,12,201,23796,11867,11929
2024-02-19,9687,6843,2844,16519,2570,13949,213,13,200,26419,9426,16993
2024-02-20,9255,6755,2500,19679,1551,18128,207,11,196,29141,8317,20824
2024-02-21,3147,5931,-2784,5954,4417,1537,207,11,196,9308,10359,-1051
2024-02-22,3701,5058,-1357,7042,1650,5392,207,9,198,10950,6717,4233
2024-02-23,3196,4521,-1325,5557,5238,319,207,9,198,8960,9768,-808
2024-02-26,4156,4353,-197,8505,2598,5907,207,8,199,12868,6959,5909
2024-02-27,4003,4715,-712,5315,7773,-2458,207,9,198,9525,12497,-2972
2024-02-29,4695,3950,745,7501,2886,4615,211,9,202,12407,6845,5562
2024-03-01,5240,4083,1157,4474,4667,-193,211,9,202,9925,8759,1166
2024-03-04,11320,5809,5511,11920,674,11246,211,8,203,23451,6491,16960
2024-03-05,11202,6302,4900,7820,1968,5852,211,8,203,19233,8278,10955
2024-03-06,13634,6544,7090,10853,779,10074,211,6,205,24698,7329,17369
2024-03-07,12904,6621,6283,7782,2668,5114,211,6,205,20897,9295,11602
2024-03-08,13032,8215,4817,5557,8322,-2765,211,6,205,18800,16543,2257
2024-03-11,11673,9073,2600,5311,3203,2108,211,8,203,17195,12284,4911
2024-03-12,14087,8299,5788,9052,1647,7405,211,8,203,23350,9954,13396
2024-03-13,12340,7898,4442,6179,1758,4421,208,8,200,18727,9664,9063
2024-03-14,11890,9849,2041,9054,1603,7451,212,8,204,21156,11460,9696
2024-03-15,11489,11491,-2,5212,5557,-345,212,10,202,16913,17058,-145
2024-03-18,12166,10229,1937,7882,2489,5393,210,13,197,20258,12731,7527
2024-03-19,10301,9517,784,6626,3674,2952,198,13,185,17125,13204,3921
2024-03-20,3316,7835,-4519,5392,1789,3603,198,15,183,8906,9639,-733
2024-03-21,7190,8108,-918,12134,331,11803,198,13,185,19522,8452,11070
2024-03-22,5310,8042,-2732,3120,2001,1119,194,13,181,8624,10056,-1432
2024-03-25,4983,8754,-3771,5328,1887,3441,194,13,181,10505,10654,-149
2024-03-26,4410,8869,-4459,5867,3356,2511,196,13,183,10473,12238,-1765
2024-03-27,5906,6758,-852,7149,2127,5022,205,10,195,13260,8895,4365
2024-03-28,5020,5254,-234,5890,7985,-2095,213,10,203,11123,13249,-2126
2024-03-29,7920,6969,951,7094,4114,2980,213,10,203,15227,11093,4134
2024-04-01,9488,6725,2763,5925,7819,-1894,202,10,192,15615,14554,1061
2024-04-02,13989,9779,4210,14000,2395,11605,209,8,201,28198,12182,16016
2024-04-03,12101,9509,2592,4947,6792,-1845,216,9,207,17264,16310,954
2024-04-08,11574,8317,3257,10170,4183,5987,219,9,210,21963,12509,9454
2024-04-09,17919,10893,7026,13151,1141,12010,219,8,211,31289,12042,19247
2024-04-10,15628,8268,7360,6844,6026,818,223,8,215,22695,14302,8393
2024-04-11,12077,8658,3419,5935,7923,-1988,224,9,215,18236,16590,1646
2024-04-12,11223,7598,3625,5832,7600,-1768,233,9,224,17288,15207,2081
2024-04-15,10762,12898,-2136,3813,11559,-7746,233,11,222,14808,24468,-9660
2024-04-16,9241,18176,-8935,4897,15274,-10377,237,11,226,14375,33461,-19086
2024-04-17,2694,14223,-11529,8294,1664,6630,276,9,267,11264,15896,-4632
2024-04-18,5173,14048,-8875,7118,600,6518,353,7,346,12644,14655,-2011
2024-04-19,3345,18604,-15259,1459,5466,-4007,348,12,336,5152,24082,-18930
2024-04-22,3183,18594,-15411,4777,4112,665,306,12,294,8266,22718,-14452
2024-04-23,3043,19350,-16307,10604,1698,8906,281,10,271,13928,21058,-7130
2024-04-24,3005,14411,-11406,15119,1267,13852,311,9,302,18435,15687,2748
2024-04-25,2577,15577,-13000,8010,8281,-271,234,12,222,10821,23870,-13049
2024-04-26,4498,15401,-10903,14942,2039,12903,236,12,224,19676,17452,2224
2024-04-29,6920,13888,-6968,18294,1832,16462,332,13,319,25546,15733,9813
2024-04-30,5362,14081,-8719,14680,2527,12153,327,14,313,20369,16622,3747
2024-05-02,4510,14312,-9802,11639,5593,6046,257,16,241,16406,19921,-3515
2024-05-03,6065,14282,-8217,10780,6824,3956,257,16,241,17102,21122,-4020
2024-05-06,9275,15220,-5945,12587,3612,8975,258,16,242,22120,18848,3272
2024-05-07,8835,15651,-6816,11532,2866,8666,258,16,242,20625,18533,2092
2024-05-08,10302,15760,-5458,16359,2074,14285,258,16,242,26919,17850,9069
2024-05-09,8665,15894,-7229,11610,4605,7005,144,16,128,20419,20515,-96
2024-05-10,11270,15328,-4058,18944,2232,16712,133,14,119,30347,17574,12773
2024-05-13,8652,11286,-2634,9811,2859,6952,131,16,115,18594,14161,4433
2024-05-14,7610,9868,-2258,15405,2672,12733,59,14,45,23074,12554,10520
2024-05-15,3507,6226,-2719,9368,1054,8314,60,12,48,12935,7292,5643
2024-05-16,4397,8283,-3886,5689,3034,2655,60,11,49,10146,11328,-1182
2024-05-17,3160,8455,-5295,5662,3767,1895,61,11,50,8883,12233,-3350
2024-05-20,3861,8157,-4296,4664,6740,-2076,62,11,51,8587,14908,-6321
2024-05-21,3938,8781,-4843,4703,5687,-984,110,11,99,8751,14479,-5728
2024-05-22,7209,8824,-1615,9291,2193,7098,110,11,99,16610,11028,5582
2024-05-23,5208,8008,-2800,6859,3341,3518,150,11,139,12217,11360,857
2024-05-24,5093,7822,-2729,5932,5296,636,152,11,141,11177,13129,-1952
2024-05-27,7085,8210,-1125,7661,3755,3906,156,11,145,14902,11976,2926
2024-05-28,7354,8393,-1039,7137,3837,3300,154,10,144,14645,12240,2405
2024-05-29,3162,7660,-4498,2191,11355,-9164,153,10,143,5506,19025,-13519
2024-05-30,2938,8978,-6040,2754,11348,-8594,153,10,143,5845,20336,-14491
2024-05-31,3261,8840,-5579,2850,14251,-11401,149,10,139,6260,23101,-16841
2024-06-03,7549,10314,-2765,7616,11734,-4118,149,12,137,15314,22060,-6746
2024-06-04,6886,10418,-3532,2167,17204,-15037,149,15,134,9202,27637,-18435
2024-06-05,6945,8307,-1362,3945,14282,-10337,150,14,136,11040,22603,-11563
2024-06-06,13275,11561,1714,5436,8699,-3263,150,14,136,18861,20274,-1413
2024-06-07,12910,9292,3618,2041,11446,-9405,150,14,136,15101,20752,-5651
2024-06-11,11662,7851,3811,963,13345,-12382,151,14,137,12776,21210,-8434
2024-06-12,18732,10580,8152,7414,9154,-1740,157,12,145,26303,19746,6557
2024-06-13,18374,10407,7967,3074,9867,-6793,159,9,150,21607,20283,1324
2024-06-14,18518,9718,8800,4756,11213,-6457,159,12,147,23433,20943,2490
2024-06-17,16726,8006,8720,2005,13988,-11983,165,12,153,18896,22006,-3110
2024-06-18,16605,7062,9543,5195,13860,-8665,174,12,162,21974,20934,1040
2024-06-19,10398,8073,2325,7223,1262,5961,181,12,169,17802,9347,8455
2024-06-20,11514,8357,3157,4116,6685,-2569,188,10,178,15818,15052,766
2024-06-21,11917,9792,2125,4482,8068,-3586,186,12,174,16585,17872,-1287
2024-06-24,13380,12074,1306,1424,11291,-9867,186,16,170,14990,23381,-8391
2024-06-25,12893,8814,4079,3091,14564,-11473,187,14,173,16171,23392,-7221
2024-06-26,9845,7431,2414,3972,7186,-3214,193,13,180,14010,14630,-620
2024-06-27,9617,7699,1918,3577,7652,-4075,193,13,180,13387,15364,-1977
2024-06-28,12141,8828,3313,3881,8468,-4587,194,16,178,16216,17312,-1096
2024-07-01,13841,11183,2658,3401,7630,-4229,200,16,184,17442,18829,-1387
2024-07-02,13452,11669,1783,2426,6895,-4469,200,18,182,16078,18582,-2504
2024-07-03,18152,10989,7163,7156,3849,3307,209,18,191,25517,14856,10661
2024-07-04,19695,11977,7718,6331,3494,2837,209,16,193,26235,15487,10748
2024-07-05,18883,11048,7835,2770,5967,-3197,209,16,193,21862,17031,4831
2024-07-08,21598,12975,8623,7973,4587,3386,280,14,266,29851,17576,12275
2024-07-09,20006,11725,8281,3192,8053,-4861,304,15,289,23502,19793,3709
2024-07-10,22748,12518,10230,6474,5248,1226,309,13,296,29531,17779,11752
2024-07-11,23136,11773,11363,5679,6314,-635,320,11,309,29135,18098,11037
2024-07-12,17353,11581,5772,4257,8194,-3937,319,11,308,21929,19786,2143
2024-07-15,18798,9982,8816,4881,6852,-1971,314,18,296,23993,16852,7141
2024-07-16,18806,9974,8832,6801,5621,1180,330,18,312,25937,15613,10324
2024-07-17,2251,17879,-15628,2900,7114,-4214,331,20,311,5482,25013,-19531
2024-07-18,2991,19203,-16212,1824,8425,-6601,331,19,312,5146,27647,-22501
2024-07-19,3364,19135,-15771,1162,5764,-4602,327,19,308,4853,24918,-20065
2024-07-22,5328,21659,-16331,2027,8631,-6604,327,19,308,7682,30309,-22627
2024-07-23,5038,19506,-14468,5608,5647,-39,323,18,305,10969,25171,-14202
2024-07-26,2429,16089,-13660,2708,11793,-9085,323,18,305,5460,27900,-22440
2024-07-29,3851,17382,-13531,2163,9694,-7531,326,17,309,6340,27093,-20753
2024-07-30,4169,17027,-12858,1069,11651,-10582,326,16,310,5564,28694,-23130
2024-07-31,3016,17416,-14400,3306,10892,-7586,320,16,304,6642,28324,-21682
2024-08-01,3543,17710,-14167,2898,13058,-10160,320,16,304,6761,30784,-24023
