date,txf_dealer_long_oi,txf_dealer_short_oi,txf_dealer_net_oi,txf_foreigner_long_oi,txf_foreigner_short_oi,txf_foreigner_net_oi,txf_trust_long_oi,txf_trust_short_oi,txf_trust_net_oi,txf_long_oi,txf_short_oi,txf_net_oi
2007-07-11,24372,4617,19755,19893,38615,-18722,667,5677,-5010,44932,48909,-3977
2007-07-12,26030,4393,21637,20503,36074,-15571,631,5953,-5322,47164,46420,744
2007-07-13,28748,5282,23466,22192,38343,-16151,599,6088,-5489,51539,49713,1826
2007-07-16,25983,5394,20589,24241,42345,-18104,624,5991,-5367,50848,53730,-2882
2007-07-17,28092,5520,22572,28624,48625,-20001,639,6167,-5528,57355,60312,-2957
2007-07-18,26368,5878,20490,31057,53283,-22226,760,6190,-5430,58185,65351,-7166
2007-07-19,7562,3998,3564,24168,28768,-4600,656,5598,-4942,32386,38364,-5978
2007-07-20,8883,4053,4830,29191,29897,-706,634,5194,-4560,38708,39144,-436
2007-07-23,10337,3888,6449,27455,33399,-5944,680,5154,-4474,38472,42441,-3969
2007-07-24,12502,3863,8639,27469,34201,-6732,704,4843,-4139,40675,42907,-2232
2007-07-25,14710,4457,10253,27551,39962,-12411,771,4884,-4113,43032,49303,-6271
2007-07-26,12057,4672,7385,27854,45267,-17413,834,6112,-5278,40745,56051,-15306
2007-07-27,9924,6595,3329,24701,49811,-25110,1064,4681,-3617,35689,61087,-25398
2007-07-30,6860,6322,538,21584,45271,-23687,856,4626,-3770,29300,56219,-26919
2007-07-31,7018,3905,3113,21813,36934,-15121,854,4655,-3801,29685,45494,-15809
2007-08-01,5591,9164,-3573,21242,38181,-16939,1048,4390,-3342,27881,51735,-23854
2007-08-02,4887,5724,-837,21884,35158,-13274,1021,4248,-3227,27792,45130,-17338
2007-08-03,4872,6103,-1231,22634,33141,-10507,904,4225,-3321,28410,43469,-15059
2007-08-06,5436,5113,323,22630,35280,-12650,909,4097,-3188,28975,44490,-15515
2007-08-07,5048,5677,-629,22338,34387,-12049,911,4233,-3322,28297,44297,-16000
2007-08-08,6699,4352,2347,21657,30933,-9276,879,3828,-2949,29235,39113,-9878
2007-08-09,5834,4036,1798,22356,28117,-5761,915,3912,-2997,29105,36065,-6960
2007-08-10,4534,5248,-714,23170,30954,-7784,923,3537,-2614,28627,39739,-11112
2007-08-13,4384,5219,-835,24202,30573,-6371,843,3686,-2843,29429,39478,-10049
2007-08-14,4201,7185,-2984,26737,35482,-8745,861,3437,-2576,31799,46104,-14305
2007-08-15,3998,12420,-8422,31075,39669,-8594,847,3667,-2820,35920,55756,-19836
2007-08-16,1609,7491,-5882,14638,27771,-13133,973,3349,-2376,17220,38611,-21391
2007-08-17,1851,7201,-5350,13358,30077,-16719,1351,3193,-1842,16560,40471,-23911
2007-08-20,2943,5206,-2263,15574,26260,-10686,1346,2948,-1602,19863,34414,-14551
2007-08-21,3243,4602,-1359,16691,25981,-9290,1022,3489,-2467,20956,34072,-13116
2007-08-22,3570,4175,-605,16791,25861,-9070,878,3530,-2652,21239,33566,-12327
2007-08-23,3501,3947,-446,17562,23473,-5911,869,3877,-3008,21932,31297,-9365
2007-08-24,2907,4305,-1398,18056,21686,-3630,884,4365,-3481,21847,30356,-8509
2007-08-27,2655,4715,-2060,19956,20079,-123,877,4724,-3847,23488,29518,-6030
2007-08-28,3146,5298,-2152,21069,20381,688,877,5196,-4319,25092,30875,-5783
2007-08-29,3401,4939,-1538,20190,22719,-2529,922,5005,-4083,24513,32663,-8150
2007-08-30,4202,4511,-309,20355,21220,-865,870,5187,-4317,25427,30918,-5491
2007-08-31,6328,3512,2816,22399,21579,820,879,4835,-3956,29606,29926,-320
2007-09-03,7066,3049,4017,22652,23764,-1112,856,4390,-3534,30574,31203,-629
2007-09-04,5837,3095,2742,22349,22782,-433,704,4449,-3745,28890,30326,-1436
2007-09-05,5292,3275,2017,22417,23722,-1305,763,4485,-3722,28472,31482,-3010
2007-09-06,7031,2596,4435,23212,25065,-1853,781,4174,-3393,31024,31835,-811
2007-09-07,6764,2467,4297,24029,25690,-1661,815,3845,-3030,31608,32002,-394
2007-09-10,5910,3039,2871,23895,25603,-1708,825,3566,-2741,30630,32208,-1578
2007-09-11,6148,3487,2661,25135,25234,-99,769,3585,-2816,32052,32306,-254
2007-09-12,5202,3470,1732,25668,25487,181,786,3563,-2777,31656,32520,-864
2007-09-13,4508,3542,966,26592,25580,1012,730,3817,-3087,31830,32939,-1109
2007-09-14,6385,2478,3907,26672,27310,-638,753,3446,-2693,33810,33234,576
2007-09-17,4898,2099,2799,26685,30328,-3643,756,3557,-2801,32339,35984,-3645
2007-09-19,6624,3305,3319,27928,30236,-2308,718,4141,-3423,35270,37682,-2412
2007-09-20,3213,2741,472,13863,12791,1072,693,3855,-3162,17769,19387,-1618
2007-09-21,4278,2505,1773,14242,13837,405,687,3957,-3270,19207,20299,-1092
2007-09-26,5186,2343,2843,15126,14997,129,742,3479,-2737,21054,20819,235
2007-09-27,6148,2361,3787,16203,14877,1326,744,3242,-2498,23095,20480,2615
2007-09-28,5746,3555,2191,16326,14602,1724,787,3383,-2596,22859,21540,1319
2007-09-29,6412,2863,3549,16351,14422,1929,737,3346,-2609,23500,20631,2869
2007-10-01,6569,2537,4032,15951,14481,1470,691,3352,-2661,23211,20370,2841
2007-10-02,7649,2589,5060,14571,13437,1134,721,3232,-2511,22941,19258,3683
2007-10-03,8226,2088,6138,13783,13711,72,721,3515,-2794,22730,19314,3416
2007-10-04,8631,2075,6556,12039,19053,-7014,672,3385,-2713,21342,24513,-3171
2007-10-05,7806,2087,5719,12422,20702,-8280,673,3390,-2717,20901,26179,-5278
2007-10-08,9622,1980,7642,11896,19857,-7961,723,3301,-2578,22241,25138,-2897
2007-10-09,6687,1898,4789,12235,20098,-7863,702,3339,-2637,19624,25335,-5711
2007-10-11,8435,2029,6406,11094,19314,-8220,702,3328,-2626,20231,24671,-4440
2007-10-12,4097,2745,1352,13658,20671,-7013,800,3230,-2430,18555,26646,-8091
2007-10-15,3966,3991,-25,16735,21202,-4467,831,3216,-2385,21532,28409,-6877
2007-10-16,5214,3962,1252,19699,24454,-4755,837,3108,-2271,25750,31524,-5774
2007-10-17,5284,4033,1251,20736,25066,-4330,836,3014,-2178,26856,32113,-5257
2007-10-18,4020,2801,1219,13814,17040,-3226,763,2979,-2216,18597,22820,-4223
2007-10-19,3662,2887,775,13467,16502,-3035,768,2905,-2137,17897,22294,-4397
2007-10-22,2962,4804,-1842,14631,15283,-652,766,3108,-2342,18359,23195,-4836
2007-10-23,3589,3823,-234,15810,15543,267,312,3127,-2815,19711,22493,-2782
2007-10-24,3150,4608,-1458,16281,15279,1002,330,3328,-2998,19761,23215,-3454
2007-10-25,2822,4069,-1247,16189,14694,1495,320,3240,-2920,19331,22003,-2672
2007-10-26,2897,2994,-97,16033,14875,1158,349,3176,-2827,19279,21045,-1766
2007-10-29,6467,2215,4252,12493,16132,-3639,308,3207,-2899,19268,21554,-2286
2007-10-30,5730,2576,3154,13651,17462,-3811,331,3130,-2799,19712,23168,-3456
2007-10-31,5902,2625,3277,11963,19910,-7947,310,3051,-2741,18175,25586,-7411
2007-11-01,4508,3086,1422,14887,20687,-5800,293,2838,-2545,19688,26611,-6923
2007-11-02,2972,5316,-2344,15055,22442,-7387,364,3591,-3227,18391,31349,-12958
2007-11-05,3143,6245,-3102,16482,21795,-5313,346,4593,-4247,19971,32633,-12662
2007-11-06,2743,7485,-4742,17840,21802,-3962,238,4879,-4641,20821,34166,-13345
2007-11-07,2712,8740,-6028,19432,19393,39,301,4835,-4534,22445,32968,-10523
2007-11-08,2827,11690,-8863,21002,18726,2276,355,5222,-4867,24184,35638,-11454
2007-11-09,3326,11142,-7816,20211,19125,1086,299,5478,-5179,23836,35745,-11909
2007-11-12,2623,14188,-11565,20603,18593,2010,459,5353,-4894,23685,38134,-14449
2007-11-13,2691,13681,-10990,21260,19568,1692,405,5557,-5152,24356,38806,-14450
2007-11-14,3228,11654,-8426,20884,18704,2180,362,5481,-5119,24474,35839,-11365
2007-11-15,2414,12562,-10148,20951,18436,2515,489,5615,-5126,23854,36613,-12759
2007-11-16,1890,12282,-10392,22163,17881,4282,394,5682,-5288,24447,35845,-11398
2007-11-19,1284,14490,-13206,25945,20210,5735,415,5730,-5315,27644,40430,-12786
2007-11-20,1996,15501,-13505,30836,23003,7833,415,6058,-5643,33247,44562,-11315
2007-11-21,2664,19326,-16662,36310,27821,8489,389,5685,-5296,39363,52832,-13469
2007-11-22,2288,3789,-1501,13025,20496,-7471,260,5440,-5180,15573,29725,-14152
2007-11-23,2222,4345,-2123,12887,21125,-8238,300,5630,-5330,15409,31100,-15691
2007-11-26,3346,2955,391,13956,20960,-7004,278,5715,-5437,17580,29630,-12050
2007-11-27,2508,4305,-1797,14283,23318,-9035,283,5506,-5223,17074,33129,-16055
2007-11-28,2537,4498,-1961,13064,21949,-8885,430,5753,-5323,16031,32200,-16169
2007-11-29,2980,3650,-670,14095,19752,-5657,293,6170,-5877,17368,29572,-12204
2007-11-30,3247,4108,-861,17432,19248,-1816,313,5079,-4766,20992,28435,-7443
2007-12-03,3220,3855,-635,16945,18819,-1874,305,5060,-4755,20470,27734,-7264
2007-12-04,3732,3411,321,16835,20554,-3719,324,4984,-4660,20891,28949,-8058
2007-12-05,5083,2688,2395,16122,20093,-3971,172,5132,-4960,21377,27913,-6536
2007-12-06,3994,2877,1117,16218,19558,-3340,172,4335,-4163,20384,26770,-6386
2007-12-07,3707,2867,840,16202,19010,-2808,171,4615,-4444,20080,26492,-6412
2007-12-10,2624,3176,-552,15920,19867,-3947,196,4918,-4722,18740,27961,-9221
2007-12-11,2986,3286,-300,16621,19333,-2712,176,5304,-5128,19783,27923,-8140
2007-12-12,1604,4491,-2887,16443,19951,-3508,243,5297,-5054,18290,29739,-11449
2007-12-13,591,7042,-6451,15739,19963,-4224,278,6027,-5749,16608,33032,-16424
2007-12-14,1019,7975,-6956,16650,17568,-918,266,6370,-6104,17935,31913,-13978
2007-12-17,915,10754,-9839,22174,19297,2877,284,6312,-6028,23373,36363,-12990
2007-12-18,1502,12019,-10517,27069,22496,4573,277,5620,-5343,28848,40135,-11287
2007-12-19,2454,10124,-7670,27674,19823,7851,227,4900,-4673,30355,34847,-4492
2007-12-20,1780,4812,-3032,16073,13231,2842,270,5510,-5240,18123,23553,-5430
2007-12-21,1677,4979,-3302,17180,13624,3556,247,5272,-5025,19104,23875,-4771
2007-12-24,1610,4544,-2934,17723,12942,4781,219,5246,-5027,19552,22732,-3180
2007-12-25,1929,4351,-2422,17806,12972,4834,208,5096,-4888,19943,22419,-2476
2007-12-26,2101,4337,-2236,17902,13125,4777,200,5753,-5553,20203,23215,-3012
2007-12-27,2887,4335,-1448,18716,13253,5463,316,3841,-3525,21919,21429,490
2007-12-28,3298,3512,-214,17824,12116,5708,229,3854,-3625,21351,19482,1869
2007-12-31,4345,2981,1364,17673,13014,4659,233,3741,-3508,22251,19736,2515
2008-01-02,3424,2750,674,18631,14720,3911,215,4557,-4342,22270,22027,243
2008-01-03,3118,3574,-456,19328,17051,2277,281,5580,-5299,22727,26205,-3478
2008-01-04,3663,3749,-86,20478,17585,2893,334,4804,-4470,24475,26138,-1663
2008-01-07,2591,6967,-4376,24237,19639,4598,322,7349,-7027,27150,33955,-6805
2008-01-08,2365,8029,-5664,27563,19684,7879,318,7036,-6718,30246,34749,-4503
2008-01-09,4909,6453,-1544,27060,18926,8134,269,6704,-6435,32238,32083,155
2008-01-10,4025,6319,-2294,25167,16445,8722,270,6323,-6053,29462,29087,375
2008-01-11,3558,5590,-2032,24393,18508,5885,270,6851,-6581,28221,30949,-2728
2008-01-14,4493,5887,-1394,39804,22327,17477,181,6769,-6588,44478,34983,9495
2008-01-15,8647,4180,4467,36877,24981,11896,199,5092,-4893,45723,34253,11470
2008-01-16,5511,4889,622,32344,28982,3362,231,5073,-4842,38086,38944,-858
2008-01-17,4520,3027,1493,19055,23990,-4935,226,7027,-6801,23801,34044,-10243
2008-01-18,5464,2937,2527,18978,22799,-3821,256,6141,-5885,24698,31877,-7179
2008-01-21,4753,3744,1009,18795,21682,-2887,276,5814,-5538,23824,31240,-7416
2008-01-22,4204,7552,-3348,20785,20793,-8,383,6270,-5887,25372,34615,-9243
2008-01-23,4513,8018,-3505,22463,20380,2083,216,7349,-7133,27192,35747,-8555
2008-01-24,4284,7666,-3382,21846,17430,4416,163,6911,-6748,26293,32007,-5714
2008-01-25,5214,6759,-1545,21693,13920,7773,166,6896,-6730,27073,27575,-502
2008-01-28,4376,6918,-2542,21939,15865,6074,215,7372,-7157,26530,30155,-3625
2008-01-29,6092,6664,-572,21086,16567,4519,221,8040,-7819,27399,31271,-3872
2008-01-30,8206,6662,1544,21522,16045,5477,221,8020,-7799,29949,30727,-778
2008-01-31,5451,7314,-1863,23817,16459,7358,222,8468,-8246,29490,32241,-2751
2008-02-01,6373,6961,-588,25089,15271,9818,257,8305,-8048,31719,30537,1182
2008-02-12,4530,7280,-2750,26383,15072,11311,279,8466,-8187,31192,30818,374
2008-02-13,4125,7802,-3677,27657,14518,13139,270,8762,-8492,32052,31082,970
2008-02-14,6624,6374,250,27950,12879,15071,217,7826,-7609,34791,27079,7712
2008-02-15,5987,6165,-178,26613,13938,12675,236,6857,-6621,32836,26960,5876
2008-02-18,5294,5131,163,28068,18701,9367,187,6304,-6117,33549,30136,3413
2008-02-19,6232,4330,1902,28681,20532,8149,228,6486,-6258,35141,31348,3793
2008-02-20,5024,4709,315,26819,20869,5950,286,7036,-6750,32129,32614,-485
2008-02-21,4260,3511,749,24195,14585,9610,276,6843,-6567,28731,24939,3792
2008-02-22,4483,3575,908,25364,15042,10322,293,6586,-6293,30140,25203,4937
2008-02-25,5976,3242,2734,27076,16103,10973,299,6314,-6015,33351,25659,7692
2008-02-26,6138,2822,3316,28246,16141,12105,307,6688,-6381,34691,25651,9040
2008-02-27,5914,2616,3298,31518,16628,14890,225,5811,-5586,37657,25055,12602
2008-02-29,6357,2329,4028,29152,16185,12967,216,5766,-5550,35725,24280,11445
2008-03-03,4385,3560,825,32351,16298,16053,204,5576,-5372,36940,25434,11506
2008-03-04,6204,3691,2513,34518,18575,15943,166,5264,-5098,40888,27530,13358
2008-03-05,7038,4145,2893,33341,20307,13034,167,5597,-5430,40546,30049,10497
2008-03-06,8404,3348,5056,34902,21971,12931,172,5457,-5285,43478,30776,12702
2008-03-07,7123,3242,3881,32442,24239,8203,213,5598,-5385,39778,33079,6699
2008-03-10,5826,4027,1799,30100,25712,4388,239,6464,-6225,36165,36203,-38
2008-03-11,6432,4169,2263,31545,27516,4029,261,6994,-6733,38238,38679,-441
2008-03-12,7439,4071,3368,31728,26915,4813,259,7548,-7289,39426,38534,892
2008-03-13,4068,5224,-1156,33278,28002,5276,261,7375,-7114,37607,40601,-2994
2008-03-14,3301,5000,-1699,32592,26921,5671,301,7644,-7343,36194,39565,-3371
2008-03-17,3127,6224,-3097,31033,24794,6239,290,6565,-6275,34450,37583,-3133
2008-03-18,4032,5524,-1492,27610,24550,3060,284,6493,-6209,31926,36567,-4641
2008-03-19,6030,3984,2046,28033,27647,386,302,6617,-6315,34365,38248,-3883
2008-03-20,4877,2990,1887,21294,21520,-226,291,4897,-4606,26462,29407,-2945
2008-03-21,5166,2806,2360,22248,24019,-1771,405,4563,-4158,27819,31388,-3569
2008-03-24,7181,2902,4279,26106,30436,-4330,423,6835,-6412,33710,40173,-6463
2008-03-25,8286,2909,5377,26074,36257,-10183,421,6136,-5715,34781,45302,-10521
2008-03-26,7468,3558,3910,24274,36465,-12191,486,5459,-4973,32228,45482,-13254
2008-03-27,7611,3858,3753,21841,41209,-19368,491,4849,-4358,29943,49916,-19973
2008-03-28,7289,4245,3044,22517,40854,-18337,404,4845,-4441,30210,49944,-19734
2008-03-31,6502,3649,2853,22866,40551,-17685,429,4171,-3742,29797,48371,-18574
2008-04-01,4790,3321,1469,23468,40912,-17444,357,4086,-3729,28615,48319,-19704
2008-04-02,5652,2949,2703,28140,40002,-11862,379,4093,-3714,34171,47044,-12873
2008-04-03,4751,2849,1902,29051,39450,-10399,389,3740,-3351,34191,46039,-11848
2008-04-07,6174,2853,3321,28953,39200,-10247,373,3619,-3246,35500,45672,-10172
2008-04-08,5970,2747,3223,28497,38027,-9530,388,3741,-3353,34855,44515,-9660
2008-04-09,5381,3136,2245,30570,36806,-6236,374,4178,-3804,36325,44120,-7795
2008-04-10,6994,3135,3859,30800,37000,-6200,378,4223,-3845,38172,44358,-6186
2008-04-11,7769,3405,4364,32141,35697,-3556,410,3853,-3443,40320,42955,-2635
2008-04-14,7949,3138,4811,34686,38953,-4267,448,4392,-3944,43083,46483,-3400
2008-04-15,8643,2876,5767,31234,36600,-5366,451,4200,-3749,40328,43676,-3348
2008-04-16,12017,2784,9233,35603,40919,-5316,408,4088,-3680,48028,47791,237
2008-04-17,5866,2131,3735,29920,32075,-2155,369,3350,-2981,36155,37556,-1401
2008-04-18,6934,2142,4792,28820,32582,-3762,372,3342,-2970,36126,38066,-1940
2008-04-21,6850,2769,4081,29147,35186,-6039,374,3328,-2954,36371,41283,-4912
2008-04-22,6660,3331,3329,28689,35871,-7182,261,3253,-2992,35610,42455,-6845
2008-04-23,6968,3286,3682,28352,39027,-10675,280,3454,-3174,35600,45767,-10167
2008-04-24,6060,3021,3039,29542,38203,-8661,288,3345,-3057,35890,44569,-8679
2008-04-25,6784,3760,3024,29788,38016,-8228,236,3543,-3307,36808,45319,-8511
2008-04-28,9091,4275,4816,30473,36881,-6408,240,3559,-3319,39804,44715,-4911
2008-04-29,7462,4715,2747,29985,39049,-9064,272,3864,-3592,37719,47628,-9909
2008-04-30,7121,4678,2443,30623,39417,-8794,280,4184,-3904,38024,48279,-10255
2008-05-02,7994,4086,3908,31780,39355,-7575,361,4166,-3805,40135,47607,-7472
2008-05-05,4883,5344,-461,31216,40588,-9372,581,4191,-3610,36680,50123,-13443
2008-05-06,5373,5232,141,30213,41304,-11091,631,4961,-4330,36217,51497,-15280
2008-05-07,5832,4538,1294,30474,40169,-9695,754,4847,-4093,37060,49554,-12494
2008-05-08,5066,4421,645,27884,39258,-11374,881,5317,-4436,33831,48996,-15165
2008-05-09,2237,5103,-2866,27369,38235,-10866,910,5458,-4548,30516,48796,-18280
2008-05-12,3707,4321,-614,27499,37143,-9644,891,5720,-4829,32097,47184,-15087
2008-05-13,6610,4319,2291,28163,36042,-7879,926,4460,-3534,35699,44821,-9122
2008-05-14,7297,4461,2836,28138,36250,-8112,1026,4002,-2976,36461,44713,-8252
2008-05-15,9402,4509,4893,31287,38837,-7550,977,3848,-2871,41666,47194,-5528
2008-05-16,8968,4579,4389,31883,40543,-8660,1268,3567,-2299,42119,48689,-6570
2008-05-19,10532,5071,5461,30367,42904,-12537,1257,3800,-2543,42156,51775,-9619
2008-05-20,5114,5460,-346,34277,51290,-17013,1351,4550,-3199,40742,61300,-20558
2008-05-21,4856,5851,-995,32623,49851,-17228,746,4536,-3790,38225,60238,-22013
2008-05-22,3234,5414,-2180,23909,37654,-13745,714,4185,-3471,27857,47253,-19396
2008-05-23,2924,7548,-4624,22548,37485,-14937,793,4542,-3749,26265,49575,-23310
2008-05-26,3068,8322,-5254,21473,37100,-15627,801,4541,-3740,25342,49963,-24621
2008-05-27,4028,8679,-4651,21297,37208,-15911,897,4150,-3253,26222,50037,-23815
2008-05-28,3454,9373,-5919,20450,33669,-13219,981,5501,-4520,24885,48543,-23658
2008-05-29,3955,8739,-4784,20333,33014,-12681,970,5610,-4640,25258,47363,-22105
2008-05-30,4168,10045,-5877,22148,32917,-10769,976,6461,-5485,27292,49423,-22131
2008-06-02,4974,9762,-4788,22214,32785,-10571,983,6452,-5469,28171,48999,-20828
2008-06-03,4358,11444,-7086,21913,32425,-10512,983,6406,-5423,27254,50275,-23021
2008-06-04,4696,11666,-6970,23208,32763,-9555,957,6081,-5124,28861,50510,-21649
2008-06-05,5296,10470,-5174,22776,31508,-8732,927,5480,-4553,28999,47458,-18459
2008-06-06,5300,10119,-4819,23582,31478,-7896,983,6250,-5267,29865,47847,-17982
2008-06-09,3259,11559,-8300,23383,30797,-7414,1035,6342,-5307,27677,48698,-21021
2008-06-10,2527,12483,-9956,22631,27330,-4699,977,6752,-5775,26135,46565,-20430
2008-06-11,2195,13366,-11171,23861,26854,-2993,1040,6579,-5539,27096,46799,-19703
2008-06-12,2654,14408,-11754,25212,27769,-2557,1044,6838,-5794,28910,49015,-20105
2008-06-13,2316,14926,-12610,26693,25868,825,914,6474,-5560,29923,47268,-17345
2008-06-16,2155,13199,-11044,29416,27113,2303,895,6269,-5374,32466,46581,-14115
2008-06-17,2309,13238,-10929,36287,34386,1901,975,6804,-5829,39571,54428,-14857
2008-06-18,2516,15087,-12571,37802,32578,5224,923,6421,-5498,41241,54086,-12845
2008-06-19,1492,7918,-6426,20578,23867,-3289,664,7069,-6405,22734,38854,-16120
2008-06-20,1564,8222,-6658,20991,23283,-2292,627,7214,-6587,23182,38719,-15537
2008-06-23,2257,8950,-6693,20852,23797,-2945,498,6398,-5900,23607,39145,-15538
2008-06-24,2594,9278,-6684,21937,24250,-2313,580,7181,-6601,25111,40709,-15598
2008-06-25,3497,8585,-5088,22241,27695,-5454,703,6788,-6085,26441,43068,-16627
2008-06-26,3249,8944,-5695,22571,26316,-3745,588,5997,-5409,26408,41257,-14849
2008-06-27,3374,11149,-7775,25714,24521,1193,552,6269,-5717,29640,41939,-12299
2008-06-30,3047,10829,-7782,25665,26348,-683,702,6524,-5822,29414,43701,-14287
2008-07-01,2369,11773,-9404,26524,29541,-3017,937,6435,-5498,29830,47749,-17919
2008-07-02,2401,11148,-8747,25326,30390,-5064,1028,6497,-5469,28755,48035,-19280
2008-07-03,3099,11489,-8390,25746,30209,-4463,897,6226,-5329,29742,47924,-18182
2008-07-04,2484,11983,-9499,25633,28131,-2498,903,6192,-5289,29020,46306,-17286
2008-07-07,3715,11513,-7798,26703,27833,-1130,945,6577,-5632,31363,45923,-14560
2008-07-08,2934,16208,-13274,28871,23451,5420,933,6510,-5577,32738,46169,-13431
2008-07-09,2685,16092,-13407,29602,24209,5393,1015,6655,-5640,33302,46956,-13654
2008-07-10,2092,17045,-14953,29888,23727,6161,1019,6555,-5536,32999,47327,-14328
2008-07-11,3033,15983,-12950,30012,25703,4309,1710,5598,-3888,34755,47284,-12529
2008-07-14,2708,12600,-9892,30882,33803,-2921,2231,5529,-3298,35821,51932,-16111
2008-07-15,2216,13158,-10942,41407,42187,-780,2892,5918,-3026,46515,61263,-14748
2008-07-16,2385,17675,-15290,50870,48996,1874,2198,6250,-4052,55453,72921,-17468
2008-07-17,3390,8083,-4693,26891,29629,-2738,2920,6149,-3229,33201,43861,-10660
2008-07-18,2896,9725,-6829,27635,26067,1568,2951,6617,-3666,33482,42409,-8927
2008-07-21,3668,8171,-4503,28841,28976,-135,2573,6191,-3618,35082,43338,-8256
2008-07-22,3940,8539,-4599,27886,29201,-1315,2482,5977,-3495,34308,43717,-9409
2008-07-23,5061,7015,-1954,25885,30244,-4359,2618,5396,-2778,33564,42655,-9091
2008-07-24,6468,6735,-267,25187,27438,-2251,2919,5221,-2302,34574,39394,-4820
2008-07-25,5401,7546,-2145,24609,28512,-3903,2792,5613,-2821,32802,41671,-8869
2008-07-29,3398,8635,-5237,25392,26966,-1574,2608,6125,-3517,31398,41726,-10328
2008-07-30,2931,7191,-4260,25834,26675,-841,2311,5927,-3616,31076,39793,-8717
2008-07-31,2476,8464,-5988,29245,27260,1985,2192,6409,-4217,33913,42133,-8220
2008-08-01,2496,8617,-6121,28425,28542,-117,2197,6250,-4053,33118,43409,-10291
2008-08-04,2751,8399,-5648,27654,27647,7,2364,6712,-4348,32769,42758,-9989
2008-08-05,2189,9279,-7090,27810,30404,-2594,2430,7007,-4577,32429,46690,-14261
2008-08-06,3082,8669,-5587,27601,29416,-1815,2413,6705,-4292,33096,44790,-11694
2008-08-07,3007,8757,-5750,28060,29799,-1739,2815,6332,-3517,33882,44888,-11006
2008-08-08,4080,8257,-4177,26316,29471,-3155,2809,5312,-2503,33205,43040,-9835
2008-08-11,3908,8369,-4461,25901,27390,-1489,3017,5129,-2112,32826,40888,-8062
2008-08-12,4260,8507,-4247,25133,27284,-2151,2898,4971,-2073,32291,40762,-8471
2008-08-13,4644,8551,-3907,23739,29058,-5319,2753,4720,-1967,31136,42329,-11193
2008-08-14,4934,7878,-2944,24002,29856,-5854,2835,4834,-1999,31771,42568,-10797
2008-08-15,2455,8444,-5989,23587,29195,-5608,2713,4868,-2155,28755,42507,-13752
2008-08-18,1536,9114,-7578,22372,27453,-5081,2827,5911,-3084,26735,42478,-15743
2008-08-19,2280,10724,-8444,29128,29814,-686,2850,6553,-3703,34258,47091,-12833
2008-08-20,2105,9988,-7883,30668,30085,583,2777,6962,-4185,35550,47035,-11485
2008-08-21,1541,9163,-7622,22151,20058,2093,2920,7020,-4100,26612,36241,-9629
2008-08-22,1387,9230,-7843,22641,20659,1982,3039,9040,-6001,27067,38929,-11862
2008-08-25,1810,8561,-6751,22839,20838,2001,2834,8628,-5794,27483,38027,-10544
2008-08-26,1214,8343,-7129,23296,20828,2468,2797,8789,-5992,27307,37960,-10653
2008-08-27,1386,6813,-5427,21995,21225,770,2821,8583,-5762,26202,36621,-10419
2008-08-28,1191,7042,-5851,21412,22261,-849,2816,8642,-5826,25419,37945,-12526
2008-08-29,1774,6720,-4946,21201,21861,-660,2563,9005,-6442,25538,37586,-12048
2008-09-01,1540,9008,-7468,22389,23476,-1087,2647,9376,-6729,26576,41860,-15284
2008-09-02,1505,9766,-8261,25181,22454,2727,2657,11741,-9084,29343,43961,-14618
2008-09-03,1077,9869,-8792,25732,22875,2857,2493,11903,-9410,29302,44647,-15345
2008-09-04,1719,9009,-7290,23921,22777,1144,2483,12277,-9794,28123,44063,-15940
2008-09-05,2277,10860,-8583,26464,23495,2969,2493,12132,-9639,31234,46487,-15253
2008-09-08,3659,7813,-4154,29462,25146,4316,2477,11782,-9305,35598,44741,-9143
2008-09-09,2996,10189,-7193,29063,21706,7357,2592,11654,-9062,34651,43549,-8898
2008-09-10,2544,8577,-6033,27803,25188,2615,2652,11534,-8882,32999,45299,-12300
2008-09-11,3393,11212,-7819,28744,21531,7213,2657,10550,-7893,34794,43293,-8499
2008-09-12,2978,10697,-7719,29485,21347,8138,2632,11413,-8781,35095,43457,-8362
2008-09-15,2814,12297,-9483,30933,19424,11509,2866,10057,-7191,36613,41778,-5165
2008-09-16,3016,17081,-14065,41438,26144,15294,2688,7831,-5143,47142,51056,-3914
2008-09-17,3697,17763,-14066,43102,26370,16732,2667,9011,-6344,49466,53144,-3678
2008-09-18,4551,8323,-3772,22715,19322,3393,2656,9816,-7160,29922,37461,-7539
2008-09-19,6571,6868,-297,25359,20296,5063,2376,10126,-7750,34306,37290,-2984
2008-09-22,5917,8015,-2098,28608,19483,9125,2256,8209,-5953,36781,35707,1074
2008-09-23,5985,7817,-1832,26404,21325,5079,2327,7248,-4921,34716,36390,-1674
2008-09-24,5913,9000,-3087,26722,20330,6392,2823,7073,-4250,35458,36403,-945
2008-09-25,5630,9256,-3626,24499,19062,5437,3275,7082,-3807,33404,35400,-1996
2008-09-26,5675,9306,-3631,25417,18308,7109,2305,9943,-7638,33397,37557,-4160
2008-09-30,5725,9238,-3513,30895,18975,11920,2095,13160,-11065,38715,41373,-2658
2008-10-01,7166,9833,-2667,34279,18692,15587,2137,14357,-12220,43582,42882,700
2008-10-02,7484,10012,-2528,35729,18439,17290,2060,17199,-15139,45273,45650,-377
2008-10-03,7988,8305,-317,33969,19425,14544,2265,17931,-15666,44222,45661,-1439
2008-10-06,7223,9162,-1939,36464,19809,16655,2257,17724,-15467,45944,46695,-751
2008-10-07,6849,8977,-2128,37080,20559,16521,2304,17591,-15287,46233,47127,-894
2008-10-08,6854,10154,-3300,38621,20625,17996,2303,18351,-16048,47778,49130,-1352
2008-10-09,6099,8004,-1905,39844,21840,18004,2291,18215,-15924,48234,48059,175
2008-10-13,7867,8696,-829,43786,24542,19244,2409,19219,-16810,54062,52457,1605
2008-10-14,13112,9195,3917,41912,26357,15555,2780,17827,-15047,57804,53379,4425
2008-10-15,6428,6419,9,41676,27178,14498,3010,17351,-14341,51114,50948,166
2008-10-16,3335,5194,-1859,29720,17059,12661,2854,15012,-12158,35909,37265,-1356
2008-10-17,3778,6261,-2483,32513,16900,15613,2237,20657,-18420,38528,43818,-5290
2008-10-20,4362,5768,-1406,38777,17827,20950,2328,23054,-20726,45467,46649,-1182
2008-10-21,4480,6061,-1581,42869,18317,24552,2334,22678,-20344,49683,47056,2627
2008-10-22,4302,6187,-1885,43427,18669,24758,2188,24159,-21971,49917,49015,902
2008-10-23,3963,6596,-2633,45226,18083,27143,711,24976,-24265,49900,49655,245
2008-10-24,3947,7486,-3539,46781,18456,28325,752,26984,-26232,51480,52926,-1446
2008-10-27,3098,8799,-5701,50756,17779,32977,886,27283,-26397,54740,53861,879
2008-10-28,3593,9753,-6160,51159,18639,32520,1141,21254,-20113,55893,49646,6247
2008-10-29,2652,10620,-7968,51738,19078,32660,1254,20524,-19270,55644,50222,5422
2008-10-30,2842,10196,-7354,48944,18660,30284,2446,13798,-11352,54232,42654,11578
2008-10-31,3300,11451,-8151,48061,19168,28893,2752,11692,-8940,54113,42311,11802
2008-11-03,3064,10970,-7906,47106,18830,28276,3109,11123,-8014,53279,40923,12356
2008-11-04,3825,11008,-7183,45771,19189,26582,3280,10897,-7617,52876,41094,11782
2008-11-05,5230,11213,-5983,46883,19091,27792,2479,15539,-13060,54592,45843,8749
2008-11-06,5457,11810,-6353,51951,19997,31954,2244,22496,-20252,59652,54303,5349
2008-11-07,5510,11091,-5581,56450,19050,37400,1385,26195,-24810,63345,56336,7009
2008-11-10,5836,10874,-5038,59007,20020,38987,1196,26449,-25253,66039,57343,8696
2008-11-11,5642,11763,-6121,61065,19461,41604,1206,26544,-25338,67913,57768,10145
2008-11-12,5671,11539,-5868,61731,20119,41612,1289,28265,-26976,68691,59923,8768
2008-11-13,5615,12650,-7035,63482,19738,43744,1452,29092,-27640,70549,61480,9069
2008-11-14,6108,13689,-7581,65990,21447,44543,1420,30855,-29435,73518,65991,7527
2008-11-17,5944,13310,-7366,66755,21514,45241,1400,30995,-29595,74099,65819,8280
2008-11-18,5086,13299,-8213,66720,19719,47001,1373,32071,-30698,73179,65089,8090
2008-11-19,5583,13782,-8199,69351,19828,49523,1583,33252,-31669,76517,66862,9655
2008-11-20,5057,4890,167,52981,11569,41412,1149,34592,-33443,59187,51051,8136
2008-11-21,4239,4870,-631,53941,12080,41861,1143,33089,-31946,59323,50039,9284
2008-11-24,3961,5118,-1157,55071,11739,43332,1183,33058,-31875,60215,49915,10300
2008-11-25,4973,5341,-368,55287,12257,43030,1243,34218,-32975,61503,51816,9687
2008-11-26,4300,5358,-1058,57401,12225,45176,1308,34485,-33177,63009,52068,10941
2008-11-27,3370,6820,-3450,53940,13074,40866,1383,28815,-27432,58693,48709,9984
2008-11-28,3614,7905,-4291,54991,13787,41204,1483,26208,-24725,60088,47900,12188
2008-12-01,2915,8903,-5988,49705,15236,34469,1489,12652,-11163,54109,36791,17318
2008-12-02,3786,7362,-3576,51258,14860,36398,1395,22696,-21301,56439,44918,11521
2008-12-03,4275,7992,-3717,53314,14115,39199,1236,25519,-24283,58825,47626,11199
2008-12-04,4870,7964,-3094,54655,14167,40488,1152,26247,-25095,60677,48378,12299
2008-12-05,4590,7842,-3252,55307,14067,41240,1154,26045,-24891,61051,47954,13097
2008-12-08,5262,6801,-1539,54533,14838,39695,1199,24617,-23418,60994,46256,14738
2008-12-09,4780,7931,-3151,50193,16450,33743,1127,20172,-19045,56100,44553,11547
2008-12-10,4268,8842,-4574,49305,18001,31304,1064,16676,-15612,54637,43519,11118
2008-12-11,5002,8790,-3788,44009,17606,26403,869,14895,-14026,49880,41291,8589
2008-12-12,4534,9677,-5143,43606,17779,25827,742,11376,-10634,48882,38832,10050
2008-12-15,4591,10522,-5931,41587,19433,22154,829,9747,-8918,47007,39702,7305
2008-12-16,5333,10584,-5251,41611,21957,19654,792,9367,-8575,47736,41908,5828
2008-12-17,6356,9594,-3238,46721,28437,18284,1029,10129,-9100,54106,48160,5946
2008-12-18,3949,4690,-741,30351,18324,12027,1059,8690,-7631,35359,31704,3655
2008-12-19,3890,4757,-867,30796,17657,13139,1221,8658,-7437,35907,31072,4835
2008-12-22,3967,4745,-778,29786,17488,12298,821,9986,-9165,34574,32219,2355
2008-12-23,4483,4717,-234,29278,17153,12125,1036,12177,-11141,34797,34047,750
2008-12-24,4279,5329,-1050,30633,16794,13839,1232,11587,-10355,36144,33710,2434
2008-12-25,4134,5056,-922,30532,16864,13668,1252,11598,-10346,35918,33518,2400
2008-12-26,4273,4753,-480,30524,17082,13442,2020,12075,-10055,36817,33910,2907
2008-12-29,4240,5317,-1077,30502,15994,14508,2016,11637,-9621,36758,32948,3810
2008-12-30,4438,4482,-44,29841,17706,12135,1345,11303,-9958,35624,33491,2133
2008-12-31,4754,3932,822,28292,15232,13060,923,16923,-16000,33969,36087,-2118
2009-01-05,6826,3730,3096,28669,17234,11435,1034,15408,-14374,36529,36372,157
2009-01-06,7342,4244,3098,29254,16960,12294,1337,14736,-13399,37933,35940,1993
2009-01-07,7713,4381,3332,30539,15718,14821,1369,14138,-12769,39621,34237,5384
2009-01-08,6642,4421,2221,31710,16701,15009,1296,15385,-14089,39648,36507,3141
2009-01-09,6906,4964,1942,34605,16303,18302,1346,18695,-17349,42857,39962,2895
2009-01-10,6420,5768,652,36493,16483,20010,1427,18945,-17518,44340,41196,3144
2009-01-12,6850,6361,489,38841,17755,21086,1521,20142,-18621,47212,44258,2954
2009-01-13,8207,6414,1793,39139,18306,20833,1681,19633,-17952,49027,44353,4674
2009-01-14,7021,6208,813,39852,18610,21242,1695,19603,-17908,48568,44421,4147
2009-01-15,6860,7043,-183,47082,20712,26370,1531,22022,-20491,55473,49777,5696
2009-01-16,6246,6818,-572,51101,19781,31320,1631,23686,-22055,58978,50285,8693
2009-01-17,6432,6457,-25,52260,20187,32073,1618,23062,-21444,60310,49706,10604
2009-01-19,6176,6430,-254,50119,18978,31141,1621,22182,-20561,57916,47590,10326
2009-01-20,5077,7233,-2156,51415,19080,32335,1833,23411,-21578,58325,49724,8601
2009-01-21,4037,4112,-75,46123,11917,34206,1293,23341,-22048,51453,39370,12083
2009-02-02,4997,4809,188,47859,12173,35686,1113,22762,-21649,53969,39744,14225
2009-02-03,6315,4911,1404,48108,13205,34903,1182,22714,-21532,55605,40830,14775
2009-02-04,6339,5399,940,48663,13041,35622,1699,22711,-21012,56701,41151,15550
2009-02-05,5649,5779,-130,50101,12923,37178,1636,22872,-21236,57386,41574,15812
2009-02-06,6933,6035,898,49983,13394,36589,1637,22643,-21006,58553,42072,16481
2009-02-09,6800,6826,-26,51963,14594,37369,1753,22714,-20961,60516,44134,16382
2009-02-10,7398,7167,231,53182,13921,39261,1805,22490,-20685,62385,43578,18807
2009-02-11,7796,7416,380,54657,14804,39853,1438,21666,-20228,63891,43886,20005
2009-02-12,6051,7455,-1404,58529,16750,41779,1350,22138,-20788,65930,46343,19587
2009-02-13,7125,7250,-125,62609,19507,43102,1449,22534,-21085,71183,49291,21892
2009-02-16,6841,6379,462,64932,22711,42221,1719,22272,-20553,73492,51362,22130
2009-02-17,5602,7314,-1712,69195,25867,43328,1944,22568,-20624,76741,55749,20992
2009-02-18,3376,6988,-3612,57600,16494,41106,1306,20333,-19027,62282,43815,18467
2009-02-19,4114,6093,-1979,58120,16527,41593,1372,20671,-19299,63606,43291,20315
2009-02-20,3608,7078,-3470,58627,16707,41920,1379,21057,-19678,63614,44842,18772
2009-02-23,4261,7876,-3615,59697,16081,43616,1148,22461,-21313,65106,46418,18688
2009-02-24,4413,8452,-4039,58372,16656,41716,1321,23104,-21783,64106,48212,15894
2009-02-25,5277,7920,-2643,58788,17365,41423,1231,23159,-21928,65296,48444,16852
2009-02-26,4785,7125,-2340,59264,18236,41028,1242,22896,-21654,65291,48257,17034
2009-02-27,5440,7385,-1945,60663,18261,42402,1308,22301,-20993,67411,47947,19464
2009-03-02,4481,7341,-2860,57132,17442,39690,1456,21643,-20187,63069,46426,16643
2009-03-03,5845,7355,-1510,58386,16181,42205,1588,23811,-22223,65819,47347,18472
2009-03-04,8470,7801,669,60682,18788,41894,1684,23319,-21635,70836,49908,20928
2009-03-05,9232,8060,1172,61352,21109,40243,1734,21951,-20217,72318,51120,21198
2009-03-06,10191,9442,749,63415,20767,42648,1826,22215,-20389,75432,52424,23008
2009-03-09,8501,8819,-318,62237,21742,40495,2073,21885,-19812,72811,52446,20365
2009-03-10,9168,8742,426,61640,21622,40018,2040,22076,-20036,72848,52440,20408
2009-03-11,9164,8834,330,62412,23582,38830,1791,20825,-19034,73367,53241,20126
2009-03-12,9030,8011,1019,61477,23742,37735,1812,20332,-18520,72319,52085,20234
2009-03-13,12496,6472,6024,60856,27607,33249,1692,18474,-16782,75044,52553,22491
2009-03-16,14244,6207,8037,60667,32440,28227,1666,17720,-16054,76577,56367,20210
2009-03-17,15381,6368,9013,58317,32947,25370,1807,17828,-16021,75505,57143,18362
2009-03-18,5009,4449,560,40438,10908,29530,1383,15738,-14355,46830,31095,15735
2009-03-19,5969,5027,942,40770,11085,29685,1361,16579,-15218,48100,32691,15409
2009-03-20,6019,4492,1527,40856,11297,29559,1394,17273,-15879,48269,33062,15207
2009-03-23,7366,3807,3559,40581,12546,28035,1527,16416,-14889,49474,32769,16705
2009-03-24,7726,4335,3391,38130,11477,26653,1520,14472,-12952,47376,30284,17092
2009-03-25,9257,5091,4166,33604,11574,22030,1428,12664,-11236,44289,29329,14960
2009-03-26,9456,4522,4934,30556,11252,19304,1380,11114,-9734,41392,26888,14504
2009-03-27,8711,5692,3019,28908,9514,19394,1168,11213,-10045,38787,26419,12368
2009-03-30,7396,5341,2055,28031,9122,18909,1210,10971,-9761,36637,25434,11203
2009-03-31,7021,5576,1445,28931,9799,19132,1242,10852,-9610,37194,26227,10967
2009-04-01,8372,4991,3381,28734,10135,18599,1172,10783,-9611,38278,25909,12369
2009-04-02,11582,5180,6402,31421,12930,18491,1208,10516,-9308,44211,28626,15585
2009-04-03,11120,5344,5776,30474,13359,17115,1196,10962,-9766,42790,29665,13125
2009-04-06,10989,4743,6246,30432,13530,16902,1082,11211,-10129,42503,29484,13019
2009-04-07,11335,4336,6999,31776,14019,17757,1133,10864,-9731,44244,29219,15025
2009-04-08,8933,5088,3845,31453,13409,18044,1192,9765,-8573,41578,28262,13316
2009-04-09,11541,4529,7012,33972,15767,18205,1432,8849,-7417,46945,29145,17800
2009-04-10,12600,5337,7263,34260,18091,16169,1438,8202,-6764,48298,31630,16668
2009-04-13,13691,5322,8369,33383,18522,14861,1438,6715,-5277,48512,30559,17953
2009-04-14,15835,6548,9287,34151,23779,10372,1175,5779,-4604,51161,36106,15055
2009-04-15,4785,4538,247,29338,13367,15971,1018,3922,-2904,35141,21827,13314
2009-04-16,6130,4762,1368,26904,14418,12486,1097,4213,-3116,34131,23393,10738
2009-04-17,4327,5493,-1166,28256,14689,13567,1074,5074,-4000,33657,25256,8401
2009-04-20,4433,6329,-1896,30462,16614,13848,1052,4989,-3937,35947,27932,8015
2009-04-21,6335,6486,-151,30531,19762,10769,983,4710,-3727,37849,30958,6891
2009-04-22,5916,6435,-519,30386,18172,12214,968,4703,-3735,37270,29310,7960
2009-04-23,6579,5431,1148,31754,17301,14453,968,4534,-3566,39301,27266,12035
2009-04-24,6638,4817,1821,30809,18382,12427,968,5003,-4035,38415,28202,10213
2009-04-27,6306,6107,199,30936,21017,9919,968,5582,-4614,38210,32706,5504
2009-04-28,4899,7034,-2135,31995,20713,11282,983,7208,-6225,37877,34955,2922
2009-04-29,5599,7738,-2139,31913,21326,10587,971,6474,-5503,38483,35538,2945
2009-04-30,8604,6600,2004,33377,21941,11436,934,5018,-4084,42915,33559,9356
2009-05-04,10739,7300,3439,33834,22520,11314,1144,3695,-2551,45717,33515,12202
2009-05-05,13220,6616,6604,31807,29543,2264,1267,3618,-2351,46294,39777,6517
2009-05-06,13874,6555,7319,30141,32012,-1871,1183,3264,-2081,45198,41831,3367
2009-05-07,13643,5420,8223,28702,28927,-225,1057,3691,-2634,43402,38038,5364
2009-05-08,15336,6285,9051,27394,29999,-2605,1339,3388,-2049,44069,39672,4397
2009-05-11,16293,6642,9651,28590,29247,-657,1536,3207,-1671,46419,39096,7323
2009-05-12,14720,7186,7534,27513,31658,-4145,1460,2864,-1404,43693,41708,1985
2009-05-13,13469,9082,4387,28317,32071,-3754,1632,2603,-971,43418,43756,-338
2009-05-14,12055,9666,2389,28869,31940,-3071,1429,3789,-2360,42353,45395,-3042
2009-05-15,13305,8579,4726,29909,30319,-410,1439,3548,-2109,44653,42446,2207
2009-05-18,13975,8530,5445,31965,28875,3090,1266,3071,-1805,47206,40476,6730
2009-05-19,13771,9387,4384,31041,30609,432,1061,2674,-1613,45873,42670,3203
2009-05-20,5130,4992,138,20763,16213,4550,967,2338,-1371,26860,23543,3317
2009-05-21,4405,4395,10,21145,15843,5302,1072,2267,-1195,26622,22505,4117
2009-05-22,4860,3839,1021,22106,15936,6170,1052,2311,-1259,28018,22086,5932
2009-05-25,4355,4097,258,22439,16365,6074,1031,2089,-1058,27825,22551,5274
2009-05-26,3743,4125,-382,23115,16515,6600,1142,2190,-1048,28000,22830,5170
2009-05-27,4474,3946,528,24686,16582,8104,1238,1832,-594,30398,22360,8038
2009-06-01,5460,3613,1847,24207,17789,6418,1374,1775,-401,31041,23177,7864
2009-06-02,5811,3783,2028,23730,20658,3072,1309,1754,-445,30850,26195,4655
2009-06-03,6439,4166,2273,22905,21293,1612,1219,2076,-857,30563,27535,3028
2009-06-04,6670,5281,1389,21508,24373,-2865,1334,2154,-820,29512,31808,-2296
2009-06-05,6344,4834,1510,21492,23981,-2489,1321,2148,-827,29157,30963,-1806
2009-06-06,7638,4674,2964,21550,24052,-2502,1297,2090,-793,30485,30816,-331
2009-06-08,6932,6102,830,21504,24535,-3031,1079,2458,-1379,29515,33095,-3580
2009-06-09,8434,7368,1066,21032,28132,-7100,1167,2836,-1669,30633,38336,-7703
2009-06-10,7809,7046,763,21401,27967,-6566,1120,2929,-1809,30330,37942,-7612
2009-06-11,7462,6508,954,21192,26817,-5625,1248,2681,-1433,29902,36006,-6104
2009-06-12,7680,8294,-614,22809,25294,-2485,1225,3018,-1793,31714,36606,-4892
2009-06-15,9192,10999,-1807,27855,27828,27,1184,3731,-2547,38231,42558,-4327
2009-06-16,9205,10498,-1293,33135,33272,-137,1166,4393,-3227,43506,48163,-4657
2009-06-17,4329,7584,-3255,22994,20399,2595,1080,4639,-3559,28403,32622,-4219
2009-06-18,5084,8031,-2947,23868,21652,2216,1160,5208,-4048,30112,34891,-4779
2009-06-19,4686,7606,-2920,24069,21703,2366,1373,4807,-3434,30128,34116,-3988
2009-06-22,5160,6401,-1241,23829,20971,2858,1423,4902,-3479,30412,32274,-1862
2009-06-23,4858,7814,-2956,25789,20865,4924,1486,5225,-3739,32133,33904,-1771
2009-06-24,5508,7473,-1965,24914,22905,2009,1481,4262,-2781,31903,34640,-2737
2009-06-25,6291,7697,-1406,25304,21613,3691,1250,4533,-3283,32845,33843,-998
2009-06-26,6343,7440,-1097,25461,21444,4017,1245,4235,-2990,33049,33119,-70
2009-06-29,6425,7898,-1473,26822,21862,4960,1212,4168,-2956,34459,33928,531
2009-06-30,6048,7857,-1809,27268,21846,5422,1212,4437,-3225,34528,34140,388
2009-07-01,7559,8749,-1190,28364,22495,5869,1200,3846,-2646,37123,35090,2033
2009-07-02,8355,8430,-75,27755,22804,4951,1206,3239,-2033,37316,34473,2843
2009-07-03,8512,8522,-10,27119,22939,4180,1239,3496,-2257,36870,34957,1913
2009-07-06,7975,8256,-281,28055,23173,4882,1305,2765,-1460,37335,34194,3141
2009-07-07,8375,8150,225,27298,23110,4188,1348,2621,-1273,37021,33881,3140
2009-07-08,8580,7544,1036,25027,22490,2537,1343,3227,-1884,34950,33261,1689
2009-07-09,10743,7920,2823,25812,26719,-907,1341,3166,-1825,37896,37805,91
2009-07-10,11054,7813,3241,26871,26038,833,1387,3017,-1630,39312,36868,2444
2009-07-13,8073,7772,301,28993,29459,-466,1406,4293,-2887,38472,41524,-3052
2009-07-14,7986,7445,541,31313,30789,524,1912,3381,-1469,41211,41615,-404
2009-07-15,3606,6354,-2748,25037,21636,3401,1888,2421,-533,30531,30411,120
2009-07-16,4513,7215,-2702,24601,21231,3370,1872,2602,-730,30986,31048,-62
2009-07-17,4951,8270,-3319,25430,21342,4088,1884,2506,-622,32265,32118,147
2009-07-20,5148,8458,-3310,26742,22278,4464,1871,2418,-547,33761,33154,607
2009-07-21,5334,8976,-3642,27768,21451,6317,1909,2573,-664,35011,33000,2011
2009-07-22,5470,8965,-3495,27317,20701,6616,1924,2650,-726,34711,32316,2395
2009-07-23,5440,9047,-3607,27216,20365,6851,1974,2725,-751,34630,32137,2493
2009-07-24,5391,9519,-4128,26871,20957,5914,1980,2652,-672,34242,33128,1114
2009-07-27,5797,9510,-3713,26700,20154,6546,1981,2534,-553,34478,32198,2280
2009-07-28,6825,8733,-1908,27732,19328,8404,1986,2508,-522,36543,30569,5974
2009-07-29,5995,9357,-3362,26689,20504,6185,2014,2400,-386,34698,32261,2437
2009-07-30,5568,9289,-3721,26138,21033,5105,2034,2297,-263,33740,32619,1121
2009-07-31,5513,8514,-3001,26371,21293,5078,2226,2008,218,34110,31815,2295
2009-08-03,6426,7532,-1106,26279,24221,2058,2282,2052,230,34987,33805,1182
2009-08-04,4991,7967,-2976,28416,23906,4510,2279,2273,6,35686,34146,1540
2009-08-05,4768,8915,-4147,29947,23710,6237,2334,2233,101,37049,34858,2191
2009-08-06,4067,7394,-3327,30333,23965,6368,2365,2333,32,36765,33692,3073
2009-08-10,5032,7209,-2177,30306,23856,6450,2370,2241,129,37708,33306,4402
2009-08-11,4957,5482,-525,30927,23938,6989,2436,2224,212,38320,31644,6676
2009-08-12,4699,5717,-1018,29280,22818,6462,2443,2002,441,36422,30537,5885
2009-08-13,5934,4767,1167,31852,22262,9590,2441,2066,375,40227,29095,11132
2009-08-14,6027,4100,1927,32289,22892,9397,2450,2056,394,40766,29048,11718
2009-08-17,5074,5074,0,31679,24681,6998,2531,2169,362,39284,31924,7360
2009-08-18,6697,7591,-894,30944,26086,4858,2551,2471,80,40192,36148,4044
2009-08-19,1577,5983,-4406,22035,13338,8697,2537,2540,-3,26149,21861,4288
2009-08-20,1933,5951,-4018,21296,13720,7576,2563,2734,-171,25792,22405,3387
2009-08-21,2580,6762,-4182,24159,14450,9709,2538,2848,-310,29277,24060,5217
2009-08-24,3110,5318,-2208,28116,14464,13652,2617,2816,-199,33843,22598,11245
2009-08-25,3007,5630,-2623,29191,14234,14957,2619,2758,-139,34817,22622,12195
2009-08-26,2466,5761,-3295,29874,13836,16038,2617,2906,-289,34957,22503,12454
2009-08-27,2377,6844,-4467,29789,13606,16183,2601,3322,-721,34767,23772,10995
2009-08-28,3706,6012,-2306,29757,13784,15973,2623,3399,-776,36086,23195,12891
2009-08-31,2683,5932,-3249,31941,14474,17467,2607,3076,-469,37231,23482,13749
2009-09-01,4839,4485,354,33455,14696,18759,2623,2409,214,40917,21590,19327
2009-09-02,3927,3421,506,31002,15499,15503,2611,2450,161,37540,21370,16170
2009-09-03,4123,3558,565,32157,16170,15987,2602,2392,210,38882,22120,16762
2009-09-04,4195,4542,-347,33614,16917,16697,2888,2189,699,40697,23648,17049
2009-09-07,5155,4733,422,33672,18012,15660,2890,2154,736,41717,24899,16818
2009-09-08,5721,4850,871,30381,16286,14095,2880,2086,794,38982,23222,15760
2009-09-09,4840,5287,-447,30535,16115,14420,2634,2731,-97,38009,24133,13876
2009-09-10,5889,5134,755,28268,24399,3869,2548,1920,628,36705,31453,5252
2009-09-11,6149,5329,820,27731,24586,3145,2527,1702,825,36407,31617,4790
2009-09-14,5725,5683,42,32199,27995,4204,2327,1698,629,40251,35376,4875
2009-09-15,7111,6616,495,36188,32700,3488,2339,1183,1156,45638,40499,5139
2009-09-16,5410,3981,1429,21407,18612,2795,2580,1083,1497,29397,23676,5721
2009-09-17,7184,4301,2883,20958,21743,-785,2552,1214,1338,30694,27258,3436
2009-09-18,6877,4088,2789,21519,20730,789,2666,1135,1531,31062,25953,5109
2009-09-21,6871,3929,2942,22034,20830,1204,2591,1275,1316,31496,26034,5462
2009-09-22,6691,3844,2847,21947,20795,1152,2498,1298,1200,31136,25937,5199
2009-09-23,7287,4487,2800,21673,21311,362,2526,1455,1071,31486,27253,4233
2009-09-24,6247,4499,1748,22059,20930,1129,2507,1494,1013,30813,26923,3890
2009-09-25,6223,4151,2072,23236,20348,2888,2335,2164,171,31794,26663,5131
2009-09-28,5143,4680,463,22771,20218,2553,2339,2457,-118,30253,27355,2898
2009-09-29,8026,4388,3638,21784,20260,1524,2340,2466,-126,32150,27114,5036
2009-09-30,9897,4289,5608,21602,20660,942,2312,2459,-147,33811,27408,6403
2009-10-01,10408,5202,5206,21454,21398,56,2330,2632,-302,34192,29232,4960
2009-10-02,9135,4992,4143,19616,24055,-4439,2336,2940,-604,31087,31987,-900
2009-10-05,8917,5153,3764,19784,21594,-1810,2336,2921,-585,31037,29668,1369
2009-10-06,10293,5030,5263,19866,20756,-890,2365,2704,-339,32524,28490,4034
2009-10-07,10122,4705,5417,19476,19865,-389,2370,2266,104,31968,26836,5132
2009-10-08,8975,4478,4497,18726,20420,-1694,2371,2744,-373,30072,27642,2430
2009-10-09,10530,5125,5405,18790,19149,-359,2628,2350,278,31948,26624,5324
2009-10-12,11628,5137,6491,19308,20299,-991,2560,2256,304,33496,27692,5804
2009-10-13,12086,4936,7150,20166,19184,982,2681,2211,470,34933,26331,8602
2009-10-14,13932,5981,7951,20994,18170,2824,2605,1973,632,37531,26124,11407
2009-10-15,16649,6531,10118,20269,23270,-3001,2863,1911,952,39781,31712,8069
2009-10-16,16481,6281,10200,19357,24088,-4731,2737,1731,1006,38575,32100,6475
2009-10-19,17404,5910,11494,21176,23968,-2792,2731,1687,1044,41311,31565,9746
2009-10-20,16038,6881,9157,21917,26427,-4510,2734,1652,1082,40689,34960,5729
2009-10-21,5435,2798,2637,14565,15920,-1355,2680,1688,992,22680,20406,2274
2009-10-22,6268,3388,2880,14636,16398,-1762,1869,2044,-175,22773,21830,943
2009-10-23,6062,3906,2156,15663,15825,-162,1861,1971,-110,23586,21702,1884
2009-10-26,5643,3751,1892,16975,15032,1943,1867,1983,-116,24485,20766,3719
2009-10-27,5803,3388,2415,15315,14952,363,1866,2012,-146,22984,20352,2632
2009-10-28,5258,3945,1313,12374,18333,-5959,1583,2545,-962,19215,24823,-5608
2009-10-29,4741,3981,760,11408,21066,-9658,1569,2110,-541,17718,27157,-9439
2009-10-30,4395,4505,-110,13740,20486,-6746,1609,2224,-615,19744,27215,-7471
2009-11-02,4761,5521,-760,16558,20261,-3703,1609,3413,-1804,22928,29195,-6267
2009-11-03,5266,5453,-187,16679,20488,-3809,1829,3374,-1545,23774,29315,-5541
2009-11-04,6955,5111,1844,17624,19950,-2326,1896,2686,-790,26475,27747,-1272
2009-11-05,5606,4240,1366,18372,20517,-2145,1897,2480,-583,25875,27237,-1362
2009-11-06,5804,4356,1448,18270,21947,-3677,1911,2331,-420,25985,28634,-2649
2009-11-09,7236,5104,2132,19452,23770,-4318,1916,2174,-258,28604,31048,-2444
2009-11-10,8341,4844,3497,19067,24355,-5288,1844,2065,-221,29252,31264,-2012
2009-11-11,11305,4309,6996,19680,25295,-5615,1898,1771,127,32883,31375,1508
2009-11-12,11778,4277,7501,20140,25021,-4881,1907,2012,-105,33825,31310,2515
2009-11-13,12757,4948,7809,19430,26230,-6800,1974,1692,282,34161,32870,1291
2009-11-16,14486,5341,9145,24115,30354,-6239,1775,1574,201,40376,37269,3107
2009-11-17,13631,5889,7742,25555,33742,-8187,1486,1508,-22,40672,41139,-467
2009-11-18,6930,2770,4160,18130,23590,-5460,1551,1254,297,26611,27614,-1003
2009-11-19,6522,3012,3510,17972,23597,-5625,1551,1450,101,26045,28059,-2014
2009-11-20,5509,3312,2197,17954,22684,-4730,1606,1534,72,25069,27530,-2461
2009-11-23,5069,3462,1607,17559,23223,-5664,1569,1523,46,24197,28208,-4011
2009-11-24,5856,3452,2404,17460,23598,-6138,1561,1596,-35,24877,28646,-3769
2009-11-25,7285,3869,3416,17390,23409,-6019,1574,1254,320,26249,28532,-2283
2009-11-26,7304,3616,3688,16822,24660,-7838,1565,1330,235,25691,29606,-3915
2009-11-27,5950,4482,1468,15908,25994,-10086,1462,1577,-115,23320,32053,-8733
2009-11-30,7055,4286,2769,15974,24724,-8750,1530,1540,-10,24559,30550,-5991
2009-12-01,7316,4237,3079,18604,23595,-4991,1533,1569,-36,27453,29401,-1948
2009-12-02,8382,4431,3951,18660,24611,-5951,1551,1306,245,28593,30348,-1755
2009-12-03,9080,4304,4776,18433,25315,-6882,1486,1334,152,28999,30953,-1954
2009-12-04,9156,5109,4047,18496,25511,-7015,1530,1431,99,29182,32051,-2869
2009-12-07,11706,4855,6851,19333,24485,-5152,1623,1296,327,32662,30636,2026
2009-12-08,11991,5202,6789,18832,24930,-6098,1629,1266,363,32452,31398,1054
2009-12-09,13246,5865,7381,19306,25587,-6281,1629,1176,453,34181,32628,1553
2009-12-10,10309,5573,4736,21019,25721,-4702,1502,1471,31,32830,32765,65
2009-12-11,11192,4905,6287,22791,24583,-1792,1473,1375,98,35456,30863,4593
2009-12-14,11123,4690,6433,25370,26332,-962,1635,899,736,38128,31921,6207
2009-12-15,12178,4483,7695,26574,29966,-3392,1530,920,610,40282,35369,4913
2009-12-16,4246,3336,910,16502,15649,853,1660,882,778,22408,19867,2541
2009-12-17,4319,3938,381,17750,15723,2027,1622,1221,401,23691,20882,2809
2009-12-18,3459,3755,-296,18044,15386,2658,1672,1176,496,23175,20317,2858
2009-12-21,4816,3668,1148,18266,15017,3249,1694,969,725,24776,19654,5122
2009-12-22,5551,3480,2071,20115,14702,5413,1710,759,951,27376,18941,8435
2009-12-23,6935,3099,3836,20535,14695,5840,1706,757,949,29176,18551,10625
2009-12-24,7461,2512,4949,21932,15016,6916,1623,901,722,31016,18429,12587
2009-12-25,7726,2396,5330,22344,15006,7338,1642,882,760,31712,18284,13428
2009-12-28,9588,2819,6769,23043,16930,6113,1771,843,928,34402,20592,13810
2009-12-29,9778,2761,7017,23096,17903,5193,1674,833,841,34548,21497,13051
2009-12-30,9806,2877,6929,23253,18283,4970,1674,833,841,34733,21993,12740
2009-12-31,12432,3298,9134,21806,19008,2798,1621,851,770,35859,23157,12702
2010-01-04,13197,4562,8635,23128,20483,2645,1627,843,784,37952,25888,12064
2010-01-05,13724,3683,10041,24675,22319,2356,1534,814,720,39933,26816,13117
2010-01-06,16969,5064,11905,27376,23386,3990,1705,859,846,46050,29309,16741
2010-01-07,17788,4366,13422,22582,25908,-3326,1745,806,939,42115,31080,11035
2010-01-08,19001,5638,13363,22734,27464,-4730,1753,881,872,43488,33983,9505
2010-01-11,19552,5833,13719,25838,28121,-2283,1756,740,1016,47146,34694,12452
2010-01-12,20188,6142,14046,25508,28846,-3338,1804,664,1140,47500,35652,11848
2010-01-13,19999,8082,11917,25111,31208,-6097,1777,839,938,46887,40129,6758
2010-01-14,22739,7975,14764,27015,33146,-6131,1815,705,1110,51569,41826,9743
2010-01-15,25363,8240,17123,26835,33520,-6685,1467,662,805,53665,42422,11243
2010-01-18,25308,8749,16559,26268,36043,-9775,1519,661,858,53095,45453,7642
2010-01-19,22880,8825,14055,25616,37465,-11849,1412,769,643,49908,47059,2849
2010-01-20,10026,6054,3972,18160,24081,-5921,1305,992,313,29491,31127,-1636
2010-01-21,9610,6548,3062,16087,29321,-13234,1450,1322,128,27147,37191,-10044
2010-01-22,9441,7415,2026,17883,36295,-18412,1483,1234,249,28807,44944,-16137
2010-01-25,10485,5958,4527,18592,39532,-20940,1537,1126,411,30614,46616,-16002
2010-01-26,8738,5670,3068,19874,35288,-15414,1426,1999,-573,30038,42957,-12919
2010-01-27,7437,6458,979,20519,36478,-15959,1456,1561,-105,29412,44497,-15085
2010-01-28,7592,5144,2448,21078,34941,-13863,1439,1753,-314,30109,41838,-11729
2010-01-29,7318,6032,1286,21634,34388,-12754,1462,1898,-436,30414,42318,-11904
2010-02-01,8386,6591,1795,22969,35218,-12249,1508,2123,-615,32863,43932,-11069
2010-02-02,8924,7622,1302,26914,33045,-6131,1595,2285,-690,37433,42952,-5519
2010-02-03,8852,7718,1134,26397,33125,-6728,1695,2032,-337,36944,42875,-5931
2010-02-04,7652,8196,-544,26355,30921,-4566,1775,2021,-246,35782,41138,-5356
2010-02-05,6610,9013,-2403,29140,31849,-2709,1575,2047,-472,37325,42909,-5584
2010-02-06,6003,8625,-2622,29132,32963,-3831,1667,2388,-721,36802,43976,-7174
2010-02-08,4679,8833,-4154,31218,31967,-749,1664,2156,-492,37561,42956,-5395
2010-02-09,5211,7568,-2357,31165,32382,-1217,1544,1527,17,37920,41477,-3557
2010-02-10,5526,8095,-2569,33069,32135,934,1583,1509,74,40178,41739,-1561
2010-02-22,4953,2698,2255,21066,24089,-3023,1544,1248,296,27563,28035,-472
2010-02-23,5915,3268,2647,20897,24098,-3201,1547,1221,326,28359,28587,-228
2010-02-24,5239,3561,1678,23413,25576,-2163,1532,1277,255,30184,30414,-230
2010-02-25,4346,4880,-534,27152,26875,277,1446,1492,-46,32944,33247,-303
2010-02-26,4359,4679,-320,26523,27316,-793,1428,1703,-275,32310,33698,-1388
2010-03-01,8604,4126,4478,29156,28262,894,1431,1547,-116,39191,33935,5256
2010-03-02,8491,4153,4338,28426,28334,92,1454,1279,175,38371,33766,4605
2010-03-03,8405,4039,4366,27957,27896,61,1450,1284,166,37812,33219,4593
2010-03-04,5786,4513,1273,30529,27153,3376,1447,1305,142,37762,32971,4791
2010-03-05,7568,4947,2621,30629,28075,2554,1444,1400,44,39641,34422,5219
2010-03-08,8928,5608,3320,31772,27595,4177,1447,1329,118,42147,34532,7615
2010-03-09,9044,5742,3302,31912,27937,3975,1450,1134,316,42406,34813,7593
2010-03-10,9900,6129,3771,32208,29144,3064,1450,1070,380,43558,36343,7215
2010-03-11,9915,5640,4275,33536,30863,2673,1585,1039,546,45036,37542,7494
2010-03-12,8914,6338,2576,33093,31758,1335,1592,1042,550,43599,39138,4461
2010-03-15,9129,8228,901,35287,33417,1870,1438,1394,44,45854,43039,2815
2010-03-16,7278,8153,-875,39061,35620,3441,1437,1346,91,47776,45119,2657
2010-03-17,4296,2603,1693,19828,19952,-124,1367,755,612,25491,23310,2181
2010-03-18,5562,2838,2724,18290,22349,-4059,1671,738,933,25523,25925,-402
2010-03-19,6221,2907,3314,19137,22351,-3214,1661,740,921,27019,25998,1021
2010-03-22,5446,3324,2122,19216,23234,-4018,1597,868,729,26259,27426,-1167
2010-03-23,5163,4018,1145,18837,22047,-3210,1612,929,683,25612,26994,-1382
2010-03-24,5431,4416,1015,19744,23743,-3999,1677,1027,650,26852,29186,-2334
2010-03-25,5362,4708,654,19352,25301,-5949,1687,957,730,26401,30966,-4565
2010-03-26,5976,5721,255,20480,18895,1585,1651,1243,408,28107,25859,2248
2010-03-29,6405,5833,572,20589,20465,124,1651,1196,455,28645,27494,1151
2010-03-30,6081,6158,-77,20616,21711,-1095,1660,1188,472,28357,29057,-700
2010-03-31,6356,7156,-800,21006,21957,-951,1590,1255,335,28952,30368,-1416
2010-04-01,7652,7188,464,22394,23334,-940,1601,1151,450,31647,31673,-26
2010-04-02,7588,6852,736,21676,22222,-546,1601,871,730,30865,29945,920
2010-04-06,7976,6838,1138,26951,25586,1365,1590,855,735,36517,33279,3238
2010-04-07,9358,6760,2598,27267,28169,-902,1596,838,758,38221,35767,2454
2010-04-08,8961,6603,2358,27202,29477,-2275,1611,972,639,37774,37052,722
2010-04-09,10407,6695,3712,27515,31472,-3957,1607,1210,397,39529,39377,152
2010-04-12,11396,6985,4411,27673,33829,-6156,1562,1212,350,40631,42026,-1395
2010-04-13,10139,7478,2661,27063,33636,-6573,1614,1434,180,38816,42548,-3732
2010-04-14,11353,7349,4004,28564,33325,-4761,1562,1262,300,41479,41936,-457
2010-04-15,12166,7940,4226,29280,32834,-3554,1563,1180,383,43009,41954,1055
2010-04-16,11711,7353,4358,28414,33399,-4985,1355,1281,74,41480,42033,-553
2010-04-19,11993,8544,3449,31038,38502,-7464,1290,1992,-702,44321,49038,-4717
2010-04-20,11486,7739,3747,35306,39174,-3868,1245,2101,-856,48037,49014,-977
2010-04-21,4558,4226,332,24687,23342,1345,1252,1586,-334,30497,29154,1343
2010-04-22,5497,4207,1290,25477,22424,3053,1262,1642,-380,32236,28273,3963
2010-04-23,5759,4892,867,25044,21047,3997,1262,1554,-292,32065,27493,4572
2010-04-26,8063,4257,3806,25417,23880,1537,1490,741,749,34970,28878,6092
2010-04-27,8250,4306,3944,24480,24681,-201,1525,751,774,34255,29738,4517
2010-04-28,7701,4276,3425,23975,27069,-3094,1576,861,715,33252,32206,1046
2010-04-29,6724,5018,1706,22906,22638,268,1570,896,674,31200,28552,2648
2010-04-30,5718,5105,613,22637,24593,-1956,1552,972,580,29907,30670,-763
2010-05-03,5178,5065,113,21981,25805,-3824,1275,1069,206,28434,31939,-3505
2010-05-04,4858,5156,-298,22804,26434,-3630,1437,920,517,29099,32510,-3411
2010-05-05,4897,6453,-1556,21921,27327,-5406,1266,1511,-245,28084,35291,-7207
2010-05-06,4594,6122,-1528,23006,25271,-2265,1261,1699,-438,28861,33092,-4231
2010-05-07,5546,6839,-1293,26886,26884,2,1309,1449,-140,33741,35172,-1431
2010-05-10,5105,7195,-2090,28432,24629,3803,1325,1705,-380,34862,33529,1333
2010-05-11,5390,8085,-2695,32052,24651,7401,1345,1809,-464,38787,34545,4242
2010-05-12,5240,8081,-2841,32865,24755,8110,1325,1803,-478,39430,34639,4791
2010-05-13,6936,7851,-915,35941,27361,8580,1328,1281,47,44205,36493,7712
2010-05-14,6425,6916,-491,36547,29335,7212,1274,1247,27,44246,37498,6748
2010-05-17,5378,7910,-2532,42302,34487,7815,1263,1783,-520,48943,44180,4763
2010-05-18,4081,8421,-4340,42177,35414,6763,1288,1873,-585,47546,45708,1838
2010-05-19,2744,6870,-4126,25334,24850,484,1394,2425,-1031,29472,34145,-4673
2010-05-20,2968,9840,-6872,27304,24596,2708,1394,2724,-1330,31666,37160,-5494
2010-05-21,3235,10447,-7212,31540,23519,8021,1428,2870,-1442,36203,36836,-633
2010-05-24,4620,10692,-6072,30912,23192,7720,1446,2780,-1334,36978,36664,314
2010-05-25,4104,12649,-8545,32384,23531,8853,1460,3013,-1553,37948,39193,-1245
2010-05-26,4029,12106,-8077,30802,24630,6172,1460,2452,-992,36291,39188,-2897
2010-05-27,4399,11376,-6977,30278,23727,6551,1469,2360,-891,36146,37463,-1317
2010-05-28,4711,12580,-7869,31739,22410,9329,1468,1617,-149,37918,36607,1311
2010-05-31,5126,13293,-8167,32563,21582,10981,1498,1650,-152,39187,36525,2662
2010-06-01,5278,13595,-8317,34545,20948,13597,1481,2114,-633,41304,36657,4647
2010-06-02,5123,14478,-9355,38808,22385,16423,1478,2981,-1503,45409,39844,5565
2010-06-03,6750,14876,-8126,42796,24258,18538,1477,2638,-1161,51023,41772,9251
2010-06-04,6684,13840,-7156,42633,25537,17096,1472,2711,-1239,50789,42088,8701
2010-06-07,6018,14837,-8819,44840,25158,19682,1447,3244,-1797,52305,43239,9066
2010-06-08,5732,14380,-8648,44963,25458,19505,1442,3308,-1866,52137,43146,8991
2010-06-09,5978,15069,-9091,45886,25694,20192,1449,3467,-2018,53313,44230,9083
2010-06-10,8537,13020,-4483,45275,26596,18679,1467,3653,-2186,55279,43269,12010
2010-06-11,9201,13634,-4433,44299,28547,15752,1449,3120,-1671,54949,45301,9648
2010-06-14,8916,11403,-2487,43583,27501,16082,1444,3127,-1683,53943,42031,11912
2010-06-15,8367,10000,-1633,40123,26706,13417,1445,3241,-1796,49935,39947,9988
2010-06-17,4472,6767,-2295,27313,16356,10957,1418,2087,-669,33203,25210,7993
2010-06-18,5744,7365,-1621,28213,16931,11282,1418,2082,-664,35375,26378,8997
2010-06-21,6854,5702,1152,28076,18066,10010,1415,1818,-403,36345,25586,10759
2010-06-22,6401,5703,698,26260,17711,8549,1392,1648,-256,34053,25062,8991
2010-06-23,6336,5477,859,26602,23109,3493,1398,1667,-269,34336,30253,4083
2010-06-24,6224,5603,621,26991,23063,3928,1420,1674,-254,34635,30340,4295
2010-06-25,5186,5717,-531,26901,22105,4796,1448,2571,-1123,33535,30393,3142
2010-06-28,5170,5761,-591,28392,21929,6463,1435,2965,-1530,34997,30655,4342
2010-06-29,5042,6536,-1494,26101,22661,3440,1430,3653,-2223,32573,32850,-277
2010-06-30,5226,6667,-1441,27572,20003,7569,1427,3748,-2321,34225,30418,3807
2010-07-01,4964,7328,-2364,27399,19701,7698,1442,3743,-2301,33805,30772,3033
2010-07-02,5286,7652,-2366,28241,19129,9112,1485,3718,-2233,35012,30499,4513
2010-07-05,6226,7301,-1075,28966,19149,9817,1815,2463,-648,37007,28913,8094
2010-07-06,6843,6020,823,29251,21573,7678,1772,2519,-747,37866,30112,7754
2010-07-07,6967,6745,222,29077,20862,8215,1922,2837,-915,37966,30444,7522
2010-07-08,8843,7391,1452,30184,23488,6696,1918,2888,-970,40945,33767,7178
2010-07-09,9009,7261,1748,31100,23889,7211,1959,2835,-876,42068,33985,8083
2010-07-12,8117,7887,230,32296,23887,8409,1996,2749,-753,42409,34523,7886
2010-07-13,8314,7538,776,33408,23949,9459,2067,2818,-751,43789,34305,9484
2010-07-14,8951,7364,1587,34497,24022,10475,2208,3302,-1094,45656,34688,10968
2010-07-15,8657,7017,1640,34487,24665,9822,2208,3231,-1023,45352,34913,10439
2010-07-16,7954,7491,463,33980,24363,9617,2162,3162,-1000,44096,35016,9080
2010-07-19,7773,7602,171,33652,26276,7376,2170,3130,-960,43595,37008,6587
2010-07-20,7942,6530,1412,34916,28139,6777,2186,2898,-712,45044,37567,7477
2010-07-21,2768,6052,-3284,23182,16562,6620,2277,2314,-37,28227,24928,3299
2010-07-22,2981,6486,-3505,24525,17089,7436,2271,2223,48,29777,25798,3979
2010-07-23,3984,6194,-2210,24928,16863,8065,2332,2088,244,31244,25145,6099
2010-07-26,4328,6351,-2023,24236,17154,7082,2340,2040,300,30904,25545,5359
2010-07-27,4586,6067,-1481,24255,22116,2139,2522,2048,474,31363,30231,1132
2010-07-28,4556,6228,-1672,28714,20629,8085,2578,2064,514,35848,28921,6927
2010-07-29,5029,6052,-1023,26672,20438,6234,2574,2255,319,34275,28745,5530
2010-07-30,4420,6090,-1670,28484,20287,8197,2563,2578,-15,35467,28955,6512
2010-08-02,5983,5472,511,28919,20792,8127,2550,1912,638,37452,28176,9276
2010-08-03,6510,5072,1438,29160,22136,7024,2559,1718,841,38229,28926,9303
2010-08-04,5597,4599,998,28936,21412,7524,2562,1738,824,37095,27749,9346
2010-08-05,6490,4458,2032,28737,23068,5669,2565,1781,784,37792,29307,8485
2010-08-06,6285,4637,1648,29132,24072,5060,2565,1771,794,37982,30480,7502
2010-08-09,6028,4933,1095,30577,23454,7123,2536,1601,935,39141,29988,9153
2010-08-10,5423,4430,993,30014,25047,4967,2542,1597,945,37979,31074,6905
2010-08-11,5122,4686,436,30225,26083,4142,2676,1656,1020,38023,32425,5598
2010-08-12,6336,4869,1467,30254,28322,1932,2729,1713,1016,39319,34904,4415
2010-08-13,7368,4377,2991,32034,29085,2949,2727,1611,1116,42129,35073,7056
2010-08-16,6870,5209,1661,33411,29394,4017,2717,1429,1288,42998,36032,6966
2010-08-17,6577,5557,1020,34308,28781,5527,2719,1472,1247,43604,35810,7794
2010-08-18,2722,3852,-1130,25427,22585,2842,2724,1119,1605,30873,27556,3317
2010-08-19,2945,3711,-766,26672,22463,4209,2744,1145,1599,32361,27319,5042
2010-08-20,2537,3944,-1407,26419,22908,3511,2724,1200,1524,31680,28052,3628
2010-08-23,3250,4443,-1193,28888,26039,2849,2786,1173,1613,34924,31655,3269
2010-08-24,3256,4461,-1205,28362,28824,-462,2840,1210,1630,34458,34495,-37
2010-08-25,3005,5699,-2694,28168,30725,-2557,2790,1445,1345,33963,37869,-3906
2010-08-26,3196,6846,-3650,29623,31365,-1742,2665,1998,667,35484,40209,-4725
2010-08-27,3994,5844,-1850,29844,31484,-1640,2685,2218,467,36523,39546,-3023
2010-08-30,4224,6797,-2573,30707,29696,1011,2664,2511,153,37595,39004,-1409
2010-08-31,3954,8545,-4591,30514,30159,355,2689,2181,508,37157,40885,-3728
2010-09-01,3582,8379,-4797,30878,29089,1789,2656,2546,110,37116,40014,-2898
2010-09-02,5376,8400,-3024,32118,28693,3425,2636,2500,136,40130,39593,537
2010-09-03,5245,6816,-1571,32276,26932,5344,2636,2455,181,40157,36203,3954
2010-09-06,5986,5685,301,31727,26536,5191,2831,2157,674,40544,34378,6166
2010-09-07,6838,6495,343,33355,26917,6438,2762,2222,540,42955,35634,7321
2010-09-08,7733,6183,1550,33656,28137,5519,2736,2523,213,44125,36843,7282
2010-09-09,8906,6021,2885,33797,29914,3883,2626,2709,-83,45329,38644,6685
2010-09-10,8365,4921,3444,34480,29212,5268,2567,2645,-78,45412,36778,8634
2010-09-13,11291,5131,6160,36153,35357,796,2649,1911,738,50093,42399,7694
2010-09-14,10004,6449,3555,40964,39863,1101,2614,1528,1086,53582,47840,5742
2010-09-15,5800,2260,3540,23604,22944,660,2547,1327,1220,31951,26531,5420
2010-09-16,6189,2556,3633,23039,26526,-3487,2547,1533,1014,31775,30615,1160
2010-09-17,8843,2116,6727,24491,28712,-4221,2522,1583,939,35856,32411,3445
2010-09-20,9573,2118,7455,25040,28432,-3392,2519,1545,974,37132,32095,5037
2010-09-21,10045,2316,7729,24135,30361,-6226,2519,1612,907,36699,34289,2410
2010-09-23,9907,2320,7587,25202,30914,-5712,2609,1644,965,37718,34878,2840
2010-09-24,9591,3337,6254,23673,32220,-8547,2610,1684,926,35874,37241,-1367
2010-09-27,9652,2846,6806,22966,32683,-9717,2610,1607,1003,35228,37136,-1908
2010-09-28,8758,3442,5316,24801,31340,-6539,2589,1478,1111,36148,36260,-112
2010-09-29,9473,3264,6209,24692,33213,-8521,2587,1289,1298,36752,37766,-1014
2010-09-30,9179,3008,6171,25760,33166,-7406,2587,1323,1264,37526,37497,29
2010-10-01,10198,2832,7366,25049,34085,-9036,2589,1265,1324,37836,38182,-346
2010-10-04,10920,3071,7849,24369,34304,-9935,2602,1206,1396,37891,38581,-690
2010-10-05,9649,3650,5999,25486,33946,-8460,2621,1211,1410,37756,38807,-1051
2010-10-06,10975,3380,7595,24360,33028,-8668,2631,1172,1459,37966,37580,386
2010-10-07,11092,2976,8116,24462,33446,-8984,2615,1192,1423,38169,37614,555
2010-10-08,10275,3030,7245,24076,34973,-10897,2617,1370,1247,36968,39373,-2405
2010-10-11,9263,4283,4980,25472,35928,-10456,2619,1428,1191,37354,41639,-4285
2010-10-12,7127,4589,2538,25791,35366,-9575,2347,1474,873,35265,41429,-6164
2010-10-13,6451,4247,2204,25798,34241,-8443,2357,1460,897,34606,39948,-5342
2010-10-14,9637,4108,5529,27093,34765,-7672,2531,1444,1087,39261,40317,-1056
2010-10-15,8900,4837,4063,27919,36607,-8688,2520,1416,1104,39339,42860,-3521
2010-10-18,6870,5959,911,28820,39879,-11059,2340,1609,731,38030,47447,-9417
2010-10-19,8072,6875,1197,30482,41004,-10522,2320,1667,653,40874,49546,-8672
2010-10-20,2678,3401,-723,17740,21513,-3773,2309,1632,677,22727,26546,-3819
2010-10-21,3637,3418,219,15620,21131,-5511,2505,1646,859,21762,26195,-4433
2010-10-22,5091,3837,1254,17355,19626,-2271,1223,1696,-473,23669,25159,-1490
2010-10-25,6890,2472,4418,19758,21466,-1708,1563,1346,217,28211,25284,2927
2010-10-26,7272,2153,5119,20001,21986,-1985,1568,1345,223,28841,25484,3357
2010-10-27,6328,2637,3691,20543,20976,-433,1589,1365,224,28460,24978,3482
2010-10-28,7058,2714,4344,21820,22481,-661,1585,1354,231,30463,26549,3914
2010-10-29,5743,4009,1734,22655,23708,-1053,1556,1384,172,29954,29101,853
2010-11-01,7341,3334,4007,27012,28367,-1355,1556,1367,189,35909,33068,2841
2010-11-02,7973,3326,4647,26913,31743,-4830,1547,1310,237,36433,36379,54
2010-11-03,6704,4047,2657,27587,33346,-5759,1539,941,598,35830,38334,-2504
2010-11-04,8574,3974,4600,29086,35529,-6443,1537,918,619,39197,40421,-1224
2010-11-05,12772,3619,9153,29752,38192,-8440,1537,889,648,44061,42700,1361
2010-11-08,13421,4083,9338,30531,40435,-9904,1523,889,634,45475,45407,68
2010-11-09,14650,4256,10394,31090,39917,-8827,1535,871,664,47275,45044,2231
2010-11-10,14885,4651,10234,30478,40825,-10347,1535,872,663,46898,46348,550
2010-11-11,13341,5074,8267,29902,41578,-11676,1535,1018,517,44778,47670,-2892
2010-11-12,9492,5302,4190,28947,42910,-13963,1305,1110,195,39744,49322,-9578
2010-11-15,8740,6703,2037,30409,43602,-13193,1105,1099,6,40254,51404,-11150
2010-11-16,7400,5118,2282,35510,45966,-10456,1208,1042,166,44118,52126,-8008
2010-11-17,3936,4820,-884,23995,33436,-9441,1290,958,332,29221,39214,-9993
2010-11-18,5343,4510,833,23216,36840,-13624,1279,960,319,29838,42310,-12472
2010-11-19,5357,4029,1328,23654,36761,-13107,1354,972,382,30365,41762,-11397
2010-11-22,5754,3921,1833,24690,34941,-10251,1337,957,380,31781,39819,-8038
2010-11-23,4967,4052,915,24429,35100,-10671,1338,1030,308,30734,40182,-9448
2010-11-24,5301,4749,552,23639,35141,-11502,1402,1018,384,30342,40908,-10566
2010-11-25,5771,4645,1126,24583,35588,-11005,1393,1013,380,31747,41246,-9499
2010-11-26,5584,5111,473,26443,36525,-10082,1390,1031,359,33417,42667,-9250
2010-11-29,5937,5644,293,29381,34373,-4992,1409,939,470,36727,40956,-4229
2010-11-30,6958,5698,1260,30789,33179,-2390,1507,866,641,39254,39743,-489
2010-12-01,10535,5203,5332,33142,33290,-148,1507,789,718,45184,39282,5902
2010-12-02,11774,5290,6484,34489,38758,-4269,1506,833,673,47769,44881,2888
2010-12-03,11484,5153,6331,35046,37192,-2146,1511,781,730,48041,43126,4915
2010-12-06,13122,4879,8243,34625,37943,-3318,1464,691,773,49211,43513,5698
2010-12-07,13701,4719,8982,35387,40082,-4695,1464,616,848,50552,45417,5135
2010-12-08,12793,4055,8738,35586,39571,-3985,1464,547,917,49843,44173,5670
2010-12-09,15682,4576,11106,37273,45276,-8003,1448,483,965,54403,50335,4068
2010-12-10,14722,4420,10302,33711,45297,-11586,1431,384,1047,49864,50101,-237
2010-12-13,14244,4391,9853,39744,50169,-10425,1430,361,1069,55418,54921,497
2010-12-14,15595,4974,10621,43765,58520,-14755,1335,363,972,60695,63857,-3162
2010-12-15,6138,4416,1722,31491,34803,-3312,1178,340,838,38807,39559,-752
2010-12-16,6252,4609,1643,31022,37142,-6120,1194,301,893,38468,42052,-3584
2010-12-17,7756,4969,2787,31222,35914,-4692,1341,306,1035,40319,41189,-870
2010-12-20,7326,5188,2138,30848,36582,-5734,1284,699,585,39458,42469,-3011
2010-12-21,9514,4686,4828,31487,35772,-4285,1283,672,611,42284,41130,1154
2010-12-22,10815,4265,6550,30938,36359,-5421,1343,650,693,43096,41274,1822
2010-12-23,11818,4377,7441,31371,35988,-4617,1343,640,703,44532,41005,3527
2010-12-24,11630,4405,7225,30008,37119,-7111,1183,652,531,42821,42176,645
2010-12-27,12298,4533,7765,28507,37213,-8706,1172,611,561,41977,42357,-380
2010-12-28,11782,5369,6413,27719,37562,-9843,1162,594,568,40663,43525,-2862
2010-12-29,12562,5026,7536,27857,38033,-10176,1201,589,612,41620,43648,-2028
2010-12-30,12677,4841,7836,27728,38479,-10751,1199,578,621,41604,43898,-2294
2010-12-31,16214,4653,11561,28602,40028,-11426,1215,466,749,46031,45147,884
2011-01-03,16084,4713,11371,28030,40641,-12611,1176,466,710,45290,45820,-530
2011-01-04,15149,4192,10957,26153,40360,-14207,1379,492,887,42681,45044,-2363
2011-01-05,13926,5003,8923,24246,39549,-15303,1178,600,578,39350,45152,-5802
2011-01-06,14153,5439,8714,23873,39008,-15135,1221,851,370,39247,45298,-6051
2011-01-07,10692,5365,5327,24136,36019,-11883,1149,788,361,35977,42172,-6195
2011-01-10,10095,6412,3683,25073,34259,-9186,1149,562,587,36317,41233,-4916
2011-01-11,13390,4021,9369,28067,35609,-7542,1233,789,444,42690,40419,2271
2011-01-12,15881,4155,11726,26164,38094,-11930,1369,721,648,43414,42970,444
2011-01-13,15711,3772,11939,26158,38498,-12340,1369,847,522,43238,43117,121
2011-01-14,15796,4372,11424,27033,39688,-12655,1367,925,442,44196,44985,-789
2011-01-17,16125,5284,10841,27922,42661,-14739,1361,1095,266,45408,49040,-3632
2011-01-18,19555,4539,15016,31900,46903,-15003,1365,873,492,52820,52315,505
2011-01-19,8785,3070,5715,25711,32233,-6522,1392,559,833,35888,35862,26
2011-01-20,8970,3172,5798,24926,34483,-9557,1395,532,863,35291,38187,-2896
2011-01-21,8034,3573,4461,24459,36349,-11890,1495,740,755,33988,40662,-6674
2011-01-24,8315,3374,4941,24283,35519,-11236,1492,781,711,34090,39674,-5584
2011-01-25,9579,3500,6079,23691,36035,-12344,1505,771,734,34775,40306,-5531
2011-01-26,10665,3342,7323,24950,34406,-9456,1675,731,944,37290,38479,-1189
2011-01-27,12439,3003,9436,25390,35830,-10440,1635,695,940,39464,39528,-64
2011-01-28,12858,3064,9794,24764,36965,-12201,1545,571,974,39167,40600,-1433
2011-02-08,13963,3066,10897,23704,40540,-16836,1537,585,952,39204,44191,-4987
2011-02-09,14435,2994,11441,21961,43234,-21273,1547,656,891,37943,46884,-8941
2011-02-10,12895,4461,8434,20991,47431,-26440,1260,517,743,35146,52409,-17263
2011-02-11,11043,3775,7268,23229,43216,-19987,1139,380,759,35411,47371,-11960
2011-02-14,9291,4412,4879,26701,42997,-16296,1118,487,631,37110,47896,-10786
2011-02-15,10206,7247,2959,35493,47635,-12142,1118,455,663,46817,55337,-8520
2011-02-16,6074,3873,2201,18583,31016,-12433,1111,384,727,25768,35273,-9505
2011-02-17,6465,4432,2033,20418,28503,-8085,1137,503,634,28020,33438,-5418
2011-02-18,7041,3810,3231,23417,32099,-8682,1297,475,822,31755,36384,-4629
2011-02-21,6103,3755,2348,23052,31075,-8023,1297,553,744,30452,35383,-4931
2011-02-22,5735,6034,-299,21945,27244,-5299,1233,737,496,28913,34015,-5102
2011-02-23,7500,6259,1241,21734,26894,-5160,1076,1589,-513,30310,34742,-4432
2011-02-24,8547,7604,943,22304,26139,-3835,1071,1669,-598,31922,35412,-3490
2011-02-25,11932,6492,5440,23029,28175,-5146,1001,1411,-410,35962,36078,-116
2011-03-01,11437,7041,4396,24278,27831,-3553,1087,1364,-277,36802,36236,566
2011-03-02,8728,7440,1288,25188,25720,-532,1452,1520,-68,35368,34680,688
2011-03-03,10598,6889,3709,26006,25787,219,1580,1386,194,38184,34062,4122
2011-03-04,9895,7520,2375,28125,26676,1449,1581,1368,213,39601,35564,4037
2011-03-07,9885,7761,2124,27136,26410,726,1584,1515,69,38605,35686,2919
2011-03-08,9283,7041,2242,27879,28297,-418,1604,1492,112,38766,36830,1936
2011-03-09,8878,6896,1982,30876,28667,2209,1429,1464,-35,41183,37027,4156
2011-03-10,6616,7585,-969,26053,28582,-2529,1303,1503,-200,33972,37670,-3698
2011-03-11,6738,8805,-2067,25237,26037,-800,1312,1574,-262,33287,36416,-3129
2011-03-14,9115,11256,-2141,30499,28910,1589,1044,1881,-837,40658,42047,-1389
2011-03-15,7762,21554,-13792,43683,29979,13704,1044,1521,-477,52489,53054,-565
2011-03-16,4233,10704,-6471,23056,17361,5695,1066,1256,-190,28355,29321,-966
2011-03-17,4772,11331,-6559,24763,17476,7287,1029,1803,-774,30564,30610,-46
2011-03-18,6168,11688,-5520,25048,18447,6601,1060,1724,-664,32276,31859,417
2011-03-21,7192,11170,-3978,25297,16114,9183,1074,2320,-1246,33563,29604,3959
2011-03-22,7522,11310,-3788,25446,14152,11294,1081,1722,-641,34049,27184,6865
2011-03-23,6888,12893,-6005,28425,14431,13994,1141,1647,-506,36454,28971,7483
2011-03-24,7674,13795,-6121,29280,14097,15183,1141,1632,-491,38095,29524,8571
2011-03-25,7856,12916,-5060,32748,13816,18932,1131,1651,-520,41735,28383,13352
2011-03-28,5415,12345,-6930,33707,15395,18312,1132,1702,-570,40254,29442,10812
2011-03-29,5872,12405,-6533,34448,16215,18233,1139,1686,-547,41459,30306,11153
2011-03-30,6179,12443,-6264,35128,16015,19113,1139,1604,-465,42446,30062,12384
2011-03-31,7270,13284,-6014,36879,16813,20066,1139,1811,-672,45288,31908,13380
2011-04-01,8260,13672,-5412,38101,17241,20860,1084,1704,-620,47445,32617,14828
2011-04-06,9390,10838,-1448,41795,21138,20657,1252,1485,-233,52437,33461,18976
2011-04-07,9773,11604,-1831,42937,22489,20448,1251,1434,-183,53961,35527,18434
2011-04-08,8220,11159,-2939,40260,23607,16653,1267,1419,-152,49747,36185,13562
2011-04-11,8736,10781,-2045,42056,24099,17957,1257,1398,-141,52049,36278,15771
2011-04-12,6247,11568,-5321,42404,26166,16238,1235,1372,-137,49886,39106,10780
2011-04-13,7764,12116,-4352,45759,29549,16210,1221,1373,-152,54744,43038,11706
2011-04-14,8624,12034,-3410,44231,32090,12141,1361,1285,76,54216,45409,8807
2011-04-15,6767,12432,-5665,44764,31670,13094,1229,1404,-175,52760,45506,7254
2011-04-18,5734,13454,-7720,48552,32529,16023,1229,1540,-311,55515,47523,7992
2011-04-19,6011,13113,-7102,48912,38493,10419,1212,1475,-263,56135,53081,3054
2011-04-20,3508,6248,-2740,34490,23782,10708,1335,1014,321,39333,31044,8289
2011-04-21,5605,7082,-1477,35110,25436,9674,1365,941,424,42080,33459,8621
2011-04-22,7122,6921,201,35149,29209,5940,1327,660,667,43598,36790,6808
2011-04-25,6932,7349,-417,34640,29787,4853,1299,637,662,42871,37773,5098
2011-04-26,6369,6646,-277,36508,31311,5197,1348,612,736,44225,38569,5656
2011-04-27,7093,6667,426,35121,31059,4062,1826,652,1174,44040,38378,5662
2011-04-28,6875,6753,122,33023,29040,3983,1921,746,1175,41819,36539,5280
2011-04-29,7110,6608,502,33811,30764,3047,1910,794,1116,42831,38166,4665
2011-05-03,7309,7273,36,31294,30576,718,1908,781,1127,40511,38630,1881
2011-05-04,7367,6913,454,31541,31128,413,1917,774,1143,40825,38815,2010
2011-05-05,9803,7364,2439,33503,31760,1743,1940,785,1155,45246,39909,5337
2011-05-06,9100,7457,1643,33691,32340,1351,1798,756,1042,44589,40553,4036
2011-05-09,9351,8072,1279,34071,33118,953,1788,737,1051,45210,41927,3283
2011-05-10,9363,7860,1503,33706,34667,-961,1913,736,1177,44982,43263,1719
2011-05-11,10093,9508,585,31313,33937,-2624,1907,702,1205,43313,44147,-834
2011-05-12,10622,8640,1982,33475,34425,-950,1660,685,975,45757,43750,2007
2011-05-13,10663,8451,2212,33635,35349,-1714,1697,790,907,45995,44590,1405
2011-05-16,7670,8180,-510,35062,39303,-4241,1682,773,909,44414,48256,-3842
2011-05-17,6160,8539,-2379,36858,42710,-5852,1646,837,809,44664,52086,-7422
2011-05-18,3949,3597,352,29564,37310,-7746,1615,788,827,35128,41695,-6567
2011-05-19,3814,4709,-895,30464,37047,-6583,1716,808,908,35994,42564,-6570
2011-05-20,3841,6046,-2205,32019,35921,-3902,1747,853,894,37607,42820,-5213
2011-05-23,4091,6512,-2421,32373,36564,-4191,1632,820,812,38096,43896,-5800
2011-05-24,4397,5620,-1223,31844,38119,-6275,1606,1171,435,37847,44910,-7063
2011-05-25,4305,6791,-2486,31322,35758,-4436,1623,1149,474,37250,43698,-6448
2011-05-26,5265,6558,-1293,32282,36721,-4439,1638,1184,454,39185,44463,-5278
2011-05-27,5089,6371,-1282,34395,36453,-2058,1664,1147,517,41148,43971,-2823
2011-05-30,5365,7508,-2143,36610,35812,798,1664,1168,496,43639,44488,-849
2011-05-31,8601,7732,869,41517,36842,4675,1855,893,962,51973,45467,6506
2011-06-01,9946,7896,2050,44367,38380,5987,1860,904,956,56173,47180,8993
2011-06-02,9312,8066,1246,47144,41098,6046,1857,1169,688,58313,50333,7980
2011-06-03,11363,8177,3186,47412,44081,3331,1846,966,880,60621,53224,7397
2011-06-07,12169,8510,3659,47081,45013,2068,1838,1108,730,61088,54631,6457
2011-06-08,10265,9248,1017,45514,44214,1300,1888,1295,593,57667,54757,2910
2011-06-09,9741,10330,-589,45224,44041,1183,1887,1507,380,56852,55878,974
2011-06-10,7001,8561,-1560,39865,42729,-2864,1739,1766,-27,48605,53056,-4451
2011-06-13,6279,8850,-2571,42238,43217,-979,1684,1648,36,50201,53715,-3514
2011-06-14,6106,8792,-2686,39966,41178,-1212,1699,840,859,47771,50810,-3039
2011-06-15,3673,5176,-1503,16256,24556,-8300,1617,938,679,21546,30670,-9124
2011-06-16,2919,6531,-3612,16190,24000,-7810,1721,1095,626,20830,31626,-10796
2011-06-17,2777,6889,-4112,18669,27178,-8509,1610,807,803,23056,34874,-11818
2011-06-20,2788,7241,-4453,19544,25953,-6409,1598,764,834,23930,33958,-10028
2011-06-21,3681,8116,-4435,19231,29120,-9889,1610,764,846,24522,38000,-13478
2011-06-22,4227,8170,-3943,18114,28036,-9922,1827,639,1188,24168,36845,-12677
2011-06-23,4238,8740,-4502,18275,30132,-11857,1861,1009,852,24374,39881,-15507
2011-06-24,4749,8805,-4056,19115,36545,-17430,1833,1109,724,25697,46459,-20762
2011-06-27,5235,9005,-3770,19738,37452,-17714,1877,801,1076,26850,47258,-20408
2011-06-28,5063,9930,-4867,19624,36054,-16430,2344,801,1543,27031,46785,-19754
2011-06-29,7427,9673,-2246,20110,34328,-14218,2216,891,1325,29753,44892,-15139
2011-06-30,7417,9694,-2277,21199,33978,-12779,2255,661,1594,30871,44333,-13462
2011-07-01,8480,8848,-368,21867,32297,-10430,2291,506,1785,32638,41651,-9013
2011-07-04,8261,8032,229,23283,31044,-7761,2326,490,1836,33870,39566,-5696
2011-07-05,9490,7167,2323,24067,29739,-5672,2425,525,1900,35982,37431,-1449
2011-07-06,10285,7077,3208,24926,27067,-2141,2619,482,2137,37830,34626,3204
2011-07-07,9254,6364,2890,25352,29107,-3755,2596,731,1865,37202,36202,1000
2011-07-08,9096,6539,2557,27666,31125,-3459,2805,723,2082,39567,38387,1180
2011-07-11,7746,6995,751,28404,31790,-3386,2747,890,1857,38897,39675,-778
2011-07-12,6976,7549,-573,28525,36857,-8332,2950,1619,1331,38451,46025,-7574
2011-07-13,7833,7652,181,29469,38346,-8877,3037,1497,1540,40339,47495,-7156
2011-07-14,9677,9588,89,30837,40661,-9824,3109,1520,1589,43623,51769,-8146
2011-07-15,11544,9637,1907,32522,42940,-10418,3308,1623,1685,47374,54200,-6826
2011-07-18,9040,9410,-370,33743,44261,-10518,3399,1623,1776,46182,55294,-9112
2011-07-19,7783,8514,-731,37837,46934,-9097,3596,1715,1881,49216,57163,-7947
2011-07-20,5776,4481,1295,27992,36238,-8246,3751,260,3491,37519,40979,-3460
2011-07-21,6097,4025,2072,29120,38013,-8893,3801,303,3498,39018,42341,-3323
2011-07-22,6628,3755,2873,30887,38616,-7729,3826,437,3389,41341,42808,-1467
2011-07-25,6111,4086,2025,28561,39013,-10452,3967,442,3525,38639,43541,-4902
2011-07-26,7413,4893,2520,31556,39049,-7493,3975,586,3389,42944,44528,-1584
2011-07-27,7780,4860,2920,31864,38072,-6208,4038,581,3457,43682,43513,169
2011-07-28,7661,4548,3113,32102,40058,-7956,4157,743,3414,43920,45349,-1429
2011-07-29,5140,4547,593,31316,42612,-11296,4189,828,3361,40645,47987,-7342
2011-08-01,6209,5286,923,32264,47708,-15444,4169,714,3455,42642,53708,-11066
2011-08-02,4950,5890,-940,31618,47966,-16348,4170,749,3421,40738,54605,-13867
2011-08-03,7503,7175,328,30121,48690,-18569,4254,766,3488,41878,56631,-14753
2011-08-04,8606,8297,309,28311,53356,-25045,4280,920,3360,41197,62573,-21376
2011-08-05,9396,11047,-1651,32247,48004,-15757,4334,711,3623,45977,59762,-13785
2011-08-08,8727,23264,-14537,37917,38751,-834,4507,475,4032,51151,62490,-11339
2011-08-09,14542,27353,-12811,36876,39078,-2202,4777,508,4269,56195,66939,-10744
2011-08-10,13439,26891,-13452,38519,38322,197,4573,319,4254,56531,65532,-9001
2011-08-11,14542,27007,-12465,37847,36551,1296,4587,672,3915,56976,64230,-7254
2011-08-12,14445,27206,-12761,39727,33777,5950,4539,800,3739,58711,61783,-3072
2011-08-15,14748,24194,-9446,41277,34038,7239,4544,852,3692,60569,59084,1485
2011-08-16,13438,25458,-12020,45844,37361,8483,4600,1018,3582,63882,63837,45
2011-08-17,3500,7103,-3603,23076,26956,-3880,4542,939,3603,31118,34998,-3880
2011-08-18,5168,9210,-4042,27398,26257,1141,4341,881,3460,36907,36348,559
2011-08-19,4264,12227,-7963,29820,23194,6626,4347,1623,2724,38431,37044,1387
2011-08-22,4075,13702,-9627,30718,23441,7277,4276,2210,2066,39069,39353,-284
2011-08-23,4904,11423,-6519,28961,27719,1242,4403,1978,2425,38268,41120,-2852
2011-08-24,6667,12014,-5347,29591,29701,-110,4539,1250,3289,40797,42965,-2168
2011-08-25,7163,13217,-6054,29196,29022,174,4494,1691,2803,40853,43930,-3077
2011-08-26,6224,13259,-7035,29996,27289,2707,4407,1791,2616,40627,42339,-1712
2011-08-29,6185,11117,-4932,28101,29886,-1785,4422,1569,2853,38708,42572,-3864
2011-08-30,7927,11436,-3509,29849,27376,2473,4424,1458,2966,42200,40270,1930
2011-08-31,9621,12881,-3260,31044,26888,4156,4405,1448,2957,45070,41217,3853
2011-09-01,8249,12669,-4420,31678,24777,6901,4440,1608,2832,44367,39054,5313
2011-09-02,8483,13259,-4776,30370,24583,5787,4300,1770,2530,43153,39612,3541
2011-09-05,8071,13395,-5324,32945,24958,7987,4323,1909,2414,45339,40262,5077
2011-09-06,6522,13550,-7028,34062,25236,8826,4303,2378,1925,44887,41164,3723
2011-09-07,9744,12610,-2866,33261,27709,5552,4306,2538,1768,47311,42857,4454
2011-09-08,10058,13102,-3044,35527,29601,5926,4321,2086,2235,49906,44789,5117
2011-09-09,10751,13312,-2561,36425,28993,7432,4219,2098,2121,51395,44403,6992
2011-09-13,7822,12187,-4365,36941,30256,6685,4235,2173,2062,48998,44616,4382
2011-09-14,7216,13999,-6783,40519,30323,10196,4091,2073,2018,51826,46395,5431
2011-09-15,9276,12642,-3366,41180,31551,9629,4099,2526,1573,54555,46719,7836
2011-09-16,11102,11870,-768,41089,31059,10030,4329,1939,2390,56520,44868,11652
2011-09-19,8104,12480,-4376,40168,31143,9025,3972,1916,2056,52244,45539,6705
2011-09-20,8030,11943,-3913,39456,31244,8212,3881,1751,2130,51367,44938,6429
2011-09-21,3511,5615,-2104,23944,19538,4406,3795,1318,2477,31250,26471,4779
2011-09-22,3847,7107,-3260,27861,23748,4113,3824,1883,1941,35532,32738,2794
2011-09-23,5427,8817,-3390,29380,27996,1384,3816,2562,1254,38623,39375,-752
2011-09-26,6696,10210,-3514,29942,26728,3214,3821,2229,1592,40459,39167,1292
2011-09-27,6883,9371,-2488,30175,24297,5878,3812,1966,1846,40870,35634,5236
2011-09-28,6876,9439,-2563,30722,25540,5182,3813,1780,2033,41411,36759,4652
2011-09-29,6963,9207,-2244,30705,23412,7293,3757,1854,1903,41425,34473,6952
2011-09-30,7176,10018,-2842,29849,21552,8297,3749,2161,1588,40774,33731,7043
2011-10-03,7565,10378,-2813,32428,21660,10768,3749,2121,1628,43742,34159,9583
2011-10-04,6991,9199,-2208,32963,21359,11604,3746,2498,1248,43700,33056,10644
2011-10-05,7295,11014,-3719,29903,24534,5369,3699,2605,1094,40897,38153,2744
2011-10-06,6357,8667,-2310,29608,21589,8019,3770,2661,1109,39735,32917,6818
2011-10-07,6429,7673,-1244,29140,23063,6077,3741,1807,1934,39310,32543,6767
2011-10-11,7507,6889,618,29801,23632,6169,3891,1539,2352,41199,32060,9139
2011-10-12,7966,6361,1605,29365,25863,3502,3885,1692,2193,41216,33916,7300
2011-10-13,7489,6227,1262,29433,28987,446,3883,1716,2167,40805,36930,3875
2011-10-14,5848,6323,-475,31399,30096,1303,3799,1584,2215,41046,38003,3043
2011-10-17,7454,7729,-275,31666,31688,-22,3892,1418,2474,43012,40835,2177
2011-10-18,7649,8306,-657,32897,33026,-129,3762,1208,2554,44308,42540,1768
2011-10-19,2926,4452,-1526,25014,23154,1860,3744,776,2968,31684,28382,3302
2011-10-20,2933,6239,-3306,24522,25722,-1200,3598,989,2609,31053,32950,-1897
2011-10-21,2991,6556,-3565,25082,25808,-726,3595,1030,2565,31668,33394,-1726
2011-10-24,3578,5414,-1836,24508,21438,3070,3721,923,2798,31807,27775,4032
2011-10-25,3504,4678,-1174,25043,21005,4038,1338,837,501,29885,26520,3365
2011-10-26,4256,5192,-936,26182,21073,5109,1336,762,574,31774,27027,4747
2011-10-27,5425,4920,505,27748,23508,4240,1464,547,917,34637,28975,5662
2011-10-28,5318,6034,-716,30016,25217,4799,1464,528,936,36798,31779,5019
2011-10-31,3739,5929,-2190,29756,24594,5162,1343,500,843,34838,31023,3815
2011-11-01,4744,6516,-1772,32350,24192,8158,1347,569,778,38441,31277,7164
2011-11-02,4745,6824,-2079,30985,26336,4649,1312,557,755,37042,33717,3325
2011-11-03,2976,7065,-4089,31185,31147,38,1284,565,719,35445,38777,-3332
2011-11-04,6250,8376,-2126,29565,28944,621,1309,483,826,37124,37803,-679
2011-11-07,6238,7464,-1226,29395,28157,1238,1309,444,865,36942,36065,877
2011-11-08,4588,7431,-2843,32513,31113,1400,1308,496,812,38409,39040,-631
2011-11-09,4348,7729,-3381,33012,29960,3052,1303,493,810,38663,38182,481
2011-11-10,3528,8947,-5419,34888,37568,-2680,1205,859,346,39621,47374,-7753
2011-11-11,4407,9161,-4754,36777,39920,-3143,1203,797,406,42387,49878,-7491
2011-11-14,6995,10328,-3333,37492,37668,-176,1284,563,721,45771,48559,-2788
2011-11-15,5527,11794,-6267,38453,37404,1049,1299,556,743,45279,49754,-4475
2011-11-16,3181,5010,-1829,29849,34637,-4788,1227,648,579,34257,40295,-6038
2011-11-17,4178,5481,-1303,30309,34303,-3994,1268,892,376,35755,40676,-4921
2011-11-18,5146,6375,-1229,31171,41223,-10052,1256,904,352,37573,48502,-10929
2011-11-21,7085,7842,-757,32060,45221,-13161,1250,1063,187,40395,54126,-13731
2011-11-22,6827,8319,-1492,32370,47828,-15458,1247,1191,56,40444,57338,-16894
2011-11-23,8713,9461,-748,33984,51063,-17079,1177,1243,-66,43874,61767,-17893
2011-11-24,8028,8198,-170,32858,54613,-21755,1218,1050,168,42104,63861,-21757
2011-11-25,8609,8726,-117,33000,52429,-19429,1214,1076,138,42823,62231,-19408
2011-11-28,8024,7863,161,32995,49636,-16641,1265,1104,161,42284,58603,-16319
2011-11-29,7854,7062,792,32363,49302,-16939,1270,1087,183,41487,57451,-15964
2011-11-30,7532,8172,-640,35259,46624,-11365,1198,1110,88,43989,55906,-11917
2011-12-01,9102,6394,2708,32908,46547,-13639,1528,931,597,43538,53872,-10334
2011-12-02,8916,6110,2806,32446,49245,-16799,1518,937,581,42880,56292,-13412
2011-12-05,9575,6876,2699,32583,50783,-18200,1492,982,510,43650,58641,-14991
2011-12-06,8873,8359,514,33113,47575,-14462,1413,1220,193,43399,57154,-13755
2011-12-07,7852,7166,686,33208,46286,-13078,1406,1280,126,42466,54732,-12266
2011-12-08,7751,6645,1106,33683,47820,-14137,1273,1220,53,42707,55685,-12978
2011-12-09,7206,6387,819,36491,47619,-11128,1285,1310,-25,44982,55316,-10334
2011-12-12,7182,6321,861,34817,45872,-11055,1273,1172,101,43272,53365,-10093
2011-12-13,6713,6044,669,37041,46009,-8968,1249,1137,112,45003,53190,-8187
2011-12-14,6607,6319,288,36542,47328,-10786,1346,1135,211,44495,54782,-10287
2011-12-15,6836,7348,-512,35765,50091,-14326,1176,1001,175,43777,58440,-14663
2011-12-16,5860,6188,-328,36416,48690,-12274,1176,978,198,43452,55856,-12404
2011-12-19,4736,6502,-1766,40861,51534,-10673,1173,1032,141,46770,59068,-12298
2011-12-20,5044,9645,-4601,44784,53330,-8546,1173,1119,54,51001,64094,-13093
2011-12-21,5302,4295,1007,26934,33945,-7011,1189,843,346,33425,39083,-5658
2011-12-22,5059,4368,691,26848,33710,-6862,1179,884,295,33086,38962,-5876
2011-12-23,5883,4218,1665,27391,33557,-6166,1239,674,565,34513,38449,-3936
2011-12-26,6119,4276,1843,25527,33068,-7541,1244,766,478,32890,38110,-5220
2011-12-27,6007,4142,1865,26074,33921,-7847,1241,817,424,33322,38880,-5558
2011-12-28,5675,4542,1133,26068,33783,-7715,1241,992,249,32984,39317,-6333
2011-12-29,5758,4613,1145,26170,33930,-7760,1236,1019,217,33164,39562,-6398
2011-12-30,6437,4678,1759,24193,36095,-11902,1182,1227,-45,31812,42000,-10188
2012-01-02,7091,5430,1661,24067,36378,-12311,1175,1617,-442,32333,43425,-11092
2012-01-03,6418,4991,1427,25990,34433,-8443,1182,1638,-456,33590,41062,-7472
2012-01-04,7079,5218,1861,27250,32591,-5341,1179,1587,-408,35508,39396,-3888
2012-01-05,7575,5445,2130,28606,32092,-3486,1170,1424,-254,37351,38961,-1610
2012-01-06,6820,4970,1850,27159,29963,-2804,1156,1470,-314,35135,36403,-1268
2012-01-09,5894,4806,1088,27159,29736,-2577,1166,1516,-350,34219,36058,-1839
2012-01-10,6057,5223,834,31081,28825,2256,1310,1066,244,38448,35114,3334
2012-01-11,6899,5563,1336,30723,29793,930,1310,1033,277,38932,36389,2543
2012-01-12,7630,5533,2097,31927,29621,2306,1333,1074,259,40890,36228,4662
2012-01-13,9284,6428,2856,31999,32580,-581,1355,1323,32,42638,40331,2307
2012-01-16,9050,5791,3259,32252,34076,-1824,1239,1211,28,42541,41078,1463
2012-01-17,10838,4941,5897,32711,31027,1684,1282,988,294,44831,36956,7875
2012-01-18,5329,4484,845,25660,21626,4034,1291,840,451,32280,26950,5330
2012-01-30,5828,5004,824,26378,21077,5301,1285,799,486,33491,26880,6611
2012-01-31,6226,4997,1229,28974,22838,6136,1220,709,511,36420,28544,7876
2012-02-01,8912,6753,2159,31961,20486,11475,1229,659,570,42102,27898,14204
2012-02-02,10468,6451,4017,31830,21524,10306,1221,550,671,43519,28525,14994
2012-02-03,10748,5669,5079,32069,21753,10316,1221,611,610,44038,28033,16005
2012-02-04,11992,5919,6073,32739,21149,11590,1197,641,556,45928,27709,18219
2012-02-06,11430,6550,4880,32216,20234,11982,1206,693,513,44852,27477,17375
2012-02-07,11719,6954,4765,34593,19476,15117,1181,737,444,47493,27167,20326
2012-02-08,13177,6511,6666,34421,20920,13501,1186,711,475,48784,28142,20642
2012-02-09,14124,5580,8544,33539,22257,11282,1147,737,410,48810,28574,20236
2012-02-10,13153,6976,6177,34027,25515,8512,1147,756,391,48327,33247,15080
2012-02-13,13192,8450,4742,38588,28721,9867,1112,782,330,52892,37953,14939
2012-02-14,13630,5629,8001,35854,28699,7155,1114,887,227,50598,35215,15383
2012-02-15,5490,4545,945,25457,13719,11738,1107,774,333,32054,19038,13016
2012-02-16,4897,5424,-527,26185,15553,10632,1081,1045,36,32163,22022,10141
2012-02-17,5548,5536,12,25983,17561,8422,1041,1028,13,32572,24125,8447
2012-02-20,6566,5462,1104,25022,18245,6777,1063,1061,2,32651,24768,7883
2012-02-21,6827,5701,1126,25992,18235,7757,1028,1089,-61,33847,25025,8822
2012-02-22,7455,5924,1531,25837,17422,8415,1093,941,152,34385,24287,10098
2012-02-23,7345,5925,1420,23623,16980,6643,1088,1016,72,32056,23921,8135
2012-02-24,6851,5961,890,24526,18049,6477,1060,963,97,32437,24973,7464
2012-02-29,7579,5654,1925,31475,16066,15409,1077,870,207,40131,22590,17541
2012-03-01,7707,6179,1528,30388,16867,13521,1052,805,247,39147,23851,15296
2012-03-02,7959,5803,2156,27543,17945,9598,1042,753,289,36544,24501,12043
2012-03-03,7174,5995,1179,27665,18104,9561,1021,732,289,35860,24831,11029
2012-03-05,6458,6260,198,25337,20315,5022,928,737,191,32723,27312,5411
2012-03-06,5927,7838,-1911,25411,22816,2595,929,976,-47,32267,31630,637
2012-03-07,4342,8018,-3676,27947,21566,6381,934,1026,-92,33223,30610,2613
2012-03-08,7700,7497,203,27451,21810,5641,978,1018,-40,36129,30325,5804
2012-03-09,9269,7870,1399,26436,20772,5664,1059,869,190,36764,29511,7253
2012-03-12,7654,8238,-584,26887,20687,6200,1059,870,189,35600,29795,5805
2012-03-13,9247,9738,-491,30652,18296,12356,1081,830,251,40980,28864,12116
2012-03-14,11619,10608,1011,32655,21866,10789,1070,795,275,45344,33269,12075
2012-03-15,11651,9759,1892,31284,22736,8548,1066,687,379,44001,33182,10819
2012-03-16,8959,8782,177,28132,22956,5176,1136,724,412,38227,32462,5765
2012-03-19,8058,7832,226,38043,30771,7272,1031,865,166,47132,39468,7664
2012-03-20,4936,8663,-3727,39992,34057,5935,1016,894,122,45944,43614,2330
2012-03-21,2796,6722,-3926,30209,21284,8925,1011,872,139,34016,28878,5138
2012-03-22,4471,8108,-3637,36185,21038,15147,1041,877,164,41697,30023,11674
2012-03-23,3993,8370,-4377,34652,25049,9603,1028,769,259,39673,34188,5485
2012-03-26,4027,6901,-2874,27633,25496,2137,972,874,98,32632,33271,-639
2012-03-27,4665,6857,-2192,30739,22038,8701,982,983,-1,36386,29878,6508
2012-03-28,5583,6776,-1193,33317,20911,12406,1035,1032,3,39935,28719,11216
2012-03-29,5445,7108,-1663,27022,26105,917,953,1216,-263,33420,34429,-1009
2012-03-30,7599,6602,997,26370,26859,-489,974,1303,-329,34943,34764,179
2012-04-02,7242,6618,624,27345,25065,2280,974,1288,-314,35561,32971,2590
2012-04-03,7955,7048,907,26206,30624,-4418,1022,1381,-359,35183,39053,-3870
2012-04-05,9503,6970,2533,27027,34285,-7258,1001,1141,-140,37531,42396,-4865
2012-04-06,11336,6698,4638,26670,29395,-2725,1132,1153,-21,39138,37246,1892
2012-04-09,10785,6943,3842,28815,26423,2392,1156,1233,-77,40756,34599,6157
2012-04-10,10168,6499,3669,30441,25850,4591,1149,1433,-284,41758,33782,7976
2012-04-11,10683,5874,4809,33448,26967,6481,1164,1223,-59,45295,34064,11231
2012-04-12,12215,5664,6551,29985,27581,2404,1164,1167,-3,43364,34412,8952
2012-04-13,12548,6476,6072,35944,29953,5991,1180,1017,163,49672,37446,12226
2012-04-16,10599,6628,3971,41570,34036,7534,1180,1220,-40,53349,41884,11465
2012-04-17,9543,5840,3703,35381,35299,82,1108,1302,-194,46032,42441,3591
2012-04-18,2976,5838,-2862,24778,18708,6070,1035,1199,-164,28789,25745,3044
2012-04-19,2847,6074,-3227,25229,16026,9203,1015,1371,-356,29091,23471,5620
2012-04-20,2982,5471,-2489,24657,19240,5417,1063,1369,-306,28702,26080,2622
2012-04-23,3674,5179,-1505,25319,19155,6164,1063,1529,-466,30056,25863,4193
2012-04-24,2722,5030,-2308,27011,17227,9784,1076,1576,-500,30809,23833,6976
2012-04-25,3204,5253,-2049,27372,18820,8552,1124,1350,-226,31700,25423,6277
2012-04-26,3976,5299,-1323,24734,19081,5653,1117,1325,-208,29827,25705,4122
2012-04-27,3727,5606,-1879,25391,20761,4630,1094,1336,-242,30212,27703,2509
2012-04-30,4856,5680,-824,24560,21226,3334,1149,805,344,30565,27711,2854
2012-05-02,5503,5360,143,27177,20128,7049,1260,790,470,33940,26278,7662
2012-05-03,5836,5634,202,25493,20080,5413,1271,879,392,32600,26593,6007
2012-05-04,5610,5804,-194,26542,20133,6409,1257,918,339,33409,26855,6554
2012-05-07,5920,5810,110,24114,23574,540,1128,1033,95,31162,30417,745
2012-05-08,6920,5764,1156,24124,22503,1621,1143,1093,50,32187,29360,2827
2012-05-09,7283,5383,1900,26720,26834,-114,1101,1133,-32,35104,33350,1754
2012-05-10,8382,5396,2986,26745,25330,1415,1050,1163,-113,36177,31889,4288
2012-05-11,8176,6772,1404,27715,31004,-3289,1050,1190,-140,36941,38966,-2025
2012-05-14,6252,5506,746,28258,26489,1769,1060,1553,-493,35570,33548,2022
2012-05-15,6659,6611,48,28418,25055,3363,1012,1442,-430,36089,33108,2981
2012-05-16,2529,5303,-2774,21103,19349,1754,996,1304,-308,24628,25956,-1328
2012-05-17,2896,6772,-3876,19461,17979,1482,1016,1464,-448,23373,26215,-2842
2012-05-18,2819,8474,-5655,22233,19290,2943,1021,1518,-497,26073,29282,-3209
2012-05-21,2978,8985,-6007,21213,14395,6818,1039,1636,-597,25230,25016,214
2012-05-22,3758,8250,-4492,21879,17776,4103,1083,1587,-504,26720,27613,-893
2012-05-23,3949,9018,-5069,22119,17606,4513,1092,1490,-398,27160,28114,-954
2012-05-24,4328,9806,-5478,21688,18613,3075,1101,1376,-275,27117,29795,-2678
2012-05-25,4671,10846,-6175,22776,20993,1783,1105,1540,-435,28552,33379,-4827
2012-05-28,4453,11060,-6607,22923,20294,2629,1127,1420,-293,28503,32774,-4271
2012-05-29,6082,10550,-4468,24345,16873,7472,1273,1433,-160,31700,28856,2844
2012-05-30,5905,11033,-5128,24403,23045,1358,1287,1383,-96,31595,35461,-3866
2012-05-31,6813,11225,-4412,26319,22335,3984,1148,1610,-462,34280,35170,-890
2012-06-01,6135,10993,-4858,28227,23282,4945,1154,1725,-571,35516,36000,-484
2012-06-04,6077,14701,-8624,29622,20300,9322,1132,1797,-665,36831,36798,33
2012-06-05,6726,14157,-7431,29068,17241,11827,1130,2036,-906,36924,33434,3490
2012-06-06,6936,13894,-6958,29742,17923,11819,1162,1603,-441,37840,33420,4420
2012-06-07,7038,12991,-5953,29991,19102,10889,1168,1705,-537,38197,33798,4399
2012-06-08,6792,13137,-6345,32310,21254,11056,1168,1898,-730,40270,36289,3981
2012-06-11,7395,10559,-3164,31174,21850,9324,1159,1857,-698,39728,34266,5462
2012-06-12,7215,12058,-4843,33286,22065,11221,1165,1560,-395,41666,35683,5983
2012-06-13,8453,11544,-3091,35121,24721,10400,1168,1505,-337,44742,37770,6972
2012-06-14,9216,12878,-3662,35060,24052,11008,1270,1577,-307,45546,38507,7039
2012-06-15,11517,12902,-1385,37534,24582,12952,1296,1502,-206,50347,38986,11361
2012-06-18,12120,13602,-1482,37544,27697,9847,1358,1205,153,51022,42504,8518
2012-06-19,10240,9672,568,32934,24456,8478,1374,1175,199,44548,35303,9245
2012-06-20,2551,4376,-1825,22755,14267,8488,1356,930,426,26662,19573,7089
2012-06-21,3126,4205,-1079,23299,16460,6839,1326,933,393,27751,21598,6153
2012-06-22,5702,3814,1888,27471,28629,-1158,1280,1047,233,34453,33490,963
2012-06-25,8389,3516,4873,32719,40071,-7352,1326,1002,324,42434,44589,-2155
2012-06-26,8486,3855,4631,33279,37314,-4035,1405,1199,206,43170,42368,802
2012-06-27,9218,4399,4819,35784,37834,-2050,1434,1188,246,46436,43421,3015
2012-06-28,9606,4555,5051,38177,38495,-318,1462,1199,263,49245,44249,4996
2012-06-29,9272,5594,3678,38963,35509,3454,1554,1161,393,49789,42264,7525
2012-07-02,10755,4963,5792,39501,36940,2561,1618,1202,416,51874,43105,8769
2012-07-03,8960,6026,2934,44787,35040,9747,2290,1220,1070,56037,42286,13751
2012-07-04,10058,6696,3362,46215,35016,11199,2585,1196,1389,58858,42908,15950
2012-07-05,10353,6023,4330,46956,35353,11603,2607,1196,1411,59916,42572,17344
2012-07-06,9523,5076,4447,46171,37179,8992,2957,1203,1754,58651,43458,15193
2012-07-09,8816,4907,3909,47052,38357,8695,2912,1069,1843,58780,44333,14447
2012-07-10,10107,5598,4509,44901,41534,3367,3008,1125,1883,58016,48257,9759
2012-07-11,11278,5528,5750,43812,40705,3107,3138,1055,2083,58228,47288,10940
2012-07-12,12554,5697,6857,40153,44234,-4081,3107,1176,1931,55814,51107,4707
2012-07-13,12086,6327,5759,39826,44430,-4604,3187,1558,1629,55099,52315,2784
2012-07-16,12968,5832,7136,36383,44537,-8154,3431,1584,1847,52782,51953,829
2012-07-17,14394,9651,4743,34491,39482,-4991,3443,1572,1871,52328,50705,1623
2012-07-18,5678,4102,1576,25980,34750,-8770,3570,1561,2009,35228,40413,-5185
2012-07-19,6643,4299,2344,30582,29861,721,3619,1538,2081,40844,35698,5146
2012-07-20,6897,4449,2448,32094,33044,-950,3640,1580,2060,42631,39073,3558
2012-07-23,7271,4283,2988,32416,37256,-4840,3630,1715,1915,43317,43254,63
2012-07-24,6535,4010,2525,31751,36777,-5026,3717,1728,1989,42003,42515,-512
2012-07-25,6906,5896,1010,33721,34932,-1211,3874,1800,2074,44501,42628,1873
2012-07-26,6750,5169,1581,35162,36160,-998,3876,1810,2066,45788,43139,2649
2012-07-27,6467,4932,1535,38302,35537,2765,4005,1696,2309,48774,42165,6609
2012-07-30,5265,5908,-643,42970,35176,7794,4013,1804,2209,52248,42888,9360
2012-07-31,5825,6300,-475,42491,33929,8562,4114,1755,2359,52430,41984,10446
2012-08-01,7023,6538,485,46125,33465,12660,4143,1772,2371,57291,41775,15516
2012-08-03,6256,5413,843,44509,34443,10066,4171,1761,2410,54936,41617,13319
2012-08-06,6554,5917,637,39475,35103,4372,4270,1636,2634,50299,42656,7643
2012-08-07,6647,6130,517,40126,34947,5179,4317,1690,2627,51090,42767,8323
2012-08-08,7162,9507,-2345,44679,29589,15090,4446,1668,2778,56287,40764,15523
2012-08-09,10029,13657,-3628,41728,21221,20507,4197,1547,2650,55954,36425,19529
2012-08-10,10310,13670,-3360,41941,22002,19939,4257,1532,2725,56508,37204,19304
2012-08-13,12639,15039,-2400,44185,24808,19377,4237,1524,2713,61061,41371,19690
2012-08-14,13375,14387,-1012,41278,26998,14280,4407,1297,3110,59060,42682,16378
2012-08-15,1950,5258,-3308,26696,14793,11903,4279,1006,3273,32925,21057,11868
2012-08-16,3641,5074,-1433,27928,15850,12078,4256,1035,3221,35825,21959,13866
2012-08-17,5092,4887,205,25200,17964,7236,4295,1047,3248,34587,23898,10689
2012-08-20,5369,4236,1133,27896,17357,10539,4328,1043,3285,37593,22636,14957
2012-08-21,4500,5504,-1004,29479,16896,12583,4374,1038,3336,38353,23438,14915
2012-08-22,4961,5533,-572,27278,16898,10380,4342,1020,3322,36581,23451,13130
2012-08-23,5370,5798,-428,26156,16808,9348,4425,1117,3308,35951,23723,12228
2012-08-24,5474,5658,-184,26488,16130,10358,4413,1117,3296,36375,22905,13470
2012-08-27,6288,6128,160,23081,19318,3763,4376,1117,3259,33745,26563,7182
2012-08-28,5562,6313,-751,24198,19014,5184,4296,1299,2997,34056,26626,7430
2012-08-29,5398,6090,-692,24919,18732,6187,4309,1318,2991,34626,26140,8486
2012-08-30,5871,5831,40,25948,16278,9670,4150,1424,2726,35969,23533,12436
2012-08-31,5505,5973,-468,27201,18621,8580,4083,1482,2601,36789,26076,10713
2012-09-03,6176,6644,-468,28619,18994,9625,4234,1398,2836,39029,27036,11993
2012-09-04,5899,7348,-1449,26761,19595,7166,4204,1426,2778,36864,28369,8495
2012-09-05,6181,6946,-765,23269,23169,100,4096,1603,2493,33546,31718,1828
2012-09-06,6980,6908,72,25443,23256,2187,3962,1855,2107,36385,32019,4366
2012-09-07,7892,5700,2192,24499,24938,-439,4009,1633,2376,36400,32271,4129
2012-09-10,7295,5432,1863,27987,22404,5583,4085,1591,2494,39367,29427,9940
2012-09-11,7246,5577,1669,30787,22949,7838,4083,1554,2529,42116,30080,12036
2012-09-12,9547,5068,4479,33092,23412,9680,4105,1599,2506,46744,30079,16665
2012-09-13,9285,6502,2783,32500,24320,8180,4084,1588,2496,45869,32410,13459
2012-09-14,8714,7698,1016,35594,27539,8055,4058,1451,2607,48366,36688,11678
2012-09-17,9862,6868,2994,37700,33276,4424,4035,1425,2610,51597,41569,10028
2012-09-18,8045,8987,-942,46528,37279,9249,4264,937,3327,58837,47203,11634
2012-09-19,2489,5279,-2790,33178,25700,7478,4196,658,3538,39863,31637,8226
2012-09-20,2428,5574,-3146,33047,25857,7190,4139,739,3400,39614,32170,7444
2012-09-21,3137,5539,-2402,33668,27495,6173,4114,750,3364,40919,33784,7135
2012-09-24,3274,5484,-2210,35462,26702,8760,4086,785,3301,42822,32971,9851
2012-09-25,3650,6020,-2370,34654,28886,5768,4055,818,3237,42359,35724,6635
2012-09-26,3754,6698,-2944,35031,29772,5259,3916,788,3128,42701,37258,5443
2012-09-27,4479,6213,-1734,35216,29471,5745,3910,942,2968,43605,36626,6979
2012-09-28,4749,5802,-1053,33140,28794,4346,3881,921,2960,41770,35517,6253
2012-10-01,4716,6509,-1793,35238,29862,5376,3865,848,3017,43819,37219,6600
2012-10-02,5150,5838,-688,34982,28094,6888,3963,820,3143,44095,34752,9343
2012-10-03,5363,6662,-1299,33210,29159,4051,3952,856,3096,42525,36677,5848
2012-10-04,5308,6564,-1256,33175,30845,2330,3915,896,3019,42398,38305,4093
2012-10-05,5190,5917,-727,31422,29999,1423,3880,870,3010,40492,36786,3706
2012-10-08,4744,6337,-1593,30901,30620,281,3772,796,2976,39417,37753,1664
2012-10-09,4199,7098,-2899,30160,31000,-840,3722,880,2842,38081,38978,-897
2012-10-11,7287,7438,-151,25562,32540,-6978,3710,840,2870,36559,40818,-4259
2012-10-12,9951,7050,2901,23059,30498,-7439,3730,944,2786,36740,38492,-1752
2012-10-15,9539,7124,2415,28211,33855,-5644,3732,942,2790,41482,41921,-439
2012-10-16,12920,8014,4906,24480,32996,-8516,3723,906,2817,41123,41916,-793
2012-10-17,2810,5793,-2983,19946,24409,-4463,3764,787,2977,26520,30989,-4469
2012-10-18,2561,6030,-3469,21586,24422,-2836,3765,767,2998,27912,31219,-3307
2012-10-19,2658,7071,-4413,19837,25874,-6037,3772,736,3036,26267,33681,-7414
2012-10-22,2933,6820,-3887,20825,24154,-3329,3732,780,2952,27490,31754,-4264
2012-10-23,3488,5879,-2391,19101,25413,-6312,1563,816,747,24152,32108,-7956
2012-10-24,2901,6287,-3386,21657,25677,-4020,1561,835,726,26119,32799,-6680
2012-10-25,3317,5799,-2482,19553,26635,-7082,1565,873,692,24435,33307,-8872
2012-10-26,4093,6089,-1996,22965,31025,-8060,1540,900,640,28598,38014,-9416
2012-10-29,2887,7093,-4206,28037,30062,-2025,1566,847,719,32490,38002,-5512
2012-10-30,3051,6922,-3871,26916,29936,-3020,1613,819,794,31580,37677,-6097
2012-10-31,3542,6536,-2994,23772,30675,-6903,1663,867,796,28977,38078,-9101
2012-11-01,4347,4871,-524,23174,30729,-7555,1677,820,857,29198,36420,-7222
2012-11-02,5517,4412,1105,23300,30304,-7004,1733,607,1126,30550,35323,-4773
2012-11-05,6219,4686,1533,24278,30423,-6145,1774,637,1137,32271,35746,-3475
2012-11-06,6336,4799,1537,24550,30728,-6178,1843,618,1225,32729,36145,-3416
2012-11-07,8464,4734,3730,23045,31131,-8086,1830,615,1215,33339,36480,-3141
2012-11-08,8332,5259,3073,25993,30609,-4616,1875,718,1157,36200,36586,-386
2012-11-09,11397,4911,6486,29294,31332,-2038,1873,677,1196,42564,36920,5644
2012-11-12,9639,4626,5013,27865,33004,-5139,1887,666,1221,39391,38296,1095
2012-11-13,10364,5604,4760,29010,38292,-9282,1713,819,894,41087,44715,-3628
2012-11-14,9257,7493,1764,29589,32117,-2528,1661,832,829,40507,40442,65
2012-11-15,9072,7307,1765,31315,33083,-1768,1621,1161,460,42008,41551,457
2012-11-16,9936,7670,2266,29054,33542,-4488,1651,1311,340,40641,42523,-1882
2012-11-19,8878,6159,2719,26558,32209,-5651,1614,1395,219,37050,39763,-2713
2012-11-20,8913,6926,1987,25428,30464,-5036,1632,1387,245,35973,38777,-2804
2012-11-21,3319,3866,-547,20959,22199,-1240,1597,1535,62,25875,27600,-1725
2012-11-22,2474,4229,-1755,22198,19813,2385,1603,1654,-51,26275,25696,579
2012-11-23,2983,5205,-2222,30969,22921,8048,1857,1025,832,35809,29151,6658
2012-11-26,4009,3798,211,27983,24068,3915,1871,883,988,33863,28749,5114
2012-11-27,3828,4022,-194,30541,23937,6604,1904,855,1049,36273,28814,7459
2012-11-28,3472,5138,-1666,32235,23653,8582,1897,884,1013,37604,29675,7929
2012-11-29,2299,5332,-3033,39771,24681,15090,1887,805,1082,43957,30818,13139
2012-11-30,2332,5301,-2969,42424,26045,16379,1852,787,1065,46608,32133,14475
2012-12-03,2819,4929,-2110,42188,28585,13603,1807,750,1057,46814,34264,12550
2012-12-04,3557,4166,-609,38671,27547,11124,1754,750,1004,43982,32463,11519
2012-12-05,4803,5460,-657,40854,28120,12734,1718,749,969,47375,34329,13046
2012-12-06,5532,5593,-61,41589,28679,12910,1703,755,948,48824,35027,13797
2012-12-07,5197,5222,-25,40920,28092,12828,1668,725,943,47785,34039,13746
2012-12-10,5912,5549,363,41134,28608,12526,1649,753,896,48695,34910,13785
2012-12-11,4863,5809,-946,42682,28448,14234,1599,757,842,49144,35014,14130
2012-12-12,5700,6830,-1130,43231,29216,14015,1633,749,884,50564,36795,13769
2012-12-13,7416,6161,1255,40593,29661,10932,1656,794,862,49665,36616,13049
2012-12-14,7262,7197,65,38104,31425,6679,1608,946,662,46974,39568,7406
2012-12-17,8388,8514,-126,40967,35502,5465,1526,976,550,50881,44992,5889
2012-12-18,7602,8447,-845,44315,38121,6194,1415,1021,394,53332,47589,5743
2012-12-19,1844,6001,-4157,32380,26042,6338,1359,1002,357,35583,33045,2538
2012-12-20,1847,5014,-3167,29509,26261,3248,1334,1119,215,32690,32394,296
2012-12-21,2247,4828,-2581,31752,28893,2859,1454,1437,17,35453,35158,295
2012-12-22,2194,4507,-2313,31473,28808,2665,1473,1437,36,35140,34752,388
2012-12-24,2253,5634,-3381,32293,27799,4494,1494,1396,98,36040,34829,1211
2012-12-25,3644,5107,-1463,31660,29458,2202,1608,1267,341,36912,35832,1080
2012-12-26,3732,4656,-924,30117,30687,-570,1617,1220,397,35466,36563,-1097
2012-12-27,3576,4936,-1360,31063,31219,-156,1479,1178,301,36118,37333,-1215
2012-12-28,3802,5045,-1243,31510,31399,111,1514,680,834,36826,37124,-298
2013-01-02,5313,5929,-616,32386,29651,2735,1469,653,816,39168,36233,2935
2013-01-03,7158,4524,2634,32407,33528,-1121,1465,635,830,41030,38687,2343
2013-01-04,7879,4384,3495,33102,34647,-1545,1441,681,760,42422,39712,2710
2013-01-07,8503,4197,4306,31823,35038,-3215,1472,783,689,41798,40018,1780
2013-01-08,8660,4504,4156,31107,36192,-5085,1390,876,514,41157,41572,-415
2013-01-09,7082,5748,1334,35557,34397,1160,1398,831,567,44037,40976,3061
2013-01-10,7643,6747,896,37882,35620,2262,1595,618,977,47120,42985,4135
2013-01-11,7167,5517,1650,36414,40570,-4156,1584,688,896,45165,46775,-1610
2013-01-14,9175,5713,3462,36894,40654,-3760,1443,753,690,47512,47120,392
2013-01-15,9038,5572,3466,36005,41640,-5635,1395,919,476,46438,48131,-1693
2013-01-16,3461,4185,-724,28545,28749,-204,1376,825,551,33382,33759,-377
2013-01-17,3018,3960,-942,33041,30459,2582,1394,1232,162,37453,35651,1802
2013-01-18,4271,3143,1128,32033,30652,1381,1394,887,507,37698,34682,3016
2013-01-21,4555,3268,1287,31022,29857,1165,1394,819,575,36971,33944,3027
2013-01-22,4064,3169,895,33070,28733,4337,1414,748,666,38548,32650,5898
2013-01-23,4250,3646,604,30133,30003,130,1481,756,725,35864,34405,1459
2013-01-24,5015,4084,931,29142,29709,-567,1398,919,479,35555,34712,843
2013-01-25,6401,3833,2568,26503,30755,-4252,1384,1005,379,34288,35593,-1305
2013-01-28,6132,3913,2219,29280,27880,1400,1387,1007,380,36799,32800,3999
2013-01-29,8237,7564,673,34067,27512,6555,1579,925,654,43883,36001,7882
2013-01-30,6697,7045,-348,33107,28625,4482,1559,880,679,41363,36550,4813
2013-01-31,7535,6224,1311,35665,28574,7091,1571,881,690,44771,35679,9092
2013-02-01,8398,7138,1260,33584,28540,5044,1547,846,701,43529,36524,7005
2013-02-04,10284,7408,2876,33385,30768,2617,1517,734,783,45186,38910,6276
2013-02-05,10779,7933,2846,31364,32798,-1434,1507,569,938,43650,41300,2350
2013-02-06,10825,8027,2798,31705,32908,-1203,1508,675,833,44038,41610,2428
2013-02-18,10115,7028,3087,36603,34708,1895,1467,691,776,48185,42427,5758
2013-02-19,10586,7507,3079,39295,35230,4065,1465,691,774,51346,43428,7918
2013-02-20,2408,4095,-1687,31084,23409,7675,1568,535,1033,35060,28039,7021
2013-02-21,2326,5251,-2925,31196,24416,6780,1556,586,970,35078,30253,4825
2013-02-22,2594,5001,-2407,31769,25823,5946,1467,585,882,35830,31409,4421
2013-02-23,3083,4787,-1704,31463,25788,5675,1467,585,882,36013,31160,4853
2013-02-25,3064,4583,-1519,30571,26317,4254,1460,585,875,35095,31485,3610
2013-02-26,2129,5577,-3448,32235,25748,6487,1405,683,722,35769,32008,3761
2013-02-27,1916,5859,-3943,32160,26176,5984,1405,713,692,35481,32748,2733
2013-03-01,2857,4976,-2119,32986,28067,4919,1406,649,757,37249,33692,3557
2013-03-04,2896,5868,-2972,31519,32196,-677,1331,760,571,35746,38824,-3078
2013-03-05,4030,5438,-1408,34045,28629,5416,1328,728,600,39403,34795,4608
2013-03-06,4182,4818,-636,32022,28187,3835,1405,568,837,37609,33573,4036
2013-03-07,3835,5303,-1468,32961,26637,6324,1418,623,795,38214,32563,5651
2013-03-08,5042,6418,-1376,36194,25724,10470,1401,605,796,42637,32747,9890
2013-03-11,6154,4942,1212,34001,25921,8080,1422,604,818,41577,31467,10110
2013-03-12,4543,5356,-813,33528,25895,7633,1408,634,774,39479,31885,7594
2013-03-13,4433,4484,-51,32648,26472,6176,1275,682,593,38356,31638,6718
2013-03-14,4804,4607,197,31668,29248,2420,1309,851,458,37781,34706,3075
2013-03-15,4899,3800,1099,30344,30711,-367,1201,917,284,36444,35428,1016
2013-03-18,5966,6411,-445,30679,31672,-993,1195,1031,164,37840,39114,-1274
2013-03-19,8542,7455,1087,29573,30163,-590,1186,1035,151,39301,38653,648
2013-03-20,2249,6132,-3883,21811,19888,1923,1186,1044,142,25246,27064,-1818
2013-03-21,2485,7171,-4686,22717,20605,2112,1186,1054,132,26388,28830,-2442
2013-03-22,2720,8565,-5845,23953,19928,4025,1186,1071,115,27859,29564,-1705
2013-03-25,2862,6993,-4131,25062,19943,5119,1212,957,255,29136,27893,1243
2013-03-26,3304,6813,-3509,23574,20115,3459,1205,955,250,28083,27883,200
2013-03-27,3720,7792,-4072,25672,19720,5952,1203,908,295,30595,28420,2175
2013-03-28,2866,7650,-4784,25129,19306,5823,1207,1018,189,29202,27974,1228
2013-03-29,4131,6169,-2038,28793,18646,10147,1315,923,392,34239,25738,8501
2013-04-01,4443,6861,-2418,29367,20352,9015,1373,983,390,35183,28196,6987
2013-04-02,5022,7944,-2922,30939,21460,9479,1247,978,269,37208,30382,6826
2013-04-03,7210,6624,586,30174,21873,8301,1242,991,251,38626,29488,9138
2013-04-08,5874,5380,494,20905,30055,-9150,1144,1359,-215,27923,36794,-8871
2013-04-09,6097,5843,254,22555,31409,-8854,1152,1323,-171,29804,38575,-8771
2013-04-10,6855,5634,1221,23979,31962,-7983,1125,1243,-118,31959,38839,-6880
2013-04-11,8004,5319,2685,30778,30646,132,1140,1116,24,39922,37081,2841
2013-04-12,6411,5747,664,30691,30355,336,1215,1139,76,38317,37241,1076
2013-04-15,7064,7268,-204,33763,29990,3773,1189,1157,32,42016,38415,3601
2013-04-16,9422,7520,1902,30579,29177,1402,1136,941,195,41137,37638,3499
2013-04-17,4467,4229,238,25053,22233,2820,1342,728,614,30862,27190,3672
2013-04-18,3866,6206,-2340,29112,21546,7566,1356,722,634,34334,28474,5860
2013-04-19,5239,9215,-3976,42199,24240,17959,1461,607,854,48899,34062,14837
2013-04-22,5030,10146,-5116,39061,23502,15559,1462,597,865,45553,34245,11308
2013-04-23,4560,9311,-4751,38073,24019,14054,1487,608,879,44120,33938,10182
2013-04-24,5473,7032,-1559,36623,24572,12051,1507,671,836,43603,32275,11328
2013-04-25,6043,6976,-933,38255,23836,14419,1504,666,838,45802,31478,14324
2013-04-26,5126,7533,-2407,39891,23248,16643,1496,621,875,46513,31402,15111
2013-04-29,4259,8713,-4454,45568,24166,21402,1492,616,876,51319,33495,17824
2013-04-30,5452,8731,-3279,44652,24543,20109,1461,578,883,51565,33852,17713
2013-05-02,5943,9366,-3423,48218,24824,23394,1419,578,841,55580,34768,20812
2013-05-03,5669,7842,-2173,45442,24939,20503,1399,578,821,52510,33359,19151
2013-05-06,6012,7147,-1135,43603,24198,19405,1395,497,898,51010,31842,19168
2013-05-07,6729,7271,-542,45295,23138,22157,1371,497,874,53395,30906,22489
2013-05-08,7402,9071,-1669,47656,25501,22155,1349,529,820,56407,35101,21306
2013-05-09,6867,7937,-1070,47485,28427,19058,1317,496,821,55669,36860,18809
2013-05-10,8432,6591,1841,47137,31338,15799,1283,496,787,56852,38425,18427
2013-05-13,8938,7111,1827,47528,32071,15457,1262,626,636,57728,39808,17920
2013-05-14,7535,7557,-22,51519,35069,16450,1200,666,534,60254,43292,16962
2013-05-15,1590,4250,-2660,38074,22255,15819,1167,526,641,40831,27031,13800
2013-05-16,4747,4542,205,36726,24520,12206,1205,565,640,42678,29627,13051
2013-05-17,3485,4636,-1151,34352,24868,9484,1192,565,627,39029,30069,8960
2013-05-20,4381,4343,38,32694,24362,8332,1160,571,589,38235,29276,8959
2013-05-21,4490,4873,-383,35497,24477,11020,1141,573,568,41128,29923,11205
2013-05-22,5209,5343,-134,31601,24958,6643,1167,573,594,37977,30874,7103
2013-05-23,8077,6594,1483,27516,25540,1976,1038,814,224,36631,32948,3683
2013-05-24,7130,6079,1051,27446,25204,2242,1029,906,123,35605,32189,3416
2013-05-27,6690,4666,2024,31535,26041,5494,1026,872,154,39251,31579,7672
2013-05-28,6797,4977,1820,30049,26447,3602,1043,840,203,37889,32264,5625
2013-05-29,6002,4576,1426,33357,25690,7667,1138,676,462,40497,30942,9555
2013-05-30,7624,5411,2213,31378,28000,3378,1105,669,436,40107,34080,6027
2013-05-31,8320,4666,3654,28839,30300,-1461,1070,649,421,38229,35615,2614
2013-06-03,6508,5185,1323,34817,28879,5938,1016,753,263,42341,34817,7524
2013-06-04,7449,4686,2763,29817,29503,314,1016,783,233,38282,34972,3310
2013-06-05,6624,5965,659,32213,29319,2894,1008,860,148,39845,36144,3701
2013-06-06,7236,4802,2434,30326,35118,-4792,1001,911,90,38563,40831,-2268
2013-06-07,6621,5548,1073,27404,32997,-5593,1001,887,114,35026,39432,-4406
2013-06-10,6347,5232,1115,28229,32386,-4157,997,787,210,35573,38405,-2832
2013-06-11,5695,5426,269,29191,33452,-4261,1111,785,326,35997,39663,-3666
2013-06-13,7295,6975,320,27390,39090,-11700,1115,1101,14,35800,47166,-11366
2013-06-14,6041,7415,-1374,26936,38107,-11171,1090,1085,5,34067,46607,-12540
2013-06-17,5265,6189,-924,26175,34964,-8789,1090,964,126,32530,42117,-9587
2013-06-18,10762,5304,5458,23756,31676,-7920,1139,895,244,35657,37875,-2218
2013-06-19,7604,3580,4024,13361,21422,-8061,1129,594,535,22094,25596,-3502
2013-06-20,9059,4532,4527,14456,27064,-12608,1045,747,298,24560,32343,-7783
2013-06-21,5196,3815,1381,14776,29085,-14309,1090,753,337,21062,33653,-12591
2013-06-24,7230,3891,3339,14602,30671,-16069,1093,789,304,22925,35351,-12426
2013-06-25,5591,4851,740,15800,31972,-16172,1119,811,308,22510,37634,-15124
2013-06-26,6624,4770,1854,14477,29060,-14583,1140,744,396,22241,34574,-12333
2013-06-27,8095,4355,3740,11735,26922,-15187,1190,561,629,21020,31838,-10818
2013-06-28,4076,3933,143,17311,21436,-4125,1314,523,791,22701,25892,-3191
2013-07-01,5581,3732,1849,18928,20804,-1876,1342,374,968,25851,24910,941
2013-07-02,5274,3884,1390,18471,20981,-2510,1696,336,1360,25441,25201,240
2013-07-03,4851,4900,-49,19326,21858,-2532,1682,367,1315,25859,27125,-1266
2013-07-04,4601,4683,-82,18730,21183,-2453,1683,406,1277,25014,26272,-1258
2013-07-05,5653,5543,110,19997,19032,965,1867,468,1399,27517,25043,2474
2013-07-08,6762,5359,1403,17261,22735,-5474,1863,578,1285,25886,28672,-2786
2013-07-09,8316,5764,2552,19872,19208,664,1829,557,1272,30017,25529,4488
2013-07-10,7998,6273,1725,23127,18635,4492,1859,510,1349,32984,25418,7566
2013-07-11,8085,8272,-187,24670,20677,3993,1876,226,1650,34631,29175,5456
2013-07-12,9099,7573,1526,23621,22034,1587,1883,207,1676,34603,29814,4789
2013-07-15,9529,5980,3549,24257,24272,-15,1976,147,1829,35762,30399,5363
2013-07-16,13670,6122,7548,21943,24672,-2729,2205,147,2058,37818,30941,6877
2013-07-17,4968,5032,-64,21319,18938,2381,2150,187,1963,28437,24157,4280
2013-07-18,7269,5693,1576,21583,22265,-682,2142,222,1920,30994,28180,2814
2013-07-19,7475,6193,1282,21089,26003,-4914,2074,288,1786,30638,32484,-1846
2013-07-22,6298,6041,257,25981,26557,-576,2115,228,1887,34394,32826,1568
2013-07-23,5606,6081,-475,26849,25723,1126,2174,162,2012,34629,31966,2663
2013-07-24,5808,5821,-13,26737,25743,994,2292,162,2130,34837,31726,3111
2013-07-25,4042,6234,-2192,27653,24819,2834,2287,167,2120,33982,31220,2762
2013-07-26,3162,6226,-3064,26903,25702,1201,2319,170,2149,32384,32098,286
2013-07-29,3967,7461,-3494,26547,25656,891,2284,250,2034,32798,33367,-569
2013-07-30,3653,9022,-5369,31230,24924,6306,2295,252,2043,37178,34198,2980
2013-07-31,3201,8126,-4925,24625,26651,-2026,2370,241,2129,30196,35018,-4822
2013-08-01,3844,8346,-4502,24177,29674,-5497,2363,317,2046,30384,38337,-7953
2013-08-02,5021,6887,-1866,24054,30191,-6137,2366,302,2064,31441,37380,-5939
2013-08-05,5933,7359,-1426,26218,28730,-2512,2369,316,2053,34520,36405,-1885
2013-08-06,7703,6724,979,21304,33906,-12602,2419,357,2062,31426,40987,-9561
2013-08-07,8717,7084,1633,20002,33803,-13801,2558,459,2099,31277,41346,-10069
2013-08-08,9394,6991,2403,16428,32270,-15842,2581,483,2098,28403,39744,-11341
2013-08-09,10291,6352,3939,16007,32296,-16289,2582,565,2017,28880,39213,-10333
2013-08-12,10286,6343,3943,17061,31249,-14188,2638,587,2051,29985,38179,-8194
2013-08-13,10006,5752,4254,19078,30736,-11658,2715,507,2208,31799,36995,-5196
2013-08-14,13462,5417,8045,15568,32514,-16946,2759,543,2216,31789,38474,-6685
2013-08-15,11842,5205,6637,17468,33894,-16426,2717,527,2190,32027,39626,-7599
2013-08-16,10865,5086,5779,19901,32719,-12818,2773,618,2155,33539,38423,-4884
2013-08-19,14144,5864,8280,18212,34166,-15954,2773,578,2195,35129,40608,-5479
2013-08-20,15269,7543,7726,16724,35093,-18369,2813,507,2306,34806,43143,-8337
2013-08-22,6011,4115,1896,14689,26629,-11940,2757,556,2201,23457,31300,-7843
2013-08-23,5975,4061,1914,16582,25064,-8482,2762,516,2246,25319,29641,-4322
2013-08-26,7183,3915,3268,16629,25544,-8915,2746,432,2314,26558,29891,-3333
2013-08-27,8376,5106,3270,18305,26175,-7870,2850,506,2344,29531,31787,-2256
2013-08-28,6709,4416,2293,21776,25530,-3754,2786,650,2136,31271,30596,675
2013-08-29,5316,4289,1027,25598,24612,986,2891,538,2353,33805,29439,4366
2013-08-30,3310,4885,-1575,23371,23378,-7,2879,479,2400,29560,28742,818
2013-09-02,3303,5794,-2491,25083,22358,2725,2905,459,2446,31291,28611,2680
2013-09-03,4934,4995,-61,21125,21587,-462,2894,426,2468,28953,27008,1945
2013-09-04,6549,5322,1227,21049,21833,-784,2888,398,2490,30486,27553,2933
2013-09-05,5831,4913,918,22846,22137,709,2887,365,2522,31564,27415,4149
2013-09-06,5664,5356,308,24840,21654,3186,2864,312,2552,33368,27322,6046
2013-09-09,5453,5383,70,26142,22595,3547,2868,141,2727,34463,28119,6344
2013-09-10,5264,5766,-502,27169,21307,5862,2859,251,2608,35292,27324,7968
2013-09-11,6427,6259,168,26621,23032,3589,2799,291,2508,35847,29582,6265
2013-09-12,7435,5459,1976,25854,21442,4412,2794,291,2503,36083,27192,8891
2013-09-13,7898,6074,1824,26489,24394,2095,2793,304,2489,37180,30772,6408
2013-09-14,7144,6727,417,28369,24771,3598,2776,314,2462,38289,31812,6477
2013-09-16,6514,9350,-2836,30647,24141,6506,2766,295,2471,39927,33786,6141
2013-09-17,6329,7198,-869,32327,27419,4908,2728,370,2358,41384,34987,6397
2013-09-18,3156,4411,-1255,21645,20119,1526,2601,359,2242,27402,24889,2513
2013-09-23,4575,4644,-69,25128,20350,4778,2600,359,2241,32303,25353,6950
2013-09-24,5708,5040,668,25118,20670,4448,2585,372,2213,33411,26082,7329
2013-09-25,7354,4678,2676,23349,22323,1026,2578,411,2167,33281,27412,5869
2013-09-26,7518,5023,2495,26564,25471,1093,2521,449,2072,36603,30943,5660
2013-09-27,7219,5219,2000,26891,24582,2309,2526,449,2077,36636,30250,6386
2013-09-30,6160,5381,779,28883,24925,3958,2537,342,2195,37580,30648,6932
2013-10-01,5830,5564,266,30097,27549,2548,2536,339,2197,38463,33452,5011
2013-10-02,5495,6282,-787,32185,26099,6086,2544,314,2230,40224,32695,7529
2013-10-03,4572,8197,-3625,35886,25314,10572,2617,332,2285,43075,33843,9232
2013-10-04,4619,8550,-3931,32389,26743,5646,2597,332,2265,39605,35625,3980
2013-10-07,5006,6631,-1625,29526,27415,2111,2588,332,2256,37120,34378,2742
2013-10-08,5317,7096,-1779,28287,23825,4462,2551,332,2219,36155,31253,4902
2013-10-09,4556,7930,-3374,28637,23916,4721,2530,856,1674,35723,32702,3021
2013-10-11,5174,6025,-851,26718,25586,1132,2550,832,1718,34442,32443,1999
2013-10-14,3217,6117,-2900,25880,25810,70,2516,832,1684,31613,32759,-1146
2013-10-15,3787,7098,-3311,29988,30726,-738,2508,840,1668,36283,38664,-2381
2013-10-16,2278,5247,-2969,27082,26291,791,2533,773,1760,31893,32311,-418
2013-10-17,3033,4624,-1591,26180,27640,-1460,2550,773,1777,31763,33037,-1274
2013-10-18,3579,4583,-1004,28658,27227,1431,2546,673,1873,34783,32483,2300
2013-10-21,5279,4074,1205,24414,26717,-2303,2539,673,1866,32232,31464,768
2013-10-22,4124,4292,-168,28261,25842,2419,2535,773,1762,34920,30907,4013
2013-10-23,5332,4337,995,22743,26231,-3488,1292,813,479,29367,31381,-2014
2013-10-24,3982,4355,-373,24548,23441,1107,1286,813,473,29816,28609,1207
2013-10-25,5600,4801,799,22497,26280,-3783,1276,833,443,29373,31914,-2541
2013-10-28,4124,4332,-208,24271,23338,933,1275,817,458,29670,28487,1183
2013-10-29,3689,4505,-816,29259,23527,5732,1315,806,509,34263,28838,5425
2013-10-30,4570,4708,-138,29977,22966,7011,1314,766,548,35861,28440,7421
2013-10-31,5016,5133,-117,34060,22887,11173,1311,766,545,40387,28786,11601
2013-11-01,6028,5175,853,29167,24347,4820,1276,766,510,36471,30288,6183
2013-11-04,6016,4459,1557,23976,24945,-969,1252,805,447,31244,30209,1035
2013-11-05,5524,4699,825,23634,26613,-2979,1237,803,434,30395,32115,-1720
2013-11-06,6091,4653,1438,22587,28205,-5618,1228,803,425,29906,33661,-3755
2013-11-07,5627,4619,1008,22835,29603,-6768,1230,828,402,29692,35050,-5358
2013-11-08,3960,5762,-1802,22722,28794,-6072,1235,827,408,27917,35383,-7466
2013-11-11,4210,6186,-1976,23493,34176,-10683,1239,827,412,28942,41189,-12247
2013-11-12,3689,6312,-2623,25505,37478,-11973,1295,777,518,30489,44567,-14078
2013-11-13,4421,6092,-1671,22035,38317,-16282,1349,810,539,27805,45219,-17414
2013-11-14,4574,6503,-1929,20812,37451,-16639,1340,876,464,26726,44830,-18104
2013-11-15,5958,7033,-1075,23034,38557,-15523,1344,763,581,30336,46353,-16017
2013-11-18,5720,5707,13,22373,33960,-11587,1281,705,576,29374,40372,-10998
2013-11-19,3288,3370,-82,24957,29366,-4409,1290,372,918,29535,33108,-3573
2013-11-20,2871,2256,615,17790,27721,-9931,1294,273,1021,21955,30250,-8295
2013-11-21,4629,3185,1444,14551,31684,-17133,1325,293,1032,20505,35162,-14657
2013-11-22,4457,2999,1458,13880,29398,-15518,1315,300,1015,19652,32697,-13045
2013-11-25,3931,2858,1073,18493,27886,-9393,1279,260,1019,23703,31004,-7301
2013-11-26,3648,2685,963,24406,26476,-2070,1310,253,1057,29364,29414,-50
2013-11-27,4842,2752,2090,25341,23867,1474,1319,253,1066,31502,26872,4630
2013-11-28,5874,2895,2979,28890,27619,1271,1321,253,1068,36085,30767,5318
2013-11-29,6309,3095,3214,32311,27672,4639,1322,253,1069,39942,31020,8922
2013-12-02,7559,2901,4658,31444,29006,2438,1334,253,1081,40337,32160,8177
2013-12-03,7026,2675,4351,32557,30051,2506,1321,553,768,40904,33279,7625
2013-12-04,6205,3581,2624,34238,31335,2903,1283,567,716,41726,35483,6243
2013-12-05,6242,3147,3095,31069,33356,-2287,1224,567,657,38535,37070,1465
2013-12-06,6114,2850,3264,31557,33784,-2227,1211,567,644,38882,37201,1681
2013-12-09,7781,3356,4425,30144,35251,-5107,1246,567,679,39171,39174,-3
2013-12-10,7402,3275,4127,31329,34888,-3559,1243,567,676,39974,38730,1244
2013-12-11,6801,3852,2949,33550,36442,-2892,1222,577,645,41573,40871,702
2013-12-12,5546,4363,1183,33709,35621,-1912,1165,602,563,40420,40586,-166
2013-12-13,4986,3097,1889,36987,42494,-5507,1161,643,518,43134,46234,-3100
2013-12-16,5794,4918,876,45164,52301,-7137,1150,699,451,52108,57918,-5810
2013-12-17,5697,6397,-700,47683,53940,-6257,1137,662,475,54517,60999,-6482
2013-12-18,2936,3019,-83,28409,36496,-8087,1140,756,384,32485,40271,-7786
2013-12-19,3999,3793,206,29417,36491,-7074,1203,660,543,34619,40944,-6325
2013-12-20,3953,3603,350,30709,34171,-3462,1307,665,642,35969,38439,-2470
2013-12-23,4286,3813,473,30896,35441,-4545,1342,665,677,36524,39919,-3395
2013-12-24,4285,2775,1510,30914,33389,-2475,1258,549,709,36457,36713,-256
2013-12-25,4519,2467,2052,30762,32634,-1872,1295,578,717,36576,35679,897
2013-12-26,5140,2349,2791,30436,32837,-2401,1294,641,653,36870,35827,1043
2013-12-27,5505,2722,2783,32698,33579,-881,1391,641,750,39594,36942,2652
2013-12-30,6109,2791,3318,32746,33782,-1036,1430,641,789,40285,37214,3071
2013-12-31,6358,3299,3059,31672,33866,-2194,1360,641,719,39390,37806,1584
2014-01-02,7128,3396,3732,33765,33360,405,1360,641,719,42253,37397,4856
2014-01-03,6357,3831,2526,32775,38223,-5448,1289,635,654,40421,42689,-2268
2014-01-06,4844,4023,821,33413,39213,-5800,1241,644,597,39498,43880,-4382
2014-01-07,3917,4574,-657,36407,41291,-4884,1251,654,597,41575,46519,-4944
2014-01-08,5193,4307,886,34722,41770,-7048,1378,638,740,41293,46715,-5422
2014-01-09,5835,4309,1526,33838,45797,-11959,1282,679,603,40955,50785,-9830
2014-01-10,5189,4230,959,39365,48012,-8647,1309,679,630,45863,52921,-7058
2014-01-13,5786,4119,1667,34635,45193,-10558,1436,640,796,41857,49952,-8095
2014-01-14,7255,4546,2709,37404,49305,-11901,1547,640,907,46206,54491,-8285
2014-01-15,4869,2875,1994,30604,38654,-8050,1319,247,1072,36792,41776,-4984
2014-01-16,5281,2704,2577,29467,39775,-10308,1308,257,1051,36056,42736,-6680
2014-01-17,5852,3311,2541,27678,39887,-12209,1282,257,1025,34812,43455,-8643
2014-01-20,6415,3270,3145,29817,40112,-10295,1275,407,868,37507,43789,-6282
2014-01-21,7198,2717,4481,28423,41856,-13433,1232,407,825,36853,44980,-8127
2014-01-22,7060,2789,4271,29597,40470,-10873,1181,407,774,37838,43666,-5828
2014-01-23,7975,2747,5228,25332,40139,-14807,1126,417,709,34433,43303,-8870
2014-01-24,6989,4442,2547,31142,39799,-8657,1100,477,623,39231,44718,-5487
2014-01-27,7861,4543,3318,28981,43139,-14158,1088,806,282,37930,48488,-10558
2014-02-05,6902,5152,1750,24865,41576,-16711,1187,972,215,32954,47700,-14746
2014-02-06,7802,4325,3477,21715,37774,-16059,1215,928,287,30732,43027,-12295
2014-02-07,8007,4370,3637,22330,36211,-13881,1225,851,374,31562,41432,-9870
2014-02-10,9630,4802,4828,23288,36824,-13536,1306,696,610,34224,42322,-8098
2014-02-11,9682,5217,4465,26574,34011,-7437,1296,618,678,37552,39846,-2294
2014-02-12,9868,4216,5652,30312,35285,-4973,1318,410,908,41498,39911,1587
2014-02-13,9085,4954,4131,32963,35340,-2377,1339,523,816,43387,40817,2570
2014-02-14,9511,6890,2621,32657,31172,1485,1337,272,1065,43505,38334,5171
2014-02-17,11956,6761,5195,31879,31330,549,1241,256,985,45076,38347,6729
2014-02-18,12351,6735,5616,34172,31543,2629,1220,274,946,47743,38552,9191
2014-02-19,3745,5217,-1472,26592,19274,7318,1254,252,1002,31591,24743,6848
2014-02-20,5079,5115,-36,26948,21545,5403,1168,252,916,33195,26912,6283
2014-02-21,3875,4914,-1039,28870,20613,8257,1319,252,1067,34064,25779,8285
2014-02-24,3679,5570,-1891,29267,20266,9001,1254,252,1002,34200,26088,8112
2014-02-25,3994,6331,-2337,31389,19980,11409,1265,252,1013,36648,26563,10085
2014-02-26,4537,7622,-3085,36478,20136,16342,1267,252,1015,42282,28010,14272
2014-02-27,5295,7833,-2538,37739,19485,18254,1345,252,1093,44379,27570,16809
2014-03-03,5405,6900,-1495,34464,21915,12549,1243,291,952,41112,29106,12006
2014-03-04,4845,6356,-1511,31368,21492,9876,1213,261,952,37426,28109,9317
2014-03-05,5181,6835,-1654,32180,19799,12381,1339,237,1102,38700,26871,11829
2014-03-06,7767,6412,1355,36829,17910,18919,1461,237,1224,46057,24559,21498
2014-03-07,8699,6709,1990,39377,17671,21706,1399,237,1162,49475,24617,24858
2014-03-10,6862,7340,-478,37499,18026,19473,1355,237,1118,45716,25603,20113
2014-03-11,7077,8289,-1212,37291,19002,18289,1368,237,1131,45736,27528,18208
2014-03-12,6994,8649,-1655,34549,20915,13634,1309,245,1064,42852,29809,13043
2014-03-13,9001,10113,-1112,38479,21047,17432,1478,237,1241,48958,31397,17561
2014-03-14,8110,8633,-523,37845,23460,14385,1355,237,1118,47310,32330,14980
2014-03-17,8496,7407,1089,34819,23371,11448,1310,248,1062,44625,31026,13599
2014-03-18,10714,7016,3698,37702,28986,8716,1375,236,1139,49791,36238,13553
2014-03-19,2507,6498,-3991,28720,18602,10118,1052,278,774,32279,25378,6901
2014-03-20,3012,6018,-3006,23350,21626,1724,1009,490,519,27371,28134,-763
2014-03-21,3597,5858,-2261,23994,20284,3710,1000,683,317,28591,26825,1766
2014-03-24,3123,5938,-2815,25555,19150,6405,1011,685,326,29689,25773,3916
2014-03-25,4605,5922,-1317,27898,18314,9584,1084,492,592,33587,24728,8859
2014-03-26,5959,5883,76,29659,17592,12067,1234,482,752,36852,23957,12895
2014-03-27,7958,7060,898,34036,17190,16846,1292,494,798,43286,24744,18542
2014-03-28,7164,7881,-717,33054,18248,14806,1239,494,745,41457,26623,14834
2014-03-31,10156,5710,4446,31376,18933,12443,1304,494,810,42836,25137,17699
2014-04-01,9683,6232,3451,34468,16894,17574,1366,465,901,45517,23591,21926
2014-04-02,9952,6019,3933,31887,16779,15108,1346,222,1124,43185,23020,20165
2014-04-03,10693,6358,4335,34151,16783,17368,1414,222,1192,46258,23363,22895
2014-04-07,7501,6142,1359,37702,16718,20984,1400,222,1178,46603,23082,23521
2014-04-08,8360,5775,2585,36069,15161,20908,1392,222,1170,45821,21158,24663
2014-04-09,10194,5955,4239,36735,16026,20709,1444,222,1222,48373,22203,26170
2014-04-10,12557,5677,6880,36420,17838,18582,1343,222,1121,50320,23737,26583
2014-04-11,11134,7259,3875,40143,18862,21281,1360,422,938,52637,26543,26094
2014-04-14,11325,9000,2325,46275,24799,21476,1261,422,839,58861,34221,24640
2014-04-15,13874,10692,3182,51107,26541,24566,1279,402,877,66260,37635,28625
2014-04-16,4821,8547,-3726,34469,13650,20819,1018,182,836,40308,22379,17929
2014-04-17,6337,7691,-1354,34574,13187,21387,1060,202,858,41971,21080,20891
2014-04-18,7056,8348,-1292,33545,14227,19318,1048,202,846,41649,22777,18872
2014-04-21,7630,7531,99,34219,14040,20179,1095,202,893,42944,21773,21171
2014-04-22,6378,6920,-542,36896,13942,22954,1114,202,912,44388,21064,23324
2014-04-23,5724,7089,-1365,35909,15546,20363,1049,202,847,42682,22837,19845
2014-04-24,5659,7117,-1458,37837,15911,21926,1004,222,782,44500,23250,21250
2014-04-25,4941,9233,-4292,32938,18492,14446,911,423,488,38790,28148,10642
2014-04-28,4689,11371,-6682,38596,16913,21683,935,381,554,44220,28665,15555
2014-04-29,5336,11274,-5938,37098,16944,20154,948,294,654,43382,28512,14870
2014-04-30,6239,10581,-4342,35210,17632,17578,952,359,593,42401,28572,13829
2014-05-02,6818,10753,-3935,38346,15938,22408,1004,330,674,46168,27021,19147
2014-05-05,8519,10432,-1913,32942,15871,17071,1024,334,690,42485,26637,15848
2014-05-06,8186,10504,-2318,34406,16461,17945,1084,364,720,43676,27329,16347
2014-05-07,7901,8977,-1076,34599,17622,16977,998,372,626,43498,26971,16527
2014-05-08,8887,8766,121,35520,17346,18174,1075,387,688,45482,26499,18983
2014-05-09,9273,7887,1386,32664,20693,11971,1024,417,607,42961,28997,13964
2014-05-12,9076,8214,862,33107,20751,12356,906,461,445,43089,29426,13663
2014-05-13,8571,10314,-1743,36416,20306,16110,948,565,383,45935,31185,14750
2014-05-14,8581,11515,-2934,40118,18857,21261,982,557,425,49681,30929,18752
2014-05-15,8992,9894,-902,37677,20024,17653,980,562,418,47649,30480,17169
2014-05-16,8830,8802,28,39584,22253,17331,892,708,184,49306,31763,17543
2014-05-19,12170,8929,3241,41989,24211,17778,912,662,250,55071,33802,21269
2014-05-20,12340,10880,1460,49597,28039,21558,912,647,265,62849,39566,23283
2014-05-21,3314,7234,-3920,36939,13765,23174,1020,412,608,41273,21411,19862
2014-05-22,5159,7084,-1925,41610,13261,28349,1267,432,835,48036,20777,27259
2014-05-23,5233,8096,-2863,43349,14660,28689,1332,402,930,49914,23158,26756
2014-05-26,5682,7596,-1914,42339,14988,27351,1345,392,953,49366,22976,26390
2014-05-27,5357,7573,-2216,43001,15484,27517,1359,392,967,49717,23449,26268
2014-05-28,5839,8788,-2949,45496,14778,30718,1385,393,992,52720,23959,28761
2014-05-29,5880,7252,-1372,43523,18522,25001,1334,393,941,50737,26167,24570
2014-05-30,5715,8099,-2384,44306,19185,25121,1233,643,590,51254,27927,23327
2014-06-03,5115,6200,-1085,40727,18520,22207,1232,665,567,47074,25385,21689
2014-06-04,4955,7236,-2281,40586,17274,23312,1227,665,562,46768,25175,21593
2014-06-05,5451,4681,770,38461,16893,21568,1275,665,610,45187,22239,22948
2014-06-06,6434,4674,1760,37264,17252,20012,1238,643,595,44936,22569,22367
2014-06-09,7494,4618,2876,38191,16853,21338,1265,643,622,46950,22114,24836
2014-06-10,8341,5273,3068,39603,17465,22138,1400,636,764,49344,23374,25970
2014-06-11,10549,4924,5625,37471,17335,20136,1389,639,750,49409,22898,26511
2014-06-12,12009,4955,7054,36844,17639,19205,1356,645,711,50209,23239,26970
2014-06-13,11686,4693,6993,37217,19207,18010,1387,651,736,50290,24551,25739
2014-06-16,13078,5419,7659,42211,24344,17867,1447,640,807,56736,30403,26333
2014-06-17,12880,7315,5565,48996,31220,17776,1558,660,898,63434,39195,24239
2014-06-18,3706,6061,-2355,30308,18134,12174,1234,316,918,35248,24511,10737
2014-06-19,5221,6319,-1098,31749,19660,12089,1321,336,985,38291,26315,11976
2014-06-20,6367,5606,761,28796,21639,7157,1251,336,915,36414,27581,8833
2014-06-23,5178,6058,-880,32725,22981,9744,1307,336,971,39210,29375,9835
2014-06-24,5148,5454,-306,33961,26209,7752,1334,357,977,40443,32020,8423
2014-06-25,4937,5752,-815,35640,26482,9158,1404,372,1032,41981,32606,9375
2014-06-26,6485,6700,-215,40015,28023,11992,1599,374,1225,48099,35097,13002
2014-06-27,6442,6121,321,38437,28207,10230,1592,368,1224,46471,34696,11775
2014-06-30,6920,7771,-851,42359,28325,14034,1755,378,1377,51034,36474,14560
2014-07-01,6632,6984,-352,41112,30393,10719,1807,371,1436,49551,37748,11803
2014-07-02,9740,6951,2789,36423,31370,5053,1814,521,1293,47977,38842,9135
2014-07-03,9697,7627,2070,39134,31860,7274,2029,545,1484,50860,40032,10828
2014-07-04,11577,7350,4227,36187,33602,2585,2090,552,1538,49854,41504,8350
2014-07-07,10228,7231,2997,39075,33712,5363,2122,552,1570,51425,41495,9930
2014-07-08,10265,8389,1876,43220,34912,8308,2241,672,1569,55726,43973,11753
2014-07-09,9526,8641,885,43084,34654,8430,2276,674,1602,54886,43969,10917
2014-07-10,12481,8997,3484,43862,36263,7599,2311,683,1628,58654,45943,12711
2014-07-11,13395,9697,3698,39604,36959,2645,2626,688,1938,55625,47344,8281
2014-07-14,15193,9145,6048,47835,44525,3310,2870,690,2180,65898,54360,11538
2014-07-15,15309,9079,6230,44726,45870,-1144,2981,690,2291,63016,55639,7377
2014-07-16,9082,7553,1529,32358,32116,242,2646,685,1961,44086,40354,3732
2014-07-17,10390,9466,924,31705,34275,-2570,2622,743,1879,44717,44484,233
2014-07-18,10092,10456,-364,37205,35185,2020,2668,719,1949,49965,46360,3605
2014-07-21,10595,9373,1222,37142,36083,1059,2653,705,1948,50390,46161,4229
2014-07-22,10608,10089,519,42900,37768,5132,2684,684,2000,56192,48541,7651
2014-07-24,13722,8733,4989,40240,38238,2002,2732,684,2048,56694,47655,9039
2014-07-25,11701,8176,3525,36833,40420,-3587,2639,688,1951,51173,49284,1889
2014-07-28,10542,9050,1492,42085,41099,986,2633,711,1922,55260,50860,4400
2014-07-29,11212,9958,1254,42237,44266,-2029,2660,919,1741,56109,55143,966
2014-07-30,11186,10419,767,47557,44548,3009,2670,859,1811,61413,55826,5587
2014-07-31,13568,10774,2794,40376,47396,-7020,2645,972,1673,56589,59142,-2553
2014-08-01,14925,10374,4551,42466,48595,-6129,2612,1137,1475,60003,60106,-103
2014-08-04,15251,8639,6612,40324,48885,-8561,2600,885,1715,58175,58409,-234
2014-08-05,19387,7893,11494,34287,51693,-17406,2639,1109,1530,56313,60695,-4382
2014-08-06,14574,8513,6061,39546,48997,-9451,2678,1188,1490,56798,58698,-1900
2014-08-07,15153,8462,6691,38686,50620,-11934,2641,1227,1414,56480,60309,-3829
2014-08-08,12386,8139,4247,42366,49467,-7101,2587,1315,1272,57339,58921,-1582
2014-08-11,14220,6740,7480,38321,51683,-13362,2634,1105,1529,55175,59528,-4353
2014-08-12,15386,5919,9467,37727,50221,-12494,2712,1066,1646,55825,57206,-1381
2014-08-13,14363,6137,8226,39565,45084,-5519,2826,1031,1795,56754,52252,4502
2014-08-14,14925,5294,9631,36133,43860,-7727,2814,1012,1802,53872,50166,3706
2014-08-15,14551,4612,9939,35023,43975,-8952,2796,1059,1737,52370,49646,2724
2014-08-18,15404,4732,10672,36563,51659,-15096,2798,1214,1584,54765,57605,-2840
2014-08-19,11072,4089,6983,45686,50771,-5085,2804,1200,1604,59562,56060,3502
2014-08-20,7029,3967,3062,33930,37165,-3235,2912,795,2117,43871,41927,1944
2014-08-21,8450,5020,3430,34265,41350,-7085,2810,712,2098,45525,47082,-1557
2014-08-22,8148,5892,2256,41742,42258,-516,3024,715,2309,52914,48865,4049
2014-08-25,8805,5681,3124,42000,46537,-4537,3227,589,2638,54032,52807,1225
2014-08-26,10400,5792,4608,40490,46121,-5631,3284,592,2692,54174,52505,1669
2014-08-27,10950,5304,5646,46345,48586,-2241,3445,592,2853,60740,54482,6258
2014-08-28,10990,5580,5410,46718,49707,-2989,3400,592,2808,61108,55879,5229
2014-08-29,10875,5637,5238,47991,50329,-2338,3256,592,2664,62122,56558,5564
2014-09-01,13559,4828,8731,45976,52244,-6268,3367,572,2795,62902,57644,5258
2014-09-02,15904,6219,9685,36885,50792,-13907,3161,344,2817,55950,57355,-1405
2014-09-03,14038,5771,8267,40745,50938,-10193,3107,374,2733,57890,57083,807
2014-09-04,13188,5822,7366,39654,51055,-11401,2446,373,2073,55288,57250,-1962
2014-09-05,14740,6170,8570,37719,50906,-13187,2272,372,1900,54731,57448,-2717
2014-09-09,14638,6457,8181,41240,51888,-10648,2300,342,1958,58178,58687,-509
2014-09-10,15172,6565,8607,38774,54912,-16138,2274,358,1916,56220,61835,-5615
2014-09-11,16073,7949,8124,38492,55381,-16889,2088,414,1674,56653,63744,-7091
2014-09-12,16683,8849,7834,44030,60997,-16967,2013,509,1504,62726,70355,-7629
2014-09-15,14089,7242,6847,52432,65904,-13472,1981,664,1317,68502,73810,-5308
2014-09-16,14363,7293,7070,43278,61079,-17801,2009,701,1308,59650,69073,-9423
2014-09-17,8491,3876,4615,29049,40931,-11882,2070,561,1509,39610,45368,-5758
2014-09-18,9047,4135,4912,27583,42200,-14617,2016,565,1451,38646,46900,-8254
2014-09-19,11493,4130,7363,25671,43385,-17714,2033,550,1483,39197,48065,-8868
2014-09-22,12404,5248,7156,24637,46109,-21472,1953,885,1068,38994,52242,-13248
2014-09-23,9919,5801,4118,26280,43273,-16993,1952,892,1060,38151,49966,-11815
2014-09-24,9573,4591,4982,25953,45336,-19383,1956,845,1111,37482,50772,-13290
2014-09-25,10711,4320,6391,21397,48761,-27364,1962,1120,842,34070,54201,-20131
2014-09-26,9300,6102,3198,26519,46857,-20338,1982,1024,958,37801,53983,-16182
2014-09-29,11087,5441,5646,25583,48985,-23402,1990,1061,929,38660,55487,-16827
2014-09-30,10563,7167,3396,27088,53974,-26886,1915,877,1038,39566,62018,-22452
2014-10-01,10229,4974,5255,28000,52770,-24770,1893,678,1215,40122,58422,-18300
2014-10-02,10108,5639,4469,27459,52701,-25242,1890,672,1218,39457,59012,-19555
2014-10-03,12427,3491,8936,26683,51393,-24710,2035,636,1399,41145,55520,-14375
2014-10-06,14847,3256,11591,21614,55480,-33866,1889,622,1267,38350,59358,-21008
2014-10-07,11413,4040,7373,23063,53302,-30239,1874,850,1024,36350,58192,-21842
2014-10-08,10954,6086,4868,25388,51058,-25670,1874,958,916,38216,58102,-19886
2014-10-09,8706,5652,3054,26643,49777,-23134,1880,885,995,37229,56314,-19085
2014-10-13,8675,7582,1093,36533,57942,-21409,1882,993,889,47090,66517,-19427
2014-10-14,9153,6917,2236,38512,57527,-19015,1895,1006,889,49560,65450,-15890
2014-10-15,6230,4330,1900,21198,41590,-20392,2056,829,1227,29484,46749,-17265
2014-10-16,4894,5765,-871,22764,42299,-19535,2223,909,1314,29881,48973,-19092
2014-10-17,4947,6908,-1961,24542,43969,-19427,2160,1035,1125,31649,51912,-20263
2014-10-20,4943,7891,-2948,26788,39798,-13010,2319,874,1445,34050,48563,-14513
2014-10-21,5427,9435,-4008,27294,38995,-11701,2309,899,1410,35030,49329,-14299
2014-10-22,5704,7764,-2060,28928,39774,-10846,2335,688,1647,36967,48226,-11259
2014-10-23,5651,7724,-2073,28183,38721,-10538,1285,603,682,35119,47048,-11929
2014-10-24,5676,6603,-927,29132,43015,-13883,1323,594,729,36131,50212,-14081
2014-10-27,5217,9112,-3895,30767,38230,-7463,1221,674,547,37205,48016,-10811
2014-10-28,6237,9073,-2836,33341,36725,-3384,1254,435,819,40832,46233,-5401
2014-10-29,6076,6770,-694,32858,36942,-4084,1432,431,1001,40366,44143,-3777
2014-10-30,6609,6184,425,31469,38216,-6747,2312,1248,1064,40390,45648,-5258
2014-10-31,6584,3606,2978,30050,36670,-6620,2389,1216,1173,39023,41492,-2469
2014-11-03,7243,3283,3960,28999,36876,-7877,2411,1207,1204,38653,41366,-2713
2014-11-04,6465,3521,2944,29384,34220,-4836,2352,1189,1163,38201,38930,-729
2014-11-05,6509,4388,2121,28118,34162,-6044,2227,1189,1038,36854,39739,-2885
2014-11-06,7067,5993,1074,27229,33916,-6687,2157,1215,942,36453,41124,-4671
2014-11-07,6366,5183,1183,27985,33060,-5075,2099,1208,891,36450,39451,-3001
2014-11-10,5249,5594,-345,37470,34755,2715,2147,1181,966,44866,41530,3336
2014-11-11,7322,5983,1339,32826,38096,-5270,2178,1193,985,42326,45272,-2946
2014-11-12,7976,5847,2129,26283,35046,-8763,1909,1241,668,36168,42134,-5966
2014-11-13,6178,4680,1498,29886,31943,-2057,1912,1126,786,37976,37749,227
2014-11-14,6893,4577,2316,28284,29468,-1184,1956,1104,852,37133,35149,1984
2014-11-17,7381,5926,1455,35430,33880,1550,1915,1081,834,44726,40887,3839
2014-11-18,4994,6549,-1555,36299,36805,-506,1900,1231,669,43193,44585,-1392
2014-11-19,2683,4633,-1950,32489,25062,7427,1865,1086,779,37037,30781,6256
2014-11-20,3244,5049,-1805,37864,24829,13035,2025,1146,879,43133,31024,12109
2014-11-21,4980,4353,627,33852,26039,7813,1955,1197,758,40787,31589,9198
2014-11-24,6724,3923,2801,29896,23863,6033,1934,1193,741,38554,28979,9575
2014-11-25,6736,3870,2866,31972,24220,7752,1923,1296,627,40631,29386,11245
2014-11-26,6512,3558,2954,30466,23817,6649,1976,1399,577,38954,28774,10180
2014-11-27,5872,4211,1661,34559,23850,10709,2034,1498,536,42465,29559,12906
2014-11-28,6516,4141,2375,33132,23967,9165,2059,1533,526,41707,29641,12066
2014-12-01,7084,4613,2471,34112,25142,8970,1863,1495,368,43059,31250,11809
2014-12-02,9420,5502,3918,27180,27901,-721,1634,1557,77,38234,34960,3274
2014-12-03,8825,3399,5426,35765,28368,7397,1811,1341,470,46401,33108,13293
2014-12-04,9813,3314,6499,31564,29260,2304,2094,1417,677,43471,33991,9480
2014-12-05,9115,3270,5845,32355,29243,3112,2021,1462,559,43491,33975,9516
2014-12-08,10327,3103,7224,29329,31846,-2517,1895,1461,434,41551,36410,5141
2014-12-09,9053,3540,5513,30267,31181,-914,1726,1513,213,41046,36234,4812
2014-12-10,9698,4163,5535,27985,34691,-6706,1600,1474,126,39283,40328,-1045
2014-12-11,7643,4183,3460,29983,32615,-2632,1599,1444,155,39225,38242,983
2014-12-12,9791,4665,5126,29592,32852,-3260,1613,1445,168,40996,38962,2034
2014-12-15,8659,4495,4164,35464,35755,-291,1617,1661,-44,45740,41911,3829
2014-12-16,7525,4527,2998,39902,45634,-5732,1690,1644,46,49117,51805,-2688
2014-12-17,4405,4035,370,27612,36505,-8893,1522,1634,-112,33539,42174,-8635
2014-12-18,3989,3495,494,26892,34101,-7209,1555,1629,-74,32436,39225,-6789
2014-12-19,2745,4260,-1515,35841,30509,5332,1803,1549,254,40389,36318,4071
2014-12-22,4212,4413,-201,39008,28901,10107,2089,1452,637,45309,34766,10543
2014-12-23,4137,5013,-876,36710,27530,9180,2090,1433,657,42937,33976,8961
2014-12-24,4855,5217,-362,37563,27394,10169,2208,1506,702,44626,34117,10509
2014-12-25,5068,5224,-156,37082,26597,10485,2259,1503,756,44409,33324,11085
2014-12-26,5886,5525,361,37089,26877,10212,2242,1499,743,45217,33901,11316
2014-12-27,6337,4974,1363,36957,27189,9768,2202,1500,702,45496,33663,11833
2014-12-29,6504,7260,-756,40987,26499,14488,2124,1487,637,49615,35246,14369
2014-12-30,6725,6909,-184,37325,26452,10873,1874,1483,391,45924,34844,11080
2014-12-31,5656,8038,-2382,37651,25818,11833,1791,1513,278,45098,35369,9729
2015-01-05,6605,7550,-945,37032,25526,11506,1772,1552,220,45409,34628,10781
2015-01-06,5654,5919,-265,31590,27901,3689,1611,1572,39,38855,35392,3463
2015-01-07,4530,5724,-1194,34473,28812,5661,1424,1576,-152,40427,36112,4315
2015-01-08,7589,6820,769,40613,27432,13181,1757,1340,417,49959,35592,14367
2015-01-09,6410,5015,1395,34043,29005,5038,1737,1343,394,42190,35363,6827
2015-01-12,5555,7397,-1842,38781,28692,10089,1727,1347,380,46063,37436,8627
2015-01-13,6638,8721,-2083,43010,29131,13879,1722,1546,176,51370,39398,11972
2015-01-14,4655,7789,-3134,37433,29034,8399,1657,1826,-169,43745,38649,5096
2015-01-15,4993,6179,-1186,39626,30273,9353,1670,1838,-168,46289,38290,7999
2015-01-16,5194,6526,-1332,40818,32095,8723,1742,1885,-143,47754,40506,7248
2015-01-19,4803,4835,-32,40176,30000,10176,1821,1885,-64,46800,36720,10080
2015-01-20,4799,7181,-2382,47693,32673,15020,1837,1924,-87,54329,41778,12551
2015-01-21,1811,4766,-2955,35824,20527,15297,1641,1937,-296,39276,27230,12046
2015-01-22,2422,4611,-2189,38881,22093,16788,1774,2074,-300,43077,28778,14299
2015-01-23,2130,6142,-4012,41224,21883,19341,1940,2140,-200,45294,30165,15129
2015-01-26,2485,5002,-2517,43349,22409,20940,1931,2173,-242,47765,29584,18181
2015-01-27,2820,6309,-3489,41099,22967,18132,1920,2198,-278,45839,31474,14365
2015-01-28,2534,6013,-3479,43992,22447,21545,2007,2292,-285,48533,30752,17781
2015-01-29,1889,7285,-5396,40516,25526,14990,1960,2469,-509,44365,35280,9085
2015-01-30,1632,7086,-5454,39440,25351,14089,1912,2567,-655,42984,35004,7980
2015-02-02,2136,8074,-5938,44431,27429,17002,1975,2684,-709,48542,38187,10355
2015-02-03,2671,6829,-4158,44825,28594,16231,1991,2481,-490,49487,37904,11583
2015-02-04,3045,6006,-2961,43731,27608,16123,2052,2463,-411,48828,36077,12751
2015-02-05,3528,5739,-2211,43823,26308,17515,2005,2509,-504,49356,34556,14800
2015-02-06,5192,4973,219,38812,27735,11077,1874,2553,-679,45878,35261,10617
2015-02-09,4488,6095,-1607,42828,28134,14694,1778,2597,-819,49094,36826,12268
2015-02-10,5750,7352,-1602,40412,31365,9047,1559,2612,-1053,47721,41329,6392
2015-02-11,4889,5992,-1103,44267,31785,12482,1764,2578,-814,50920,40355,10565
2015-02-12,6109,5845,264,46696,37018,9678,1590,2622,-1032,54395,45485,8910
2015-02-13,6077,6519,-442,50324,36194,14130,1774,2530,-756,58175,45243,12932
2015-02-24,3372,3139,233,42779,25018,17761,1682,2621,-939,47833,30778,17055
2015-02-25,2662,2779,-117,44639,23756,20883,1684,2601,-917,48985,29136,19849
2015-02-26,3060,2968,92,42408,25545,16863,1631,2645,-1014,47099,31158,15941
2015-03-02,4401,3224,1177,39728,28116,11612,1618,2659,-1041,45747,33999,11748
2015-03-03,5898,4154,1744,37693,29868,7825,1651,2647,-996,45242,36669,8573
2015-03-04,4169,3049,1120,39979,28771,11208,1645,2666,-1021,45793,34486,11307
2015-03-05,4741,2691,2050,39317,31315,8002,1540,2686,-1146,45598,36692,8906
2015-03-06,6129,2455,3674,40852,30837,10015,1522,2677,-1155,48503,35969,12534
2015-03-09,6235,3103,3132,39342,33129,6213,1576,2763,-1187,47153,38995,8158
2015-03-10,7051,3591,3460,39980,35636,4344,1587,3138,-1551,48618,42365,6253
2015-03-11,5384,4174,1210,43615,32741,10874,1727,3264,-1537,50726,40179,10547
2015-03-12,7273,3716,3557,45727,32116,13611,1750,3179,-1429,54750,39011,15739
2015-03-13,6253,4560,1693,44319,35021,9298,1767,3179,-1412,52339,42760,9579
2015-03-16,4989,5910,-921,44666,37266,7400,1711,3250,-1539,51366,46426,4940
2015-03-17,5187,6147,-960,46420,39853,6567,1714,3115,-1401,53321,49115,4206
2015-03-18,2355,5414,-3059,47190,28226,18964,1765,2845,-1080,51310,36485,14825
2015-03-19,4816,5840,-1024,46801,29175,17626,1917,2920,-1003,53534,37935,15599
2015-03-20,5340,5521,-181,45524,32494,13030,1910,2943,-1033,52774,40958,11816
2015-03-23,5820,4800,1020,42928,31623,11305,1965,2940,-975,50713,39363,11350
2015-03-24,5299,4938,361,42434,33115,9319,1939,3276,-1337,49672,41329,8343
2015-03-25,4129,6892,-2763,38929,33042,5887,1836,3336,-1500,44894,43270,1624
2015-03-26,4517,7043,-2526,39244,34040,5204,1765,3645,-1880,45526,44728,798
2015-03-27,6363,7256,-893,34614,38359,-3745,1627,4756,-3129,42604,50371,-7767
2015-03-30,5785,7426,-1641,35566,38010,-2444,1601,4746,-3145,42952,50182,-7230
2015-03-31,5788,6647,-859,35606,37745,-2139,1491,4496,-3005,42885,48888,-6003
2015-04-01,4946,7193,-2247,36635,38616,-1981,1600,4645,-3045,43181,50454,-7273
2015-04-02,6239,6968,-729,39350,35227,4123,1717,4491,-2774,47306,46686,620
2015-04-07,7775,6613,1162,36695,35652,1043,1961,4446,-2485,46431,46711,-280
2015-04-08,6488,6669,-181,35076,38188,-3112,1894,4526,-2632,43458,49383,-5925
2015-04-09,5769,7930,-2161,36934,35555,1379,1903,4549,-2646,44606,48034,-3428
2015-04-10,6796,7990,-1194,38496,36086,2410,1900,4570,-2670,47192,48646,-1454
2015-04-13,8691,6326,2365,37942,38104,-162,2181,4569,-2388,48814,48999,-185
2015-04-14,8618,6563,2055,40500,41914,-1414,2204,4553,-2349,51322,53030,-1708
2015-04-15,5003,5178,-175,32787,36875,-4088,1680,4664,-2984,39470,46717,-7247
2015-04-16,5347,3573,1774,36221,28578,7643,1824,4644,-2820,43392,36795,6597
2015-04-17,3956,4897,-941,31624,32256,-632,1820,4658,-2838,37400,41811,-4411
2015-04-20,3068,6042,-2974,34005,33435,570,1734,4760,-3026,38807,44237,-5430
2015-04-21,3131,6297,-3166,33668,38781,-5113,1715,4787,-3072,38514,49865,-11351
2015-04-22,3300,5532,-2232,36122,30631,5491,1798,4559,-2761,41220,40722,498
2015-04-23,8764,5642,3122,43015,31555,11460,2013,4160,-2147,53792,41357,12435
2015-04-24,10908,6316,4592,43869,38653,5216,2147,3811,-1664,56924,48780,8144
2015-04-27,12397,5947,6450,50569,41389,9180,2047,3674,-1627,65013,51010,14003
2015-04-28,11924,5846,6078,49930,44229,5701,2056,3680,-1624,63910,53755,10155
2015-04-29,6881,5380,1501,56554,49719,6835,1921,3799,-1878,65356,58898,6458
2015-04-30,7448,5725,1723,57103,53290,3813,1806,3911,-2105,66357,62926,3431
2015-05-04,9219,5830,3389,56154,54110,2044,1839,3921,-2082,67212,63861,3351
2015-05-05,8333,6025,2308,54953,55626,-673,1832,3960,-2128,65118,65611,-493
2015-05-06,9081,6846,2235,56440,58268,-1828,1775,3817,-2042,67296,68931,-1635
2015-05-07,9478,9242,236,51340,59706,-8366,1576,3891,-2315,62394,72839,-10445
2015-05-08,8572,8870,-298,50859,62733,-11874,1440,3953,-2513,60871,75556,-14685
2015-05-11,10673,9991,682,51365,67352,-15987,1475,3962,-2487,63513,81305,-17792
2015-05-12,9349,8270,1079,55287,71519,-16232,1473,4455,-2982,66109,84244,-18135
2015-05-13,9012,9142,-130,58301,72753,-14452,1498,4495,-2997,68811,86390,-17579
2015-05-14,10417,8880,1537,52377,75207,-22830,1459,4796,-3337,64253,88883,-24630
2015-05-15,10692,9615,1077,49493,67488,-17995,1443,4829,-3386,61628,81932,-20304
2015-05-18,10756,8964,1792,49547,67237,-17690,1522,4575,-3053,61825,80776,-18951
2015-05-19,9908,8120,1788,57543,70393,-12850,1722,4217,-2495,69173,82730,-13557
2015-05-20,8230,2765,5465,34919,50854,-15935,1657,3874,-2217,44806,57493,-12687
2015-05-21,9282,3372,5910,33590,51634,-18044,1622,4086,-2464,44494,59092,-14598
2015-05-22,9279,3179,6100,34832,47620,-12788,1753,4080,-2327,45864,54879,-9015
2015-05-25,9139,2982,6157,35496,45278,-9782,1733,4077,-2344,46368,52337,-5969
2015-05-26,9004,3137,5867,34447,44373,-9926,1803,3803,-2000,45254,51313,-6059
2015-05-27,6443,3792,2651,37606,42193,-4587,1791,3896,-2105,45840,49881,-4041
2015-05-28,7001,3544,3457,40653,41769,-1116,1809,3673,-1864,49463,48986,477
2015-05-29,7218,3254,3964,39757,45602,-5845,1780,3729,-1949,48755,52585,-3830
2015-06-01,8351,4003,4348,37995,48902,-10907,1595,3923,-2328,47941,56828,-8887
2015-06-02,6803,4409,2394,38886,45681,-6795,1577,4104,-2527,47266,54194,-6928
2015-06-03,8178,3841,4337,29635,47476,-17841,1568,4153,-2585,39381,55470,-16089
2015-06-04,9532,5497,4035,26099,51269,-25170,1402,4772,-3370,37033,61538,-24505
2015-06-05,8469,6020,2449,29957,50706,-20749,1436,4670,-3234,39862,61396,-21534
2015-06-08,8687,5132,3555,30368,51707,-21339,1472,4538,-3066,40527,61377,-20850
2015-06-09,7606,7150,456,33877,52023,-18146,1444,4755,-3311,42927,63928,-21001
2015-06-10,7928,7392,536,35512,53993,-18481,1502,4368,-2866,44942,65753,-20811
2015-06-11,7856,6098,1758,35361,54499,-19138,1440,4390,-2950,44657,64987,-20330
2015-06-12,9265,7672,1593,39084,55662,-16578,1467,4432,-2965,49816,67766,-17950
2015-06-15,7526,7116,410,37309,52112,-14803,1483,4470,-2987,46318,63698,-17380
2015-06-16,7563,7434,129,38197,52499,-14302,1561,4780,-3219,47321,64713,-17392
2015-06-17,6809,2748,4061,20564,30938,-10374,1619,4472,-2853,28992,38158,-9166
2015-06-18,7509,2649,4860,22391,30865,-8474,1681,4708,-3027,31581,38222,-6641
2015-06-22,7622,3043,4579,26520,31163,-4643,1846,4338,-2492,35988,38544,-2556
2015-06-23,8151,2880,5271,26838,32219,-5381,1846,4277,-2431,36835,39376,-2541
2015-06-24,6602,3458,3144,28507,27678,829,1806,4117,-2311,36915,35253,1662
2015-06-25,5981,3983,1998,31951,29061,2890,1902,3920,-2018,39834,36964,2870
2015-06-26,6755,3615,3140,30318,31019,-701,2455,3794,-1339,39528,38428,1100
2015-06-29,7044,5047,1997,28611,30496,-1885,2687,4030,-1343,38342,39573,-1231
2015-06-30,6033,5159,874,31571,28610,2961,2820,4058,-1238,40424,37827,2597
2015-07-01,6130,4012,2118,33160,27027,6133,2943,3885,-942,42233,34924,7309
2015-07-02,7206,3058,4148,31393,28326,3067,3133,3854,-721,41732,35238,6494
2015-07-03,7140,2928,4212,32349,28689,3660,3157,3854,-697,42646,35471,7175
2015-07-06,6885,3646,3239,32055,30122,1933,3150,3982,-832,42090,37750,4340
2015-07-07,5958,5237,721,34587,29743,4844,3091,3914,-823,43636,38894,4742
2015-07-08,7572,5394,2178,30634,37454,-6820,2970,4472,-1502,41176,47320,-6144
2015-07-09,8224,5663,2561,29493,36639,-7146,2990,4740,-1750,40707,47042,-6335
2015-07-13,12527,6035,6492,34252,37659,-3407,3088,4502,-1414,49867,48196,1671
2015-07-14,10514,4917,5597,38606,38860,-254,3385,4405,-1020,52505,48182,4323
2015-07-15,5119,2817,2302,28110,27754,356,3685,4321,-636,36914,34892,2022
2015-07-16,5426,3042,2384,25914,29026,-3112,3774,3870,-96,35114,35938,-824
2015-07-17,5657,2864,2793,27360,27826,-466,3709,3855,-146,36726,34545,2181
2015-07-20,5350,3945,1405,26439,29542,-3103,3705,3929,-224,35494,37416,-1922
2015-07-21,5335,3929,1406,26747,25584,1163,3718,4013,-295,35800,33526,2274
2015-07-22,4612,5100,-488,22927,30124,-7197,3777,3981,-204,31316,39205,-7889
2015-07-23,6053,5211,842,21027,31757,-10730,3785,4267,-482,30865,41235,-10370
2015-07-24,5878,5177,701,21291,31448,-10157,3731,4446,-715,30900,41071,-10171
2015-07-27,6425,6835,-410,23368,30034,-6666,3590,4718,-1128,33383,41587,-8204
2015-07-28,6804,6907,-103,22283,32130,-9847,3597,4267,-670,32684,43304,-10620
2015-07-29,7497,6772,725,22356,33763,-11407,3717,4264,-547,33570,44799,-11229
2015-07-30,6847,6879,-32,24903,30898,-5995,3620,4048,-428,35370,41825,-6455
2015-07-31,7110,5804,1306,23791,34003,-10212,3651,3910,-259,34552,43717,-9165
2015-08-03,5927,6808,-881,27534,33850,-6316,3550,3964,-414,37011,44622,-7611
2015-08-04,4364,8859,-4495,27326,31418,-4092,3443,3963,-520,35133,44240,-9107
2015-08-05,5353,7936,-2583,25663,30177,-4514,3470,3764,-294,34486,41877,-7391
2015-08-06,4969,8873,-3904,26227,35137,-8910,3447,3827,-380,34643,47837,-13194
2015-08-07,4883,9778,-4895,28167,31790,-3623,3624,4021,-397,36674,45589,-8915
2015-08-10,6507,9528,-3021,27658,32476,-4818,3684,3998,-314,37849,46002,-8153
2015-08-11,5027,11195,-6168,30786,32750,-1964,3678,3638,40,39491,47583,-8092
2015-08-12,5401,14142,-8741,28984,28301,683,3661,3659,2,38046,46102,-8056
2015-08-13,6982,12862,-5880,25054,28918,-3864,3684,3580,104,35720,45360,-9640
2015-08-14,6632,14939,-8307,23646,24619,-973,3762,3570,192,34040,43128,-9088
2015-08-17,6061,14287,-8226,25400,28755,-3355,3738,3578,160,35199,46620,-11421
2015-08-18,6079,13845,-7766,30199,31083,-884,3699,3683,16,39977,48611,-8634
2015-08-19,4865,9411,-4546,23052,23668,-616,3590,3970,-380,31507,37049,-5542
2015-08-20,4768,10160,-5392,27998,24092,3906,3623,3932,-309,36389,38184,-1795
2015-08-21,4131,13441,-9310,32122,24132,7990,3638,4302,-664,39891,41875,-1984
2015-08-24,5759,20322,-14563,44238,19625,24613,3941,4884,-943,53938,44831,9107
2015-08-25,5512,19233,-13721,45998,20153,25845,3975,4409,-434,55485,43795,11690
2015-08-26,4882,18489,-13607,44876,20502,24374,3803,4290,-487,53561,43281,10280
2015-08-27,5896,18199,-12303,44565,21190,23375,3846,4233,-387,54307,43622,10685
2015-08-28,5729,19507,-13778,46514,18875,27639,3883,4286,-403,56126,42668,13458
2015-08-31,7450,18977,-11527,42645,21042,21603,4208,4450,-242,54303,44469,9834
2015-09-01,7588,19419,-11831,40309,19920,20389,4308,4866,-558,52205,44205,8000
2015-09-02,7859,19502,-11643,41069,16683,24386,4290,5254,-964,53218,41439,11779
2015-09-03,8732,18527,-9795,40426,19665,20761,4310,5365,-1055,53468,43557,9911
2015-09-04,8144,20734,-12590,41430,17719,23711,4217,5686,-1469,53791,44139,9652
2015-09-07,9039,20753,-11714,41317,17255,24062,4115,5921,-1806,54471,43929,10542
2015-09-08,9838,20550,-10712,43043,18532,24511,4057,5815,-1758,56938,44897,12041
2015-09-09,11663,20110,-8447,43769,18854,24915,4020,5449,-1429,59452,44413,15039
2015-09-10,11837,16613,-4776,39090,24720,14370,4026,5424,-1398,54953,46757,8196
2015-09-11,11621,15219,-3598,38154,24553,13601,4101,5417,-1316,53876,45189,8687
2015-09-14,11859,13162,-1303,46754,35029,11725,4015,5417,-1402,62628,53608,9020
2015-09-15,10513,13736,-3223,47450,37065,10385,3943,5691,-1748,61906,56492,5414
2015-09-16,3871,8017,-4146,33673,16369,17304,3923,5601,-1678,41467,29987,11480
2015-09-17,3430,9099,-5669,35345,14914,20431,4150,5712,-1562,42925,29725,13200
2015-09-18,4278,8322,-4044,33222,15766,17456,4181,5978,-1797,41681,30066,11615
2015-09-21,4116,8509,-4393,33352,17669,15683,4078,6286,-2208,41546,32464,9082
2015-09-22,4510,8286,-3776,34702,15240,19462,4316,6424,-2108,43528,29950,13578
2015-09-23,4195,9746,-5551,34673,16821,17852,4204,6928,-2724,43072,33495,9577
2015-09-24,4391,9728,-5337,35217,15658,19559,4051,7286,-3235,43659,32672,10987
2015-09-25,4845,9512,-4667,35361,14078,21283,3950,7822,-3872,44156,31412,12744
2015-09-30,5405,9450,-4045,37989,14741,23248,3951,7946,-3995,47345,32137,15208
2015-10-01,6857,9882,-3025,38032,14266,23766,4011,7655,-3644,48900,31803,17097
2015-10-02,6278,9600,-3322,34985,14379,20606,3889,7733,-3844,45152,31712,13440
2015-10-05,7760,8981,-1221,33570,14514,19056,3844,7733,-3889,45174,31228,13946
2015-10-06,7349,8673,-1324,34277,14240,20037,3850,7827,-3977,45476,30740,14736
2015-10-07,7444,9048,-1604,38286,13326,24960,3996,7890,-3894,49726,30264,19462
2015-10-08,6377,8597,-2220,36487,13220,23267,4104,8174,-4070,46968,29991,16977
2015-10-12,8002,9726,-1724,38869,13500,25369,3995,8418,-4423,50866,31644,19222
2015-10-13,7433,9165,-1732,36963,13352,23611,4082,8551,-4469,48478,31068,17410
2015-10-14,6468,9056,-2588,37207,13944,23263,4044,8689,-4645,47719,31689,16030
2015-10-15,6290,9647,-3357,39914,15773,24141,4070,8633,-4563,50274,34053,16221
2015-10-16,6809,8700,-1891,37762,16817,20945,3984,8634,-4650,48555,34151,14404
2015-10-19,8253,7948,305,41882,20917,20965,3984,8788,-4804,54119,37653,16466
2015-10-20,7377,7420,-43,45371,24406,20965,3935,9058,-5123,56683,40884,15799
2015-10-21,2686,6296,-3610,35677,16564,19113,3927,9364,-5437,42290,32224,10066
2015-10-22,2880,6948,-4068,38781,14243,24538,3965,9528,-5563,45626,30719,14907
2015-10-23,3861,6557,-2696,37382,15064,22318,2578,9524,-6946,43821,31145,12676
2015-10-26,4437,5684,-1247,38829,15462,23367,2622,9411,-6789,45888,30557,15331
2015-10-27,5381,5813,-432,37993,17234,20759,2621,9542,-6921,45995,32589,13406
2015-10-28,5301,6016,-715,35488,17578,17910,2504,9565,-7061,43293,33159,10134
2015-10-29,6117,6485,-368,37547,19038,18509,2531,9758,-7227,46195,35281,10914
2015-10-30,4528,5952,-1424,40020,18615,21405,2470,9875,-7405,47018,34442,12576
2015-11-02,5240,5909,-669,40466,18393,22073,2493,9916,-7423,48199,34218,13981
2015-11-03,5060,6568,-1508,42329,16124,26205,2562,9768,-7206,49951,32460,17491
2015-11-04,6915,6175,740,42015,18429,23586,2538,9767,-7229,51468,34371,17097
2015-11-05,6305,5336,969,39807,18812,20995,2516,9865,-7349,48628,34013,14615
2015-11-06,7835,6110,1725,37987,22567,15420,2334,10249,-7915,48156,38926,9230
2015-11-09,9202,6515,2687,37608,21782,15826,2213,10449,-8236,49023,38746,10277
2015-11-10,11180,7696,3484,35712,21686,14026,2059,10770,-8711,48951,40152,8799
2015-11-11,12775,7986,4789,36252,23624,12628,2003,11078,-9075,51030,42688,8342
2015-11-12,13389,6517,6872,37254,21374,15880,1930,11210,-9280,52573,39101,13472
2015-11-13,12433,8317,4116,38067,24300,13767,1933,11199,-9266,52433,43816,8617
2015-11-16,14133,9152,4981,39905,22248,17657,1931,11163,-9232,55969,42563,13406
2015-11-17,12750,7050,5700,44675,26024,18651,2013,10780,-8767,59438,43854,15584
2015-11-18,3572,4792,-1220,33421,17219,16202,2036,10884,-8848,39029,32895,6134
2015-11-19,4383,4240,143,34515,14831,19684,2243,10571,-8328,41141,29642,11499
2015-11-20,4732,4462,270,33243,16037,17206,2313,10541,-8228,40288,31040,9248
2015-11-23,5894,4779,1115,34857,17154,17703,2378,10507,-8129,43129,32440,10689
2015-11-24,5512,7198,-1686,35387,16930,18457,2341,10718,-8377,43240,34846,8394
2015-11-25,4704,6017,-1313,35316,15583,19733,2256,10811,-8555,42276,32411,9865
2015-11-26,5029,5903,-874,37050,12917,24133,2229,10470,-8241,44308,29290,15018
2015-11-27,4312,6215,-1903,34955,15701,19254,2519,10716,-8197,41786,32632,9154
2015-11-30,7779,7141,638,33988,19507,14481,2440,10969,-8529,44207,37617,6590
2015-12-01,6433,6550,-117,38082,15409,22673,2363,10579,-8216,46878,32538,14340
2015-12-02,6669,6845,-176,38150,16417,21733,2307,10448,-8141,47126,33710,13416
2015-12-03,6727,6746,-19,40020,17415,22605,2301,10362,-8061,49048,34523,14525
2015-12-04,6665,6773,-108,38310,18178,20132,2216,10413,-8197,47191,35364,11827
2015-12-07,6009,6647,-638,39053,18852,20201,2226,10154,-7928,47288,35653,11635
2015-12-08,7406,7542,-136,36153,23976,12177,2159,10469,-8310,45718,41987,3731
2015-12-09,8563,7902,661,34369,24237,10132,2033,10666,-8633,44965,42805,2160
2015-12-10,9598,6869,2729,37523,27072,10451,2344,10699,-8355,49465,44640,4825
2015-12-11,9849,8941,908,41985,27686,14299,2209,10838,-8629,54043,47465,6578
2015-12-14,7597,9369,-1772,43151,23213,19938,2176,10588,-8412,52924,43170,9754
2015-12-15,8511,8964,-453,47426,30226,17200,2291,10231,-7940,58228,49421,8807
2015-12-16,5283,5372,-89,34699,16020,18679,2303,9944,-7641,42285,31336,10949
2015-12-17,6210,5373,837,33953,14922,19031,2712,9709,-6997,42875,30004,12871
2015-12-18,6358,5986,372,32866,15861,17005,2807,9683,-6876,42031,31530,10501
2015-12-21,6898,5109,1789,34881,16366,18515,2731,9793,-7062,44510,31268,13242
2015-12-22,7931,5529,2402,33940,16585,17355,2736,9697,-6961,44607,31811,12796
2015-12-23,7098,6576,522,36155,15242,20913,2752,9518,-6766,46005,31336,14669
2015-12-24,6485,7654,-1169,37116,14292,22824,2760,9536,-6776,46361,31482,14879
2015-12-25,6519,7424,-905,37714,12783,24931,2765,9395,-6630,46998,29602,17396
2015-12-28,5681,7808,-2127,36743,12610,24133,2825,9371,-6546,45249,29789,15460
2015-12-29,5841,7897,-2056,33661,14426,19235,2773,9540,-6767,42275,31863,10412
2015-12-30,6139,7696,-1557,31801,16209,15592,2714,9680,-6966,40654,33585,7069
2015-12-31,5018,7960,-2942,34551,14347,20204,2451,9626,-7175,42020,31933,10087
2016-01-04,7545,9021,-1476,37169,19349,17820,2508,10062,-7554,47222,38432,8790
2016-01-05,6504,10199,-3695,38299,15467,22832,2247,10243,-7996,47050,35909,11141
2016-01-06,7477,9899,-2422,37669,17489,20180,2100,10621,-8521,47246,38009,9237
2016-01-07,7890,9182,-1292,37011,19130,17881,2439,10869,-8430,47340,39181,8159
2016-01-08,8689,8749,-60,37318,20700,16618,2648,10270,-7622,48655,39719,8936
2016-01-11,8181,9324,-1143,40486,21207,19279,2704,10220,-7516,51371,40751,10620
2016-01-12,7533,10783,-3250,42822,21988,20834,2603,10113,-7510,52958,42884,10074
2016-01-13,8970,10914,-1944,44399,21033,23366,2645,9859,-7214,56014,41806,14208
2016-01-14,8459,13702,-5243,46563,22915,23648,2595,10204,-7609,57617,46821,10796
2016-01-15,9453,12383,-2930,46445,23234,23211,2693,10154,-7461,58591,45771,12820
2016-01-18,10680,10670,10,50908,25800,25108,2713,9915,-7202,64301,46385,17916
2016-01-19,12751,8653,4098,49044,32106,16938,2971,9735,-6764,64766,50494,14272
2016-01-20,4848,7437,-2589,36852,20380,16472,3058,9925,-6867,44758,37742,7016
2016-01-21,4708,8025,-3317,40147,17318,22829,2978,9975,-6997,47833,35318,12515
2016-01-22,5040,8222,-3182,42547,18439,24108,2932,9765,-6833,50519,36426,14093
2016-01-25,5103,7430,-2327,43176,19106,24070,2920,9249,-6329,51199,35785,15414
2016-01-26,6064,7328,-1264,41745,18239,23506,2988,9568,-6580,50797,35135,15662
2016-01-27,5746,9120,-3374,44270,17985,26285,2912,9473,-6561,52928,36578,16350
2016-01-28,5620,7948,-2328,47519,17299,30220,2908,9288,-6380,56047,34535,21512
2016-01-29,5336,7267,-1931,49900,18890,31010,3073,9078,-6005,58309,35235,23074
2016-01-30,5275,9252,-3977,49293,19137,30156,3123,8658,-5535,57691,37047,20644
2016-02-01,7222,7327,-105,44151,20681,23470,3098,8663,-5565,54471,36671,17800
2016-02-02,6605,7175,-570,43764,20052,23712,3014,8640,-5626,53383,35867,17516
2016-02-03,5820,6628,-808,44818,20827,23991,2706,8856,-6150,53344,36311,17033
2016-02-15,6352,6653,-301,51392,23818,27574,2550,9223,-6673,60294,39694,20600
2016-02-16,7928,9288,-1360,54672,24394,30278,2608,9423,-6815,65208,43105,22103
2016-02-17,2895,6655,-3760,43968,13149,30819,2867,9955,-7088,49730,29759,19971
2016-02-18,3883,7125,-3242,43442,13334,30108,2984,10255,-7271,50309,30714,19595
2016-02-19,3989,7605,-3616,45640,12571,33069,2847,10563,-7716,52476,30739,21737
2016-02-22,5369,6120,-751,41676,13565,28111,2913,10846,-7933,49958,30531,19427
2016-02-23,6316,6556,-240,44555,13859,30696,2946,11045,-8099,53817,31460,22357
2016-02-24,5318,8360,-3042,45203,13249,31954,3105,11724,-8619,53626,33333,20293
2016-02-25,4625,10191,-5566,50145,12314,37831,2981,11971,-8990,57751,34476,23275
2016-02-26,5048,8844,-3796,47308,13587,33721,2986,12089,-9103,55342,34520,20822
2016-03-01,6036,8668,-2632,49469,13355,36114,2950,12300,-9350,58455,34323,24132
2016-03-02,6157,7930,-1773,47159,15461,31698,3072,12566,-9494,56388,35957,20431
2016-03-03,7422,8368,-946,49202,14845,34357,2933,13169,-10236,59557,36382,23175
2016-03-04,8051,8630,-579,49510,15065,34445,3006,13635,-10629,60567,37330,23237
2016-03-07,7969,7946,23,51417,17168,34249,2875,14212,-11337,62261,39326,22935
2016-03-08,8320,7368,952,54297,17498,36799,2788,15305,-12517,65405,40171,25234
2016-03-09,7549,6639,910,55145,16802,38343,2696,16089,-13393,65390,39530,25860
2016-03-10,8168,8478,-310,53207,14823,38384,2661,16173,-13512,64036,39474,24562
2016-03-11,9524,7721,1803,53415,14114,39301,2654,16873,-14219,65593,38708,26885
2016-03-14,9781,7492,2289,53585,19630,33955,2746,16686,-13940,66112,43808,22304
2016-03-15,9976,9127,849,56632,22121,34511,2842,17986,-15144,69450,49234,20216
2016-03-16,3952,9366,-5414,52747,11020,41727,2407,18425,-16018,59106,38811,20295
2016-03-17,4965,8676,-3711,52898,11787,41111,2315,19747,-17432,60178,40210,19968
2016-03-18,5801,8675,-2874,52873,11930,40943,2236,19926,-17690,60910,40531,20379
2016-03-21,6432,7626,-1194,53297,13836,39461,2112,20231,-18119,61841,41693,20148
2016-03-22,6425,8760,-2335,57969,13150,44819,2094,20845,-18751,66488,42755,23733
2016-03-23,4988,8874,-3886,57632,12310,45322,1962,21378,-19416,64582,42562,22020
2016-03-24,5562,8835,-3273,57575,11029,46546,1903,21578,-19675,65040,41442,23598
2016-03-25,6066,8478,-2412,56855,11296,45559,1926,21948,-20022,64847,41722,23125
2016-03-28,5605,8675,-3070,56597,11757,44840,1888,22263,-20375,64090,42695,21395
2016-03-29,5814,10663,-4849,57747,14644,43103,1994,22927,-20933,65555,48234,17321
2016-03-30,5434,10190,-4756,65493,11820,53673,2044,23061,-21017,72971,45071,27900
2016-03-31,5476,9799,-4323,61021,12406,48615,1747,24113,-22366,68244,46318,21926
2016-04-01,6400,9252,-2852,59968,13561,46407,1694,24447,-22753,68062,47260,20802
2016-04-06,6508,9228,-2720,57373,18669,38704,1490,25096,-23606,65371,52993,12378
2016-04-07,6269,10141,-3872,60068,17584,42484,1504,24331,-22827,67841,52056,15785
2016-04-08,6729,9663,-2934,61977,16238,45739,1593,24275,-22682,70299,50176,20123
2016-04-11,6585,10125,-3540,64737,16468,48269,1524,24159,-22635,72846,50752,22094
2016-04-12,6735,9997,-3262,65554,16668,48886,1471,24440,-22969,73760,51105,22655
2016-04-13,8742,10143,-1401,68473,16807,51666,1348,24971,-23623,78563,51921,26642
2016-04-14,11585,10487,1098,66428,19217,47211,1318,25251,-23933,79331,54955,24376
2016-04-15,12244,11654,590,68815,19088,49727,1390,25530,-24140,82449,56272,26177
2016-04-18,12016,9679,2337,66326,23188,43138,1646,25616,-23970,79988,58483,21505
2016-04-19,12325,10008,2317,69857,28555,41302,1667,26052,-24385,83849,64615,19234
2016-04-20,5303,7730,-2427,59416,18844,40572,1581,26691,-25110,66300,53265,13035
2016-04-21,5769,10063,-4294,65896,15728,50168,1599,26593,-24994,73264,52384,20880
2016-04-22,5867,9946,-4079,66811,15075,51736,1781,26551,-24770,74459,51572,22887
2016-04-25,5942,11913,-5971,67925,12946,54979,1866,26496,-24630,75733,51355,24378
2016-04-26,6162,13686,-7524,68650,12109,56541,1842,26196,-24354,76654,51991,24663
2016-04-27,5091,10915,-5824,68071,12414,55657,1813,26323,-24510,74975,49652,25323
2016-04-28,5690,7435,-1745,65561,26086,39475,1730,26947,-25217,72981,60468,12513
2016-04-29,7214,6490,724,67338,30443,36895,1487,27289,-25802,76039,64222,11817
2016-05-03,8150,6023,2127,63916,30013,33903,1503,27617,-26114,73569,63653,9916
2016-05-04,9311,6118,3193,61236,29936,31300,1489,27863,-26374,72036,63917,8119
2016-05-05,11195,5476,5719,57933,33427,24506,1871,27115,-25244,70999,66018,4981
2016-05-06,9904,6179,3725,57901,31224,26677,2197,26515,-24318,70002,63918,6084
2016-05-09,9827,6139,3688,57720,29439,28281,2380,25936,-23556,69927,61514,8413
2016-05-10,10084,6584,3500,55757,28378,27379,2476,25068,-22592,68317,60030,8287
2016-05-11,11782,6089,5693,53949,31149,22800,2718,23874,-21156,68449,61112,7337
2016-05-12,9651,7320,2331,55911,31385,24526,2718,23195,-20477,68280,61900,6380
2016-05-13,8633,7814,819,62156,33400,28756,2867,23056,-20189,73656,64270,9386
2016-05-16,7580,8447,-867,64941,32976,31965,2905,21917,-19012,75426,63340,12086
2016-05-17,8253,8138,115,66956,37758,29198,2926,20942,-18016,78135,66838,11297
2016-05-18,3616,4981,-1365,53889,22129,31760,2966,20512,-17546,60471,47622,12849
2016-05-19,4327,4869,-542,55052,26287,28765,3084,20642,-17558,62463,51798,10665
2016-05-20,4989,7548,-2559,59362,22060,37302,3092,20536,-17444,67443,50144,17299
2016-05-23,6332,6791,-459,59092,21085,38007,3310,19168,-15858,68734,47044,21690
2016-05-24,6107,6317,-210,52521,21767,30754,3493,19040,-15547,62121,47124,14997
2016-05-25,5739,6603,-864,54201,18871,35330,3656,18591,-14935,63596,44065,19531
2016-05-26,5794,7513,-1719,53447,17234,36213,3841,18605,-14764,63082,43352,19730
2016-05-27,5845,8902,-3057,57910,17814,40096,3917,18413,-14496,67672,45129,22543
2016-05-30,7399,8753,-1354,58415,19605,38810,3921,18290,-14369,69735,46648,23087
2016-05-31,7761,9069,-1308,59562,20304,39258,3841,18928,-15087,71164,48301,22863
2016-06-01,8556,10310,-1754,64198,17355,46843,3594,19845,-16251,76348,47510,28838
2016-06-02,8831,11429,-2598,64113,16672,47441,3650,21103,-17453,76594,49204,27390
2016-06-03,9347,10888,-1541,63306,16304,47002,3508,21338,-17830,76161,48530,27631
2016-06-04,9366,10361,-995,64204,16302,47902,3466,21920,-18454,77036,48583,28453
2016-06-06,10399,10405,-6,67532,18525,49007,3478,22450,-18972,81409,51380,30029
2016-06-07,10756,10507,249,71335,17189,54146,3551,23717,-20166,85642,51413,34229
2016-06-08,11890,10849,1041,72487,17978,54509,3528,24910,-21382,87905,53737,34168
2016-06-13,11739,11557,182,70866,22386,48480,3432,26051,-22619,86037,59994,26043
2016-06-14,13475,12152,1323,80268,28025,52243,3257,26262,-23005,97000,66439,30561
2016-06-15,6547,12739,-6192,62762,14087,48675,3219,26637,-23418,72528,53463,19065
2016-06-16,6531,15614,-9083,66778,15038,51740,3269,27659,-24390,76578,58311,18267
2016-06-17,7019,16939,-9920,72174,13601,58573,3194,27954,-24760,82387,58494,23893
2016-06-20,7261,16896,-9635,70342,14852,55490,3152,27989,-24837,80755,59737,21018
2016-06-21,8494,16179,-7685,69491,15257,54234,3282,28113,-24831,81267,59549,21718
2016-06-22,6866,13419,-6553,69936,15272,54664,3227,28788,-25561,80029,57479,22550
2016-06-23,7386,13912,-6526,70033,15843,54190,3211,29277,-26066,80630,59032,21598
2016-06-24,7535,14984,-7449,73660,17443,56217,3724,31398,-27674,84919,63825,21094
2016-06-27,8048,16496,-8448,78757,17452,61305,3642,30713,-27071,90447,64661,25786
2016-06-28,9314,16433,-7119,75423,16764,58659,3569,30418,-26849,88306,63615,24691
2016-06-29,7573,14403,-6830,76539,15297,61242,3838,31251,-27413,87950,60951,26999
2016-06-30,8692,13628,-4936,80536,14657,65879,4150,32019,-27869,93378,60304,33074
2016-07-01,8510,14215,-5705,83492,14708,68784,4169,33307,-29138,96171,62230,33941
2016-07-04,9905,12187,-2282,78449,14553,63896,4064,34219,-30155,92418,60959,31459
2016-07-05,10333,13475,-3142,78950,14218,64732,4022,34647,-30625,93305,62340,30965
2016-07-06,9915,11866,-1951,73262,14420,58842,3748,35886,-32138,86925,62172,24753
2016-07-07,9776,12505,-2729,76539,12969,63570,3564,35169,-31605,89879,60643,29236
2016-07-11,10183,12911,-2728,75714,12934,62780,3739,35135,-31396,89636,60980,28656
2016-07-12,10374,13205,-2831,78462,13249,65213,3886,35691,-31805,92722,62145,30577
2016-07-13,9982,13578,-3596,82360,14218,68142,4463,36022,-31559,96805,63818,32987
2016-07-14,10422,13487,-3065,84580,15588,68992,4345,36997,-32652,99347,66072,33275
2016-07-15,10830,15243,-4413,86568,15085,71483,4332,36643,-32311,101730,66971,34759
2016-07-18,11452,14023,-2571,82014,13815,68199,4359,36147,-31788,97825,63985,33840
2016-07-19,14505,14442,63,85389,19211,66178,4449,36750,-32301,104343,70403,33940
2016-07-20,7865,13604,-5739,74737,12167,62570,4462,37337,-32875,87064,63108,23956
2016-07-21,9245,13479,-4234,76337,13154,63183,4361,37628,-33267,89943,64261,25682
2016-07-22,8028,13286,-5258,73838,11398,62440,4188,37641,-33453,86054,62325,23729
2016-07-25,9592,12922,-3330,72959,10236,62723,4050,38330,-34280,86601,61488,25113
2016-07-26,9440,13246,-3806,78414,9869,68545,3963,38370,-34407,91817,61485,30332
2016-07-27,8377,12579,-4202,76419,11158,65261,3878,38554,-34676,88674,62291,26383
2016-07-28,8104,13480,-5376,80742,11642,69100,3878,39104,-35226,92724,64226,28498
2016-07-29,8217,13963,-5746,79225,11185,68040,3652,40211,-36559,91094,65359,25735
2016-08-01,9285,12939,-3654,85400,11849,73551,3684,40315,-36631,98369,65103,33266
2016-08-02,9387,12718,-3331,79638,12182,67456,3854,40338,-36484,92879,65238,27641
2016-08-03,5954,11057,-5103,81753,12264,69489,3436,41603,-38167,91143,64924,26219
2016-08-04,6765,9972,-3207,79643,12019,67624,3372,41306,-37934,89780,63297,26483
2016-08-05,7600,10168,-2568,82553,11488,71065,3482,42214,-38732,93635,63870,29765
2016-08-08,9286,9802,-516,80255,13062,67193,3407,41841,-38434,92948,64705,28243
2016-08-09,9016,10460,-1444,82184,12552,69632,3458,42272,-38814,94658,65284,29374
2016-08-10,10236,10360,-124,83806,13534,70272,3353,42994,-39641,97395,66888,30507
2016-08-11,14718,11708,3010,83618,15885,67733,3110,44664,-41554,101446,72257,29189
2016-08-12,13086,11748,1338,88027,16506,71521,3198,45126,-41928,104311,73380,30931
2016-08-15,13280,10137,3143,89459,19852,69607,3338,46064,-42726,106077,76053,30024
2016-08-16,11714,9763,1951,87781,18777,69004,3239,47586,-44347,102734,76126,26608
2016-08-17,4250,6956,-2706,77167,10301,66866,2867,49349,-46482,84284,66606,17678
2016-08-18,5185,6676,-1491,80197,9717,70480,2915,49270,-46355,88297,65663,22634
2016-08-19,5820,7553,-1733,80474,14094,66380,3224,49954,-46730,89518,71601,17917
2016-08-22,5139,7919,-2780,85771,13332,72439,2757,51191,-48434,93667,72442,21225
2016-08-23,5393,10245,-4852,90184,10280,79904,2930,50162,-47232,98507,70687,27820
2016-08-24,4799,9302,-4503,86943,10597,76346,3103,49991,-46888,94845,69890,24955
2016-08-25,5646,12462,-6816,96632,9954,86678,3250,49315,-46065,105528,71731,33797
2016-08-26,5427,11085,-5658,90626,9743,80883,3262,48985,-45723,99315,69813,29502
2016-08-29,6421,8663,-2242,87948,11887,76061,2925,49558,-46633,97294,70108,27186
2016-08-30,5883,9155,-3272,86447,11200,75247,2989,49542,-46553,95319,69897,25422
2016-08-31,5293,9755,-4462,87935,10489,77446,3044,50331,-47287,96272,70575,25697
2016-09-01,5846,9090,-3244,88811,13016,75795,2728,51009,-48281,97385,73115,24270
2016-09-02,6958,10186,-3228,91034,13146,77888,2630,51094,-48464,100622,74426,26196
2016-09-05,7102,13645,-6543,98810,11234,87576,2963,50064,-47101,108875,74943,33932
2016-09-06,7445,14392,-6947,102097,12470,89627,3006,49643,-46637,112548,76505,36043
2016-09-07,6916,15664,-8748,107576,14366,93210,2997,48562,-45565,117489,78592,38897
2016-09-08,6458,13656,-7198,101034,15325,85709,2946,48801,-45855,110438,77782,32656
2016-09-09,6824,10430,-3606,91505,16515,74990,2634,50270,-47636,100963,77215,23748
2016-09-10,6927,9309,-2382,92199,16092,76107,2394,51721,-49327,101520,77122,24398
2016-09-12,7188,8667,-1479,90195,16237,73958,2436,52441,-50005,99819,77345,22474
2016-09-13,8459,8464,-5,90173,18624,71549,2441,52566,-50125,101073,79654,21419
2016-09-14,10342,10558,-216,88976,16806,72170,2298,52761,-50463,101616,80125,21491
2016-09-19,10423,11571,-1148,99499,17831,81668,2710,49796,-47086,112632,79198,33434
2016-09-20,9802,10151,-349,103955,26634,77321,2693,50443,-47750,116450,87228,29222
2016-09-21,5430,9631,-4201,85211,10514,74697,2848,49556,-46708,93489,69701,23788
2016-09-22,6569,9856,-3287,85484,10904,74580,2903,50505,-47602,94956,71265,23691
2016-09-23,7080,11145,-4065,89500,9569,79931,2980,50408,-47428,99560,71122,28438
2016-09-26,6029,11823,-5794,88681,10622,78059,2948,51423,-48475,97658,73868,23790
2016-09-29,5240,14003,-8763,94589,9110,85479,3240,50623,-47383,103069,73736,29333
2016-09-30,5850,14320,-8470,90805,10299,80506,2954,51687,-48733,99609,76306,23303
2016-10-03,6253,13857,-7604,92641,10462,82179,3094,51644,-48550,101988,75963,26025
2016-10-04,7267,13858,-6591,96802,10305,86497,3769,51391,-47622,107838,75554,32284
2016-10-05,5303,12595,-7292,98243,11121,87122,3663,51399,-47736,107209,75115,32094
2016-10-06,5844,12449,-6605,98338,11021,87317,3733,51088,-47355,107915,74558,33357
2016-10-07,6669,14074,-7405,100800,12649,88151,3593,51007,-47414,111062,77730,33332
2016-10-11,7155,13661,-6506,103884,21202,82682,3248,51833,-48585,114287,86696,27591
2016-10-12,6182,11917,-5735,110838,19136,91702,2977,50929,-47952,119997,81982,38015
2016-10-13,10513,11942,-1429,105110,24413,80697,3119,51137,-48018,118742,87492,31250
2016-10-14,10771,12739,-1968,103073,23658,79415,2988,51909,-48921,116832,88306,28526
2016-10-17,12665,11739,926,109666,32807,76859,2967,51968,-49001,125298,96514,28784
2016-10-18,12180,13741,-1561,110510,28721,81789,3055,50295,-47240,125745,92757,32988
2016-10-19,3816,12016,-8200,95396,11427,83969,3232,49151,-45919,102444,72594,29850
2016-10-20,4277,12278,-8001,97625,12322,85303,3243,48838,-45595,105145,73438,31707
2016-10-21,4371,13142,-8771,99541,12816,86725,3260,48778,-45518,107172,74736,32436
2016-10-24,4914,12834,-7920,102465,12146,90319,3319,48584,-45265,110698,73564,37134
2016-10-25,6219,13856,-7637,105662,12554,93108,3160,47749,-44589,115041,74159,40882
2016-10-26,3383,11769,-8386,100396,13468,86928,3110,48171,-45061,106889,73408,33481
2016-10-27,3531,10888,-7357,96916,14176,82740,2693,48511,-45818,103140,73575,29565
2016-10-28,3373,10296,-6923,96548,13990,82558,2676,48506,-45830,102597,72792,29805
2016-10-31,3172,10744,-7572,95438,12781,82657,2677,47804,-45127,101287,71329,29958
2016-11-01,4290,10041,-5751,92871,13516,79355,2716,47606,-44890,99877,71163,28714
2016-11-02,4284,8341,-4057,87488,16505,70983,2589,48974,-46385,94361,73820,20541
2016-11-03,3468,7171,-3703,84565,19321,65244,2503,49676,-47173,90536,76168,14368
2016-11-04,3577,6337,-2760,84175,19424,64751,2468,49729,-47261,90220,75490,14730
2016-11-07,4106,6945,-2839,86617,18096,68521,2852,48389,-45537,93575,73430,20145
2016-11-08,5303,7063,-1760,87311,18605,68706,2911,47924,-45013,95525,73592,21933
2016-11-09,6822,7967,-1145,86161,20697,65464,2396,51456,-49060,95379,80120,15259
2016-11-10,7145,6187,958,86329,19489,66840,2539,48497,-45958,96013,74173,21840
2016-11-11,7675,6790,885,84082,24231,59851,2509,49763,-47254,94266,80784,13482
2016-11-14,8212,7123,1089,87259,25071,62188,2576,49328,-46752,98047,81522,16525
2016-11-15,7004,8654,-1650,94453,27917,66536,2640,49045,-46405,104097,85616,18481
2016-11-16,6304,5317,987,76657,14165,62492,2641,48048,-45407,85602,67530,18072
2016-11-17,6331,5392,939,78125,15094,63031,2653,48178,-45525,87109,68664,18445
2016-11-18,6067,5840,227,82391,16511,65880,2772,47397,-44625,91230,69748,21482
2016-11-21,6595,5126,1469,81778,15576,66202,2852,46759,-43907,91225,67461,23764
2016-11-22,5559,8013,-2454,89337,14314,75023,3126,45189,-42063,98022,67516,30506
2016-11-23,5059,8404,-3345,89828,13116,76712,3237,44768,-41531,98124,66288,31836
2016-11-24,4906,8618,-3712,88326,14636,73690,3338,44993,-41655,96570,68247,28323
2016-11-25,4752,9812,-5060,90559,14469,76090,3358,44983,-41625,98669,69264,29405
2016-11-28,4647,11236,-6589,97027,15828,81199,3334,44293,-40959,105008,71357,33651
2016-11-29,4830,11320,-6490,94931,16694,78237,3303,44395,-41092,103064,72409,30655
2016-11-30,4007,11225,-7218,97027,16968,80059,3295,44250,-40955,104329,72443,31886
2016-12-01,4155,10959,-6804,98856,18669,80187,3386,43803,-40417,106397,73431,32966
2016-12-02,4854,8426,-3572,92091,21224,70867,3312,44700,-41388,100257,74350,25907
2016-12-05,4819,9450,-4631,93214,20783,72431,2963,44982,-42019,100996,75215,25781
2016-12-06,6414,13953,-7539,100604,20458,80146,2918,43865,-40947,109936,78276,31660
2016-12-07,4490,10613,-6123,96898,21814,75084,2958,43796,-40838,104346,76223,28123
2016-12-08,5505,11832,-6327,100066,20763,79303,3143,43053,-39910,108714,75648,33066
2016-12-09,5975,12843,-6868,101964,19219,82745,2944,42862,-39918,110883,74924,35959
2016-12-12,5564,13170,-7606,99937,22526,77411,2943,43263,-40320,108444,78959,29485
2016-12-13,6336,12377,-6041,98881,21235,77646,2963,43222,-40259,108180,76834,31346
2016-12-14,6462,11886,-5424,97194,22287,74907,2916,43270,-40354,106572,77443,29129
2016-12-15,6620,11716,-5096,95945,23202,72743,2922,43268,-40346,105487,78186,27301
2016-12-16,6620,10557,-3937,87781,23483,64298,2782,43591,-40809,97183,77631,19552
2016-12-19,5160,11586,-6426,84754,18947,65807,2553,44466,-41913,92467,74999,17468
2016-12-20,7893,10512,-2619,83022,22602,60420,2500,44429,-41929,93415,77543,15872
2016-12-21,3633,6969,-3336,71883,13792,58091,2234,44250,-42016,77750,65011,12739
2016-12-22,4807,8947,-4140,71640,17656,53984,2190,44759,-42569,78637,71362,7275
2016-12-23,5050,9049,-3999,70198,17184,53014,2142,44766,-42624,77390,70999,6391
2016-12-26,5203,8360,-3157,70601,17716,52885,2145,44220,-42075,77949,70296,7653
2016-12-27,5267,8269,-3002,69650,17502,52148,2143,44227,-42084,77060,69998,7062
2016-12-28,5324,7443,-2119,71786,15093,56693,2217,42854,-40637,79327,65390,13937
2016-12-29,4744,8136,-3392,73487,13442,60045,2252,42708,-40456,80483,64286,16197
2016-12-30,5835,8783,-2948,76232,13629,62603,2713,42163,-39450,84780,64575,20205
2017-01-03,7593,7948,-355,73071,13653,59418,2721,42151,-39430,83385,63752,19633
2017-01-04,5689,8098,-2409,71394,14127,57267,2832,42121,-39289,79915,64346,15569
2017-01-05,7404,9349,-1945,78269,13724,64545,2945,41368,-38423,88618,64441,24177
2017-01-06,7953,9415,-1462,79691,13528,66163,2860,41266,-38406,90504,64209,26295
2017-01-09,7510,8207,-697,76915,14615,62300,2775,41569,-38794,87200,64391,22809
2017-01-10,6533,8435,-1902,79639,14342,65297,2713,41749,-39036,88885,64526,24359
2017-01-11,6701,8577,-1876,79603,16362,63241,2649,41534,-38885,88953,66473,22480
2017-01-12,8031,8555,-524,86634,15052,71582,2713,41119,-38406,97378,64726,32652
2017-01-13,8772,9160,-388,81917,16980,64937,2682,41649,-38967,93371,67789,25582
2017-01-16,10959,11569,-610,84873,27026,57847,2271,42670,-40399,98103,81265,16838
2017-01-17,11732,10892,840,91928,28087,63841,2417,42344,-39927,106077,81323,24754
2017-01-18,5935,8538,-2603,75995,21370,54625,2301,43127,-40826,84231,73035,11196
2017-01-19,13696,15876,-2180,76120,21492,54628,2288,43112,-40824,92104,80480,11624
2017-01-20,12806,16736,-3930,79568,20522,59046,2284,43222,-40938,94658,80480,14178
2017-01-23,11882,17925,-6043,81461,16921,64540,2671,41965,-39294,96014,76811,19203
2017-01-24,11670,18022,-6352,80164,13700,66464,2624,41956,-39332,94458,73678,20780
2017-02-02,12812,17402,-4590,75339,13293,62046,2713,42306,-39593,90864,73001,17863
2017-02-03,13774,17830,-4056,76976,11533,65443,2728,42297,-39569,93478,71660,21818
2017-02-06,14638,18859,-4221,79865,10831,69034,2763,41653,-38890,97266,71343,25923
2017-02-07,15813,18488,-2675,82087,11562,70525,2555,41672,-39117,100455,71722,28733
2017-02-08,13288,17892,-4604,84625,14576,70049,2402,41693,-39291,100315,74161,26154
2017-02-09,12190,15379,-3189,89316,13080,76236,2454,41375,-38921,103960,69834,34126
2017-02-10,11879,19524,-7645,94065,15552,78513,2467,40610,-38143,108411,75686,32725
2017-02-13,12825,18947,-6122,99393,21908,77485,2501,40241,-37740,114719,81096,33623
2017-02-14,15507,23764,-8257,99924,24654,75270,2430,40242,-37812,117861,88660,29201
2017-02-15,5554,11821,-6267,86335,13437,72898,2390,39390,-37000,94279,64648,29631
2017-02-16,6090,11715,-5625,81784,15934,65850,2282,39716,-37434,90156,67365,22791
2017-02-17,6274,12146,-5872,81172,15533,65639,2157,40058,-37901,89603,67737,21866
2017-02-18,7212,11470,-4258,81256,15432,65824,2155,40050,-37895,90623,66952,23671
2017-02-20,7452,14106,-6654,80221,16516,63705,2094,40235,-38141,89767,70857,18910
2017-02-21,7940,13529,-5589,78345,17535,60810,2070,40217,-38147,88355,71281,17074
2017-02-22,6937,11906,-4969,77248,19052,58196,2083,39876,-37793,86268,70834,15434
2017-02-23,6368,13505,-7137,79707,18087,61620,2088,39910,-37822,88163,71502,16661
2017-02-24,6635,13321,-6686,80365,18948,61417,1912,40158,-38246,88912,72427,16485
2017-03-01,7516,11986,-4470,76733,24250,52483,1670,40629,-38959,85919,76865,9054
2017-03-02,7819,11779,-3960,75053,24138,50915,1797,40414,-38617,84669,76331,8338
2017-03-03,8803,11532,-2729,75754,25375,50379,1723,40436,-38713,86280,77343,8937
2017-03-06,8040,11168,-3128,77589,23425,54164,1728,40045,-38317,87357,74638,12719
2017-03-07,9978,12101,-2123,76633,21843,54790,2021,39590,-37569,88632,73534,15098
2017-03-08,9540,11484,-1944,76938,22676,54262,2085,38901,-36816,88563,73061,15502
2017-03-09,10921,12849,-1928,71827,26409,45418,1818,39730,-37912,84566,78988,5578
2017-03-10,8995,11369,-2374,71869,29077,42792,1755,40060,-38305,82619,80506,2113
2017-03-13,10362,10699,-337,77721,28593,49128,1692,39332,-37640,89775,78624,11151
2017-03-14,11558,11378,180,77022,26522,50500,2003,38380,-36377,90583,76280,14303
2017-03-15,4162,9840,-5678,69795,16772,53023,2069,38303,-36234,76026,64915,11111
2017-03-16,6035,10990,-4955,73997,15620,58377,2091,37413,-35322,82123,64023,18100
2017-03-17,7452,10086,-2634,73804,16443,57361,2275,37172,-34897,83531,63701,19830
2017-03-20,7753,8880,-1127,73596,16756,56840,2194,36950,-34756,83543,62586,20957
2017-03-21,9880,9754,126,76669,20907,55762,2320,36484,-34164,88869,67145,21724
2017-03-22,7621,7417,204,74464,20904,53560,2231,37109,-34878,84316,65430,18886
2017-03-23,7857,6767,1090,72515,22724,49791,2244,37636,-35392,82616,67127,15489
2017-03-24,6642,6777,-135,74022,20947,53075,2208,37682,-35474,82872,65406,17466
2017-03-27,5372,8515,-3143,79245,21591,57654,2150,38140,-35990,86767,68246,18521
2017-03-28,6003,9445,-3442,77085,23456,53629,1764,37980,-36216,84852,70881,13971
2017-03-29,5440,8295,-2855,74750,22999,51751,1870,38217,-36347,82060,69511,12549
2017-03-30,4941,9175,-4234,75447,21796,53651,1930,38191,-36261,82318,69162,13156
2017-03-31,5077,10151,-5074,75140,23107,52033,1730,38408,-36678,81947,71666,10281
2017-04-05,7990,9921,-1931,81173,23969,57204,2038,37336,-35298,91201,71226,19975
2017-04-06,7171,9673,-2502,75554,24734,50820,2086,37431,-35345,84811,71838,12973
2017-04-07,8742,8081,661,68019,23297,44722,1778,38044,-36266,78539,69422,9117
2017-04-10,9336,8032,1304,68267,21611,46656,1773,37951,-36178,79376,67594,11782
2017-04-11,8104,9452,-1348,69036,22436,46600,1714,38152,-36438,78854,70040,8814
2017-04-12,5683,9699,-4016,71493,21574,49919,1678,38179,-36501,78854,69452,9402
2017-04-13,7430,12015,-4585,73383,21322,52061,1742,37886,-36144,82555,71223,11332
2017-04-14,6845,9504,-2659,69789,24438,45351,1669,38795,-37126,78303,72737,5566
2017-04-17,7559,9151,-1592,72113,25913,46200,1599,38864,-37265,81271,73928,7343
2017-04-18,11241,8850,2391,69025,28543,40482,1615,38753,-37138,81881,76146,5735
2017-04-19,6831,5863,968,59086,22079,37007,1711,39534,-37823,67628,67476,152
2017-04-20,6873,6649,224,60069,20906,39163,1737,39628,-37891,68679,67183,1496
2017-04-21,8780,8455,325,61067,17099,43968,1869,38708,-36839,71716,64262,7454
2017-04-24,8333,8903,-570,61175,19220,41955,2101,38253,-36152,71609,66376,5233
2017-04-25,11105,9800,1305,65608,15666,49942,2176,37365,-35189,78889,62831,16058
2017-04-26,8654,9971,-1317,67115,16455,50660,2204,36810,-34606,77973,63236,14737
2017-04-27,8471,10236,-1765,68538,16960,51578,2200,36866,-34666,79209,64062,15147
2017-04-28,8768,9594,-826,70773,17823,52950,2244,36633,-34389,81785,64050,17735
2017-05-02,10366,12581,-2215,74956,17412,57544,2325,36108,-33783,87647,66101,21546
2017-05-03,10382,13231,-2849,75470,17776,57694,2362,36119,-33757,88214,67126,21088
2017-05-04,12370,12463,-93,75945,17482,58463,2341,36143,-33802,90656,66088,24568
2017-05-05,10284,11733,-1449,72983,17819,55164,2185,37084,-34899,85452,66636,18816
2017-05-08,11223,11085,138,71296,17429,53867,2276,37081,-34805,84795,65595,19200
2017-05-09,11250,12724,-1474,73906,17798,56108,2183,37035,-34852,87339,67557,19782
2017-05-10,12873,12923,-50,75280,17004,58276,2171,36821,-34650,90324,66748,23576
2017-05-11,15853,12965,2888,76203,16527,59676,2179,36369,-34190,94235,65861,28374
2017-05-12,14811,13250,1561,76507,16487,60020,2133,36355,-34222,93451,66092,27359
2017-05-15,16501,13942,2559,81656,21650,60006,2142,36415,-34273,100299,72007,28292
2017-05-16,14513,15284,-771,80979,22856,58123,2085,36395,-34310,97577,74535,23042
2017-05-17,7339,11308,-3969,73767,13979,59788,2025,36499,-34474,83131,61786,21345
2017-05-18,8365,13278,-4913,77638,14287,63351,1696,36970,-35274,87699,64535,23164
2017-05-19,8491,13224,-4733,75224,15683,59541,1707,36961,-35254,85422,65868,19554
2017-05-22,11458,12635,-1177,74338,14968,59370,1945,37331,-35386,87741,64934,22807
2017-05-23,11256,12748,-1492,76727,15032,61695,1880,37253,-35373,89863,65033,24830
2017-05-24,12025,12800,-775,78116,15318,62798,1885,37287,-35402,92026,65405,26621
2017-05-25,12406,14494,-2088,84605,15788,68817,2041,36814,-34773,99052,67096,31956
2017-05-26,10741,14430,-3689,80759,17055,63704,1946,36921,-34975,93446,68406,25040
2017-05-31,10547,13037,-2490,78492,21293,57199,1607,37537,-35930,90646,71867,18779
2017-06-01,12630,11666,964,76635,21318,55317,1617,37063,-35446,90882,70047,20835
2017-06-02,13797,12094,1703,76190,20219,55971,2059,36577,-34518,92046,68890,23156
2017-06-03,13853,12462,1391,76434,19957,56477,2011,36571,-34560,92298,68990,23308
2017-06-05,15701,11444,4257,77015,19649,57366,2002,36087,-34085,94718,67180,27538
2017-06-06,15509,11570,3939,76567,20176,56391,1942,36124,-34182,94018,67870,26148
2017-06-07,14498,12394,2104,77618,20090,57528,2028,36145,-34117,94144,68629,25515
2017-06-08,16397,11722,4675,78295,21155,57140,2058,36136,-34078,96750,69013,27737
2017-06-09,14110,12633,1477,78829,20001,58828,1883,36157,-34274,94822,68791,26031
2017-06-12,13078,14911,-1833,80611,21985,58626,1511,37203,-35692,95200,74099,21101
2017-06-13,14032,14654,-622,79700,22660,57040,1505,36746,-35241,95237,74060,21177
2017-06-14,14260,13803,457,74804,22872,51932,1450,37174,-35724,90514,73849,16665
2017-06-15,14468,12327,2141,77043,25185,51858,1507,37234,-35727,93018,74746,18272
2017-06-16,14496,14691,-195,75642,20188,55454,1822,35956,-34134,91960,70835,21125
2017-06-19,14581,13603,978,80817,25700,55117,1950,35467,-33517,97348,74770,22578
2017-06-20,16415,15538,877,82751,26903,55848,1934,35101,-33167,101100,77542,23558
2017-06-21,6590,11699,-5109,77879,19079,58800,1874,34989,-33115,86343,65767,20576
2017-06-22,7977,11351,-3374,77347,19772,57575,1885,34664,-32779,87209,65787,21422
2017-06-23,7817,13193,-5376,76549,19633,56916,2162,34155,-31993,86528,66981,19547
2017-06-26,12775,13618,-843,77463,23836,53627,2212,32970,-30758,92450,70424,22026
2017-06-27,13922,13942,-20,75761,27063,48698,2175,32819,-30644,91858,73824,18034
2017-06-28,11614,14227,-2613,76546,27275,49271,1949,33283,-31334,90109,74785,15324
2017-06-29,11630,14037,-2407,77496,28220,49276,1856,33317,-31461,90982,75574,15408
2017-06-30,11838,13192,-1354,77901,29951,47950,1905,33766,-31861,91644,76909,14735
2017-07-03,13216,12202,1014,76904,30258,46646,1950,33746,-31796,92070,76206,15864
2017-07-04,12754,13002,-248,76301,30864,45437,1948,34070,-32122,91003,77936,13067
2017-07-05,11733,12067,-334,79250,29551,49699,1932,33679,-31747,92915,75297,17618
2017-07-06,13379,12132,1247,74051,29617,44434,1968,33659,-31691,89398,75408,13990
2017-07-07,14393,12162,2231,72856,31610,41246,1809,34425,-32616,89058,78197,10861
2017-07-10,13273,12879,394,73571,31499,42072,1847,34382,-32535,88691,78760,9931
2017-07-11,16744,13101,3643,76448,31547,44901,2100,32953,-30853,95292,77601,17691
2017-07-12,15361,11868,3493,73529,33285,40244,2366,32924,-30558,91256,78077,13179
2017-07-13,15820,11385,4435,70832,27645,43187,2417,32302,-29885,89069,71332,17737
2017-07-14,16346,11334,5012,69135,27381,41754,2426,32313,-29887,87907,71028,16879
2017-07-17,17401,10928,6473,73680,33805,39875,2472,32302,-29830,93553,77035,16518
2017-07-18,20448,11448,9000,70387,31470,38917,2496,32281,-29785,93331,75199,18132
2017-07-19,7455,11255,-3800,63079,19796,43283,2496,32517,-30021,73030,63568,9462
2017-07-20,7869,10599,-2730,61399,20729,40670,2566,32572,-30006,71834,63900,7934
2017-07-21,8818,11290,-2472,59939,21774,38165,2515,33189,-30674,71272,66253,5019
2017-07-24,8459,11033,-2574,63142,19906,43236,2349,33486,-31137,73950,64425,9525
2017-07-25,11002,10192,810,60173,20786,39387,2330,33488,-31158,73505,64466,9039
2017-07-26,10049,9643,406,60963,23111,37852,2601,33108,-30507,73613,65862,7751
2017-07-27,9061,10365,-1304,67610,22169,45441,2688,32631,-29943,79359,65165,14194
2017-07-28,12399,10062,2337,61931,25764,36167,2205,33365,-31160,76535,69191,7344
2017-07-31,11523,10013,1510,61864,24492,37372,2203,33703,-31500,75590,68208,7382
2017-08-01,10887,9403,1484,59503,23853,35650,2318,33186,-30868,72708,66442,6266
2017-08-02,10579,8757,1822,63990,23316,40674,2514,32853,-30339,77083,64926,12157
2017-08-03,13164,9211,3953,62792,24533,38259,2143,33150,-31007,78099,66894,11205
2017-08-04,14271,8751,5520,64334,24857,39477,2151,33084,-30933,80756,66692,14064
2017-08-07,14425,8899,5526,66237,25513,40724,2222,32495,-30273,82884,66907,15977
2017-08-08,16278,8870,7408,64823,26015,38808,2242,32513,-30271,83343,67398,15945
2017-08-09,15472,9778,5694,63906,26235,37671,2390,33005,-30615,81768,69018,12750
2017-08-10,14067,10753,3314,59581,27699,31882,2297,33973,-31676,75945,72425,3520
2017-08-11,13627,11506,2121,63233,29115,34118,2206,34042,-31836,79066,74663,4403
2017-08-14,15487,14581,906,57777,21542,36235,2179,34905,-32726,75443,71028,4415
2017-08-15,15758,11176,4582,61295,27565,33730,2236,34853,-32617,79289,73594,5695
2017-08-16,10733,9291,1442,55683,20995,34688,2277,34923,-32646,68693,65209,3484
2017-08-17,11157,10540,617,59468,20108,39360,2364,34377,-32013,72989,65025,7964
2017-08-18,11521,10126,1395,58669,18919,39750,2376,34274,-31898,72566,63319,9247
2017-08-21,12731,10012,2719,59391,18613,40778,2379,34242,-31863,74501,62867,11634
2017-08-22,12313,12845,-532,62676,18269,44407,2482,33807,-31325,77471,64921,12550
2017-08-23,10887,11318,-431,61605,19867,41738,2466,33622,-31156,74958,64807,10151
2017-08-24,11100,13845,-2745,70642,19000,51642,2520,32930,-30410,84262,65775,18487
2017-08-25,11694,12839,-1145,70180,19524,50656,2592,32690,-30098,84466,65053,19413
2017-08-28,11623,13016,-1393,72231,19842,52389,2716,33886,-31170,86570,66744,19826
2017-08-29,11088,13745,-2657,70260,18826,51434,2566,33900,-31334,83914,66471,17443
2017-08-30,12003,16181,-4178,75333,20438,54895,2648,34502,-31854,89984,71121,18863
2017-08-31,11507,15068,-3561,75851,21532,54319,2616,34710,-32094,89974,71310,18664
2017-09-01,12381,16380,-3999,79164,21454,57710,2606,34673,-32067,94151,72507,21644
2017-09-04,11779,16341,-4562,80494,20929,59565,2521,34644,-32123,94794,71914,22880
2017-09-05,11861,15136,-3275,79385,21349,58036,2536,36237,-33701,93782,72722,21060
2017-09-06,11618,16300,-4682,77996,20952,57044,2378,37399,-35021,91992,74651,17341
2017-09-07,11262,17376,-6114,80185,22611,57574,2279,38559,-36280,93726,78546,15180
2017-09-08,11019,17306,-6287,87193,21482,65711,2464,40973,-38509,100676,79761,20915
2017-09-11,12210,16041,-3831,82091,22370,59721,2507,41391,-38884,96808,79802,17006
2017-09-12,12790,16363,-3573,83003,21620,61383,2370,41387,-39017,98163,79370,18793
2017-09-13,13085,16835,-3750,83285,25930,57355,2006,42230,-40224,98376,84995,13381
2017-09-14,13734,16977,-3243,84169,25030,59139,1959,42361,-40402,99862,84368,15494
2017-09-15,12554,16304,-3750,86300,23723,62577,1980,42351,-40371,100834,82378,18456
2017-09-18,14670,18346,-3676,95868,30677,65191,2202,41614,-39412,112740,90637,22103
2017-09-19,18699,17664,1035,92326,38893,53433,1992,41956,-39964,113017,98513,14504
2017-09-20,8848,16156,-7308,75581,21296,54285,1720,42784,-41064,86149,80236,5913
2017-09-21,10092,16428,-6336,78514,20372,58142,1751,42137,-40386,90357,78937,11420
2017-09-22,10268,18169,-7901,75040,24375,50665,1836,42853,-41017,87144,85397,1747
2017-09-25,10142,18438,-8296,74423,25849,48574,1735,43929,-42194,86300,88216,-1916
2017-09-26,10705,19812,-9107,74922,26351,48571,1698,44373,-42675,87325,90536,-3211
2017-09-27,9726,17168,-7442,72931,24512,48419,1685,42152,-40467,84342,83832,510
2017-09-28,10167,17734,-7567,71875,27703,44172,1775,40178,-38403,83817,85615,-1798
2017-09-29,9543,17767,-8224,72962,27331,45631,1789,40382,-38593,84294,85480,-1186
2017-09-30,10426,17442,-7016,73001,27039,45962,1991,39357,-37366,85418,83838,1580
2017-10-02,11532,18411,-6879,73744,23690,50054,2024,37355,-35331,87300,79456,7844
2017-10-03,13506,17090,-3584,72490,24109,48381,1967,36239,-34272,87963,77438,10525
2017-10-05,10878,16199,-5321,77126,23975,53151,2035,35563,-33528,90039,75737,14302
2017-10-06,11356,15686,-4330,75510,22567,52943,2141,35632,-33491,89007,73885,15122
2017-10-11,10202,14230,-4028,82681,24114,58567,2173,34805,-32632,95056,73149,21907
2017-10-12,10759,13341,-2582,84662,25292,59370,2131,34284,-32153,97552,72917,24635
2017-10-13,11991,12828,-837,86903,29067,57836,2056,34264,-32208,100950,76159,24791
2017-10-16,12840,13832,-992,97183,41403,55780,2044,34000,-31956,112067,89235,22832
2017-10-17,11146,14166,-3020,97988,41987,56001,1991,34140,-32149,111125,90293,20832
2017-10-18,6157,12774,-6617,77900,20186,57714,1962,34134,-32172,86019,67094,18925
2017-10-19,6166,12180,-6014,78809,21933,56876,2102,33463,-31361,87077,67576,19501
2017-10-20,5624,13064,-7440,80084,22080,58004,2060,33510,-31450,87768,68654,19114
2017-10-23,7896,12011,-4115,77484,22031,55453,2081,33474,-31393,87461,67516,19945
2017-10-24,6832,12202,-5370,79289,22959,56330,2147,32764,-30617,88268,67925,20343
2017-10-25,6783,11810,-5027,76166,23091,53075,2091,32765,-30674,85040,67666,17374
2017-10-26,5594,11682,-6088,77492,23833,53659,1967,32477,-30510,85053,67992,17061
2017-10-27,6891,12442,-5551,77894,24847,53047,1668,32678,-31010,86453,69967,16486
2017-10-30,6830,11165,-4335,81124,25700,55424,1903,31794,-29891,89857,68659,21198
2017-10-31,8671,10337,-1666,81299,27050,54249,1754,31779,-30025,91724,69166,22558
2017-11-01,8096,9736,-1640,77963,27171,50792,1880,31544,-29664,87939,68451,19488
2017-11-02,8410,10407,-1997,78170,27224,50946,1749,31550,-29801,88329,69181,19148
2017-11-03,9571,10205,-634,76727,28078,48649,1676,31821,-30145,87974,70104,17870
2017-11-06,11248,11276,-28,76720,29801,46919,1918,31526,-29608,89886,72603,17283
2017-11-07,12225,10273,1952,76830,27165,49665,1936,31153,-29217,90991,68591,22400
2017-11-08,12172,9751,2421,73243,26601,46642,1933,31153,-29220,87348,67505,19843
2017-11-09,12219,10900,1319,73692,29194,44498,1551,31736,-30185,87462,71830,15632
2017-11-10,10704,10685,19,77267,30921,46346,1505,31730,-30225,89476,73336,16140
2017-11-13,11248,12005,-757,76678,29710,46968,1397,31930,-30533,89323,73645,15678
2017-11-14,12302,10204,2098,82523,38111,44412,1550,31630,-30080,96375,79945,16430
2017-11-15,5775,6556,-781,67995,29600,38395,1403,32184,-30781,75173,68340,6833
2017-11-16,6209,6951,-742,69219,29623,39596,1420,32182,-30762,76848,68756,8092
2017-11-17,5836,7845,-2009,71797,24523,47274,1690,32292,-30602,79323,64660,14663
2017-11-20,6744,7571,-827,70372,27036,43336,1657,32929,-31272,78773,67536,11237
2017-11-21,7370,7556,-186,73146,28067,45079,1736,32183,-30447,82252,67806,14446
2017-11-22,7954,7499,455,75471,27912,47559,1731,32980,-31249,85156,68391,16765
2017-11-23,8439,7033,1406,74703,27514,47189,1774,32927,-31153,84916,67474,17442
2017-11-24,8806,6891,1915,74286,27377,46909,1815,33901,-32086,84907,68169,16738
2017-11-27,8604,7793,811,70923,28471,42452,1473,34767,-33294,81000,71031,9969
2017-11-28,7038,10057,-3019,70569,28270,42299,1460,34828,-33368,79067,73155,5912
2017-11-29,6733,8100,-1367,70565,28451,42114,1490,34652,-33162,78788,71203,7585
2017-11-30,7793,9171,-1378,70505,33327,37178,1479,35173,-33694,79777,77671,2106
2017-12-01,8596,9795,-1199,69823,30022,39801,1517,34729,-33212,79936,74546,5390
2017-12-04,8560,9795,-1235,69097,28576,40521,1565,34613,-33048,79222,72984,6238
2017-12-05,8359,10344,-1985,69301,28955,40346,1635,35007,-33372,79295,74306,4989
2017-12-06,8052,11567,-3515,70353,30203,40150,1860,36313,-34453,80265,78083,2182
2017-12-07,7519,11734,-4215,71195,31973,39222,1884,35764,-33880,80598,79471,1127
2017-12-08,8278,11795,-3517,70149,33531,36618,2020,35223,-33203,80447,80549,-102
2017-12-11,7941,11825,-3884,69134,30229,38905,2040,34195,-32155,79115,76249,2866
2017-12-12,8292,11424,-3132,69190,29911,39279,2026,34637,-32611,79508,75972,3536
2017-12-13,7040,11862,-4822,70199,28505,41694,1989,34312,-32323,79228,74679,4549
2017-12-14,6376,12569,-6193,74253,29297,44956,2159,34165,-32006,82788,76031,6757
2017-12-15,9217,10191,-974,73826,34079,39747,1898,35121,-33223,84941,79391,5550
2017-12-18,10316,10850,-534,78352,40158,38194,1757,34590,-32833,90425,85598,4827
2017-12-19,8112,11485,-3373,84319,41664,42655,1742,34624,-32882,94173,87773,6400
2017-12-20,4455,8651,-4196,65699,20117,45582,1728,35179,-33451,71882,63947,7935
2017-12-21,4154,8474,-4320,65705,22131,43574,1724,35479,-33755,71583,66084,5499
2017-12-22,4530,9138,-4608,66338,21169,45169,1779,34888,-33109,72647,65195,7452
2017-12-25,4423,9640,-5217,66574,21024,45550,1708,34943,-33235,72705,65607,7098
2017-12-26,4481,10596,-6115,66042,22619,43423,1528,36292,-34764,72051,69507,2544
2017-12-27,3954,11040,-7086,70161,21346,48815,1613,36729,-35116,75728,69115,6613
2017-12-28,5310,11831,-6521,73215,21888,51327,1914,36533,-34619,80439,70252,10187
2017-12-29,6778,11316,-4538,72655,23916,48739,1962,35337,-33375,81395,70569,10826
2018-01-02,10826,13712,-2886,76058,23916,52142,2054,35720,-33666,88938,73348,15590
2018-01-03,10174,12011,-1837,75808,24877,50931,2035,35633,-33598,88017,72521,15496
2018-01-04,10242,11554,-1312,74716,22797,51919,1895,35494,-33599,86853,69845,17008
2018-01-05,10068,11808,-1740,73223,21517,51706,1818,35475,-33657,85109,68800,16309
2018-01-08,11730,10689,1041,73599,23925,49674,1740,35468,-33728,87069,70082,16987
2018-01-09,11098,11155,-57,77432,24119,53313,1808,35472,-33664,90338,70746,19592
2018-01-10,9030,13323,-4293,77298,23573,53725,1700,35053,-33353,88028,71949,16079
2018-01-11,8774,12182,-3408,78216,25748,52468,1655,34557,-32902,88645,72487,16158
2018-01-12,10413,15103,-4690,81840,26763,55077,1779,33510,-31731,94032,75376,18656
2018-01-15,12668,12666,2,77665,26671,50994,1643,32553,-30910,91976,71890,20086
2018-01-16,13147,13828,-681,81553,33189,48364,1656,32533,-30877,96356,79550,16806
2018-01-17,6105,11274,-5169,74986,22569,52417,1735,32081,-30346,82826,65924,16902
2018-01-18,5665,11031,-5366,73877,25211,48666,1642,29483,-27841,81184,65725,15459
2018-01-19,7029,11372,-4343,75602,26190,49412,1713,29975,-28262,84344,67537,16807
2018-01-22,11318,10734,584,69928,27659,42269,1760,30432,-28672,83006,68825,14181
2018-01-23,12929,10101,2828,68341,29676,38665,1807,32594,-30787,83077,72371,10706
2018-01-24,9311,8522,789,70044,28482,41562,1711,34846,-33135,81066,71850,9216
2018-01-25,9418,10153,-735,74067,27232,46835,1865,36176,-34311,85350,73561,11789
2018-01-26,8311,10428,-2117,73771,26983,46788,1982,37271,-35289,84064,74682,9382
2018-01-29,11264,10139,1125,71473,27297,44176,1973,37220,-35247,84710,74656,10054
2018-01-30,9560,11340,-1780,73554,25238,48316,1880,37804,-35924,84994,74382,10612
2018-01-31,7265,10418,-3153,76896,27213,49683,1891,37692,-35801,86052,75323,10729
2018-02-01,9284,11234,-1950,77012,29065,47947,1929,37273,-35344,88225,77572,10653
2018-02-02,10858,11735,-877,74813,30769,44044,1820,37417,-35597,87491,79921,7570
2018-02-05,10805,11780,-975,72215,32066,40149,1825,37771,-35946,84845,81617,3228
2018-02-06,13151,20519,-7368,71010,27939,43071,1739,40473,-38734,85900,88931,-3031
2018-02-07,10272,16740,-6468,73006,24818,48188,1831,38858,-37027,85109,80416,4693
2018-02-08,11586,17704,-6118,72213,26274,45939,1829,38884,-37055,85628,82862,2766
2018-02-09,14244,17703,-3459,71902,29338,42564,1738,39622,-37884,87884,86663,1221
2018-02-12,13622,16014,-2392,74313,31672,42641,1785,38680,-36895,89720,86366,3354
2018-02-21,8329,12018,-3689,68699,20923,47776,1904,36134,-34230,78932,69075,9857
2018-02-22,8315,11681,-3366,65514,22621,42893,1440,36046,-34606,75269,70348,4921
2018-02-23,9020,12911,-3891,68850,20866,47984,1470,34643,-33173,79340,68420,10920
2018-02-26,9006,11930,-2924,66046,21998,44048,1518,34126,-32608,76570,68054,8516
2018-02-27,8750,12981,-4231,66620,21398,45222,1605,34140,-32535,76975,68519,8456
2018-03-01,8381,12905,-4524,66810,21554,45256,1516,34709,-33193,76707,69168,7539
2018-03-02,9164,13975,-4811,67383,21635,45748,1453,35426,-33973,78000,71036,6964
2018-03-05,9510,14132,-4622,68589,23440,45149,1403,35731,-34328,79502,73303,6199
2018-03-06,11238,14805,-3567,70899,23125,47774,1437,34834,-33397,83574,72764,10810
2018-03-07,9693,14196,-4503,70459,24185,46274,1396,34878,-33482,81548,73259,8289
2018-03-08,10150,13726,-3576,73679,24015,49664,1426,34392,-32966,85255,72133,13122
2018-03-09,9733,14073,-4340,72482,23563,48919,1429,33417,-31988,83644,71053,12591
2018-03-12,11075,14839,-3764,76776,25672,51104,1495,31964,-30469,89346,72475,16871
2018-03-13,12352,14667,-2315,75674,25661,50013,1485,31165,-29680,89511,71493,18018
2018-03-14,10893,13383,-2490,73320,25377,47943,1495,31191,-29696,85708,69951,15757
2018-03-15,11696,15054,-3358,77254,28794,48460,1450,31195,-29745,90400,75043,15357
2018-03-16,12714,13284,-570,72713,30992,41721,1473,31437,-29964,86900,75713,11187
2018-03-19,9841,11755,-1914,76093,32202,43891,1495,31848,-30353,87429,75805,11624
2018-03-20,11024,12541,-1517,81923,37670,44253,1440,31840,-30400,94387,82051,12336
2018-03-21,6785,12418,-5633,66558,22128,44430,1436,31702,-30266,74779,66248,8531
2018-03-22,6762,12638,-5876,66430,20893,45537,1468,32555,-31087,74660,66086,8574
2018-03-23,7434,13871,-6437,68582,23197,45385,1352,33858,-32506,77368,70926,6442
2018-03-26,6971,12391,-5420,70742,21929,48813,1397,34149,-32752,79110,68469,10641
2018-03-27,7978,13540,-5562,69039,22119,46920,1433,33336,-31903,78450,68995,9455
2018-03-28,5800,12582,-6782,68622,25556,43066,1350,34015,-32665,75772,72153,3619
2018-03-29,5897,12207,-6310,67820,24294,43526,1370,34057,-32687,75087,70558,4529
2018-03-30,6014,13680,-7666,69988,21221,48767,1407,33584,-32177,77409,68485,8924
2018-03-31,5383,13916,-8533,70375,21589,48786,1410,33558,-32148,77168,69063,8105
2018-04-02,5215,13658,-8443,70657,21516,49141,1360,33789,-32429,77232,68963,8269
2018-04-03,5448,13619,-8171,69934,22470,47464,1359,34416,-33057,76741,70505,6236
2018-04-09,6394,12657,-6263,71529,21369,50160,1358,33043,-31685,79281,67069,12212
2018-04-10,6411,14186,-7775,72054,22103,49951,1428,31653,-30225,79893,67942,11951
2018-04-11,7615,12871,-5256,71845,23241,48604,1438,30824,-29386,80898,66936,13962
2018-04-12,7790,10954,-3164,64938,23366,41572,1407,29969,-28562,74135,64289,9846
2018-04-13,9579,12559,-2980,67915,24497,43418,1418,28760,-27342,78912,65816,13096
2018-04-16,10040,12652,-2612,68391,27056,41335,1405,28430,-27025,79836,68138,11698
2018-04-17,8048,13115,-5067,66312,29599,36713,1330,29282,-27952,75690,71996,3694
2018-04-18,6356,9937,-3581,61686,21788,39898,1319,29281,-27962,69361,61006,8355
2018-04-19,8959,13006,-4047,72232,22070,50162,1506,28480,-26974,82697,63556,19141
2018-04-20,5625,12650,-7025,61381,30348,31033,1473,29326,-27853,68479,72324,-3845
2018-04-23,5424,11533,-6109,60045,30053,29992,1517,29611,-28094,66986,71197,-4211
2018-04-24,5952,12340,-6388,58352,29554,28798,1544,29690,-28146,65848,71584,-5736
2018-04-25,6623,9087,-2464,56743,27749,28994,1643,29328,-27685,65009,66164,-1155
2018-04-26,5634,10494,-4860,56134,27790,28344,1660,28848,-27188,63428,67132,-3704
2018-04-27,4600,9800,-5200,57436,25010,32426,1671,28423,-26752,63707,63233,474
2018-04-30,5157,10027,-4870,56268,25393,30875,1728,27668,-25940,63153,63088,65
2018-05-02,5485,8913,-3428,57554,26814,30740,1768,27252,-25484,64807,62979,1828
2018-05-03,6509,10799,-4290,56374,28450,27924,1739,27104,-25365,64622,66353,-1731
2018-05-04,6204,9117,-2913,52861,27597,25264,1786,27044,-25258,60851,63758,-2907
2018-05-07,6883,8455,-1572,52805,29705,23100,1821,26507,-24686,61509,64667,-3158
2018-05-08,7433,8937,-1504,56786,27416,29370,1856,26206,-24350,66075,62559,3516
2018-05-09,7401,9185,-1784,59457,25599,33858,1862,25938,-24076,68720,60722,7998
2018-05-10,9077,9360,-283,59360,26620,32740,1893,25665,-23772,70330,61645,8685
2018-05-11,7965,11554,-3589,65284,24496,40788,1919,25426,-23507,75168,61476,13692
2018-05-14,8692,10486,-1794,67555,27449,40106,1913,25365,-23452,78160,63300,14860
2018-05-15,7640,10091,-2451,69880,31444,38436,1844,25656,-23812,79364,67191,12173
2018-05-16,4939,7631,-2692,62969,20505,42464,1892,25630,-23738,69800,53766,16034
2018-05-17,6211,8791,-2580,60255,23300,36955,1829,25633,-23804,68295,57724,10571
2018-05-18,5580,9154,-3574,61471,23277,38194,1829,25658,-23829,68880,58089,10791
2018-05-21,5842,8483,-2641,64969,23117,41852,1896,25302,-23406,72707,56902,15805
2018-05-22,8115,8630,-515,61615,23617,37998,1792,25742,-23950,71522,57989,13533
2018-05-23,6475,9269,-2794,64848,25448,39400,1785,26165,-24380,73108,60882,12226
2018-05-24,8406,9244,-838,66489,24803,41686,1787,26087,-24300,76682,60134,16548
2018-05-25,7491,9976,-2485,69470,24473,44997,1790,26084,-24294,78751,60533,18218
2018-05-28,9047,9881,-834,68113,24625,43488,1793,25700,-23907,78953,60206,18747
2018-05-29,9934,9459,475,66420,24345,42075,1717,25615,-23898,78071,59419,18652
2018-05-30,7676,10406,-2730,64872,29465,35407,1635,26213,-24578,74183,66084,8099
2018-05-31,7275,9597,-2322,66128,26556,39572,1665,25926,-24261,75068,62079,12989
2018-06-01,7501,9730,-2229,68467,23873,44594,1689,25930,-24241,77657,59533,18124
2018-06-04,8535,10408,-1873,73867,25474,48393,1723,25800,-24077,84125,61682,22443
2018-06-05,8394,10601,-2207,72646,24929,47717,1716,26133,-24417,82756,61663,21093
2018-06-06,8355,14585,-6230,78562,22750,55812,1688,25817,-24129,88605,63152,25453
2018-06-07,7732,12725,-4993,76369,23852,52517,1720,26020,-24300,85821,62597,23224
2018-06-08,8011,13416,-5405,74893,23902,50991,1656,26493,-24837,84560,63811,20749
2018-06-11,7033,13766,-6733,74625,24220,50405,1530,26560,-25030,83188,64546,18642
2018-06-12,6976,13338,-6362,74397,24185,50212,1486,26617,-25131,82859,64140,18719
2018-06-13,7541,12508,-4967,73295,23726,49569,1522,26640,-25118,82358,62874,19484
2018-06-14,6653,11913,-5260,71217,27606,43611,1609,27296,-25687,79479,66815,12664
2018-06-15,7525,13139,-5614,76582,31625,44957,1668,27315,-25647,85775,72079,13696
2018-06-19,8909,11239,-2330,75873,36684,39189,1422,27972,-26550,86204,75895,10309
2018-06-20,5556,11316,-5760,64890,29722,35168,1364,27635,-26271,71810,68673,3137
2018-06-21,6389,11368,-4979,63832,32555,31277,1390,27435,-26045,71611,71358,253
2018-06-22,5959,13156,-7197,64051,34225,29826,1895,27483,-25588,71905,74864,-2959
2018-06-25,6395,11597,-5202,63228,34210,29018,1914,27517,-25603,71537,73324,-1787
2018-06-26,6868,11880,-5012,62355,34939,27416,1900,27527,-25627,71123,74346,-3223
2018-06-27,7115,10900,-3785,62285,33823,28462,1888,27818,-25930,71288,72541,-1253
2018-06-28,6677,11802,-5125,64424,37871,26553,1899,27830,-25931,73000,77503,-4503
2018-06-29,7336,11692,-4356,67957,36112,31845,2006,26877,-24871,77299,74681,2618
2018-07-02,7031,10042,-3011,64977,32786,32191,1982,27100,-25118,73990,69928,4062
2018-07-03,8224,10304,-2080,64829,35912,28917,2025,27309,-25284,75078,73525,1553
2018-07-04,8150,9880,-1730,63741,36087,27654,2115,27296,-25181,74006,73263,743
2018-07-05,9559,11864,-2305,62189,40518,21671,2127,27881,-25754,73875,80263,-6388
2018-07-06,9530,11124,-1594,64948,40095,24853,2239,27918,-25679,76717,79137,-2420
2018-07-09,8011,10974,-2963,69185,38776,30409,2409,26870,-24461,79605,76620,2985
2018-07-10,8506,11071,-2565,67512,34896,32616,2556,26785,-24229,78574,72752,5822
2018-07-11,8773,10573,-1800,65511,35776,29735,2623,27213,-24590,76907,73562,3345
2018-07-12,9176,12573,-3397,71878,36926,34952,2673,26290,-23617,83727,75789,7938
2018-07-13,11093,14324,-3231,72660,37924,34736,2757,25675,-22918,86510,77923,8587
2018-07-16,11730,15035,-3305,72512,37448,35064,2782,25689,-22907,87024,78172,8852
2018-07-17,9066,14649,-5583,81227,48022,33205,2783,26208,-23425,93076,88879,4197
2018-07-18,5355,12929,-7574,69067,32028,37039,2811,26164,-23353,77233,71121,6112
2018-07-19,5680,12870,-7190,71002,32068,38934,2856,26196,-23340,79538,71134,8404
2018-07-20,6010,13400,-7390,78185,33733,44452,2630,25644,-23014,86825,72777,14048
2018-07-23,6688,12642,-5954,76820,32220,44600,2559,26439,-23880,86067,71301,14766
2018-07-24,8300,12552,-4252,74125,32069,42056,2585,26428,-23843,85010,71049,13961
2018-07-25,7519,12500,-4981,75416,30641,44775,2561,26414,-23853,85496,69555,15941
2018-07-26,8384,13309,-4925,76570,29675,46895,2560,26396,-23836,87514,69380,18134
2018-07-27,9297,15962,-6665,82234,29648,52586,2640,26121,-23481,94171,71731,22440
2018-07-30,7493,14784,-7291,81067,29071,51996,2623,26132,-23509,91183,69987,21196
2018-07-31,7798,15365,-7567,82093,28281,53812,2591,26132,-23541,92482,69778,22704
2018-08-01,9739,17401,-7662,83114,28407,54707,2640,26111,-23471,95493,71919,23574
2018-08-02,9296,16271,-6975,81977,28059,53918,2571,26842,-24271,93844,71172,22672
2018-08-03,8965,16429,-7464,83749,25921,57828,2580,25948,-23368,95294,68298,26996
2018-08-06,9162,15866,-6704,81350,24895,56455,2622,25943,-23321,93134,66704,26430
2018-08-07,8602,16006,-7404,82590,25878,56712,2578,26156,-23578,93770,68040,25730
2018-08-08,10054,18321,-8267,86111,26188,59923,2633,26121,-23488,98798,70630,28168
2018-08-09,8322,15084,-6762,83980,25678,58302,2668,26575,-23907,94970,67337,27633
2018-08-10,7868,14152,-6284,81829,25992,55837,2632,26854,-24222,92329,66998,25331
2018-08-13,7528,14142,-6614,78052,32944,45108,2538,27330,-24792,88118,74416,13702
2018-08-14,7363,13626,-6263,76622,32089,44533,2488,26745,-24257,86473,72460,14013
2018-08-15,6103,11264,-5161,64574,30193,34381,2464,27059,-24595,73141,68516,4625
2018-08-16,6404,14019,-7615,64503,29108,35395,2475,27112,-24637,73382,70239,3143
2018-08-17,7865,14085,-6220,63734,31548,32186,2519,27117,-24598,74118,72750,1368
2018-08-20,7615,15093,-7478,65778,30838,34940,2541,27612,-25071,75934,73543,2391
2018-08-21,8033,15216,-7183,67693,32383,35310,2527,27160,-24633,78253,74759,3494
2018-08-22,6701,11640,-4939,67266,30584,36682,2558,27156,-24598,76525,69380,7145
2018-08-23,8291,12141,-3850,68263,29114,39149,2607,26841,-24234,79161,68096,11065
2018-08-24,8571,11017,-2446,64313,32325,31988,2648,26853,-24205,75532,70195,5337
2018-08-27,8078,11495,-3417,65995,28961,37034,2682,26760,-24078,76755,67216,9539
2018-08-28,8290,11667,-3377,69059,27746,41313,2747,26960,-24213,80096,66373,13723
2018-08-29,9339,13055,-3716,76624,28325,48299,2723,26938,-24215,88686,68318,20368
2018-08-30,10060,12944,-2884,80560,26973,53587,2740,26886,-24146,93360,66803,26557
2018-08-31,10144,12035,-1891,74391,27908,46483,2689,27140,-24451,87224,67083,20141
2018-09-03,9246,12388,-3142,73601,26679,46922,2605,27575,-24970,85452,66642,18810
2018-09-04,8965,11999,-3034,73946,27433,46513,2565,27207,-24642,85476,66639,18837
2018-09-05,8496,12462,-3966,74146,27117,47029,2525,27221,-24696,85167,66800,18367
2018-09-06,7906,12547,-4641,75394,27825,47569,2535,27242,-24707,85835,67614,18221
2018-09-07,7373,13222,-5849,74661,28335,46326,2452,27846,-25394,84486,69403,15083
2018-09-10,7220,12533,-5313,68051,34217,33834,2444,28085,-25641,77715,74835,2880
2018-09-11,7770,11729,-3959,63053,34324,28729,2260,27439,-25179,73083,73492,-409
2018-09-12,8402,11582,-3180,59044,33837,25207,2312,27327,-25015,69758,72746,-2988
2018-09-13,9778,10950,-1172,57746,37128,20618,2452,27325,-24873,69976,75403,-5427
2018-09-14,9103,10630,-1527,69574,37136,32438,2555,26350,-23795,81232,74116,7116
2018-09-17,10301,10529,-228,65212,42506,22706,2759,26245,-23486,78272,79280,-1008
2018-09-18,8274,11787,-3513,61799,37171,24628,2719,26548,-23829,72792,75506,-2714
2018-09-19,5515,7560,-2045,50786,21900,28886,2677,26088,-23411,58978,55548,3430
2018-09-20,6592,8738,-2146,47085,24536,22549,2730,26094,-23364,56407,59368,-2961
2018-09-21,7356,7728,-372,52044,23282,28762,2723,25605,-22882,62123,56615,5508
2018-09-25,7766,8349,-583,54494,22154,32340,2738,25596,-22858,64998,56099,8899
2018-09-26,7113,7537,-424,53535,22248,31287,2736,25597,-22861,63384,55382,8002
2018-09-27,8217,8516,-299,58051,20712,37339,2664,25585,-22921,68932,54813,14119
2018-09-28,9119,9202,-83,55738,23765,31973,2570,25844,-23274,67427,58811,8616
2018-10-01,10695,10155,540,57739,21379,36360,2598,25828,-23230,71032,57362,13670
2018-10-02,11136,11275,-139,51367,29620,21747,2559,26267,-23708,65062,67162,-2100
2018-10-03,8168,10813,-2645,53329,26441,26888,2526,26473,-23947,64023,63727,296
2018-10-04,13574,12673,901,46542,37322,9220,2447,26781,-24334,62563,76776,-14213
2018-10-05,16360,14232,2128,48028,40319,7709,2437,27337,-24900,66825,81888,-15063
2018-10-08,17013,14392,2621,49058,42289,6769,2779,26887,-24108,68850,83568,-14718
2018-10-09,17553,14284,3269,49732,43484,6248,2949,26319,-23370,70234,84087,-13853
2018-10-11,20404,12823,7581,56273,39571,16702,3186,30013,-26827,79863,82407,-2544
2018-10-12,18231,11519,6712,64995,38648,26347,3228,27147,-23919,86454,77314,9140
2018-10-15,17656,12141,5515,69997,43491,26506,3176,27251,-24075,90829,82883,7946
2018-10-16,19335,13536,5799,79873,52512,27361,3190,27154,-23964,102398,93202,9196
2018-10-17,10258,9015,1243,61610,29659,31951,3272,28655,-25383,75140,67329,7811
2018-10-18,10830,9479,1351,56639,26213,30426,3295,28959,-25664,70764,64651,6113
2018-10-19,11054,9636,1418,58271,24055,34216,3311,29058,-25747,72636,62749,9887
2018-10-22,12165,9400,2765,53776,25846,27930,3375,28606,-25231,69316,63852,5464
2018-10-23,13584,10649,2935,55629,27074,28555,3423,29760,-26337,72636,67483,5153
2018-10-24,11336,9734,1602,57112,26059,31053,3472,30229,-26757,71920,66022,5898
2018-10-25,11833,11453,380,62750,25104,37646,3427,32560,-29133,78010,69117,8893
2018-10-26,13162,11132,2030,61201,22798,38403,3406,32871,-29465,77769,66801,10968
2018-10-29,12672,11108,1564,59064,18768,40296,3416,32885,-29469,75152,62761,12391
2018-10-30,11609,10991,618,61909,22577,39332,3424,32244,-28820,76942,65812,11130
2018-10-31,11534,10366,1168,60323,24113,36210,3464,30656,-27192,75321,65135,10186
2018-11-01,13155,11122,2033,60540,26851,33689,3742,29353,-25611,77437,67326,10111
2018-11-02,12494,11465,1029,65202,27225,37977,3660,30028,-26368,81356,68718,12638
2018-11-05,14049,10904,3145,60854,28127,32727,3616,31746,-28130,78519,70777,7742
2018-11-06,14205,11174,3031,62764,30838,31926,3451,32049,-28598,80420,74061,6359
2018-11-07,13657,11430,2227,66561,30903,35658,3440,31560,-28120,83658,73893,9765
2018-11-08,15455,11481,3974,69377,33048,36329,3348,31131,-27783,88180,75660,12520
2018-11-09,15494,11255,4239,66322,33611,32711,3330,32116,-28786,85146,76982,8164
2018-11-12,14004,11805,2199,68975,31170,37805,3243,32234,-28991,86222,75209,11013
2018-11-13,13204,11460,1744,69506,29363,40143,3111,32887,-29776,85821,73710,12111
2018-11-14,14177,11788,2389,69389,28392,40997,3133,32371,-29238,86699,72551,14148
2018-11-15,14046,11498,2548,68633,26968,41665,3105,32184,-29079,85784,70650,15134
2018-11-16,13447,10815,2632,68931,31811,37120,3091,32218,-29127,85469,74844,10625
2018-11-19,13060,10709,2351,80605,41611,38994,3101,32012,-28911,96766,84332,12434
2018-11-20,13895,11469,2426,83827,44500,39327,3055,32440,-29385,100777,88409,12368
2018-11-21,8654,8883,-229,65351,23717,41634,3018,32409,-29391,77023,65009,12014
2018-11-22,9328,9412,-84,63322,22788,40534,3071,32382,-29311,75721,64582,11139
2018-11-23,8909,10051,-1142,63239,22984,40255,3067,32264,-29197,75215,65299,9916
2018-11-26,7430,8831,-1401,66777,23129,43648,3071,31791,-28720,77278,63751,13527
2018-11-27,9896,7469,2427,64077,27729,36348,3110,31768,-28658,77083,66966,10117
2018-11-28,8065,7548,517,67882,25519,42363,3082,30925,-27843,79029,63992,15037
2018-11-29,7305,7809,-504,68015,26926,41089,3070,30802,-27732,78390,65537,12853
2018-11-30,9087,7462,1625,65298,28559,36739,2978,31461,-28483,77363,67482,9881
2018-12-03,8515,8703,-188,70926,30750,40176,2913,29809,-26896,82354,69262,13092
2018-12-04,10458,8346,2112,65244,29418,35826,2795,30900,-28105,78497,68664,9833
2018-12-05,9841,8448,1393,63779,27891,35888,2765,32101,-29336,76385,68440,7945
2018-12-06,11604,9682,1922,60562,29389,31173,2845,33594,-30749,75011,72665,2346
2018-12-07,11516,9771,1745,64361,27712,36649,2861,32517,-29656,78738,70000,8738
2018-12-10,11375,11129,246,63479,26903,36576,2807,32861,-30054,77661,70893,6768
2018-12-11,13164,10663,2501,61998,26864,35134,2807,31948,-29141,77969,69475,8494
2018-12-12,13282,10931,2351,61934,23072,38862,2836,31689,-28853,78052,65692,12360
2018-12-13,12622,10698,1924,64632,23548,41084,2838,32453,-29615,80092,66699,13393
2018-12-14,14034,10542,3492,61139,24655,36484,2820,33553,-30733,77993,68750,9243
2018-12-17,12422,10970,1452,64778,24076,40702,3001,33791,-30790,80201,68837,11364
2018-12-18,14166,12623,1543,69575,30373,39202,2984,34986,-32002,86725,77982,8743
2018-12-19,9862,7737,2125,60126,17693,42433,2975,35477,-32502,72963,60907,12056
2018-12-20,10177,8155,2022,60055,19432,40623,2950,36813,-33863,73182,64400,8782
2018-12-21,11142,8264,2878,58245,18832,39413,2894,37172,-34278,72281,64268,8013
2018-12-22,11297,8305,2992,58820,22458,36362,2891,37901,-35010,73008,68664,4344
2018-12-24,11280,8362,2918,56352,20663,35689,2896,38424,-35528,70528,67449,3079
2018-12-25,12520,8402,4118,56489,21379,35110,2938,40110,-37172,71947,69891,2056
2018-12-26,10024,7875,2149,58475,19330,39145,2792,41356,-38564,71291,68561,2730
2018-12-27,10819,9336,1483,62485,16403,46082,2835,39773,-36938,76139,65512,10627
2018-12-28,11115,10572,543,63045,16021,47024,2826,39711,-36885,76986,66304,10682
2019-01-02,12262,8430,3832,58863,23094,35769,2831,39922,-37091,73956,71446,2510
2019-01-03,13689,8652,5037,56822,23571,33251,2818,37245,-34427,73329,69468,3861
2019-01-04,13883,9190,4693,54589,24938,29651,2776,35385,-32609,71248,69513,1735
2019-01-07,13335,8382,4953,60367,22604,37763,2817,32166,-29349,76519,63152,13367
2019-01-08,13044,10565,2479,57740,22165,35575,2834,30106,-27272,73618,62836,10782
2019-01-09,12002,10552,1450,64785,19979,44806,2850,28008,-25158,79637,58539,21098
2019-01-10,11351,10929,422,64359,17116,47243,2864,27514,-24650,78574,55559,23015
2019-01-11,11504,13096,-1592,67329,17967,49362,2805,26272,-23467,81638,57335,24303
2019-01-14,11342,10754,588,63122,18984,44138,2767,26508,-23741,77231,56246,20985
2019-01-15,12944,14267,-1323,75671,22716,52955,2759,26124,-23365,91374,63107,28267
2019-01-16,8085,10951,-2866,59617,11300,48317,2736,26299,-23563,70438,48550,21888
2019-01-17,8427,12649,-4222,64998,12611,52387,2735,26299,-23564,76160,51559,24601
2019-01-18,9079,11784,-2705,67206,14874,52332,2665,26015,-23350,78950,52673,26277
2019-01-21,9752,12472,-2720,69501,16205,53296,2034,25794,-23760,81287,54471,26816
2019-01-22,10114,11823,-1709,69138,15122,54016,2030,26203,-24173,81282,53148,28134
2019-01-23,10086,11284,-1198,63637,15383,48254,2051,26911,-24860,75774,53578,22196
2019-01-24,11024,11114,-90,65876,14180,51696,2032,26898,-24866,78932,52192,26740
2019-01-25,10431,14022,-3591,74121,13009,61112,1979,26868,-24889,86531,53899,32632
2019-01-28,11063,13977,-2914,72820,13834,58986,1954,26902,-24948,85837,54713,31124
2019-01-29,11537,12351,-814,67302,15095,52207,1914,27889,-25975,80753,55335,25418
2019-01-30,10972,11928,-956,65349,14929,50420,1923,27943,-26020,78244,54800,23444
2019-02-11,10891,11532,-641,67707,14801,52906,1930,28079,-26149,80528,54412,26116
2019-02-12,12733,12275,458,71223,13231,57992,1907,27808,-25901,85863,53314,32549
2019-02-13,13678,10929,2749,69015,16234,52781,1931,27964,-26033,84624,55127,29497
2019-02-14,12329,10843,1486,69348,12899,56449,1916,27976,-26060,83593,51718,31875
2019-02-15,12073,11047,1026,69957,12891,57066,1885,28255,-26370,83915,52193,31722
2019-02-18,13883,13117,766,73597,14809,58788,1854,27209,-25355,89334,55135,34199
2019-02-19,17344,15851,1493,83258,23437,59821,1854,27206,-25352,102456,66494,35962
2019-02-20,9345,15219,-5874,75669,10322,65347,1782,26707,-24925,86796,52248,34548
2019-02-21,11111,15859,-4748,74926,9132,65794,1785,26691,-24906,87822,51682,36140
2019-02-22,11682,14818,-3136,69782,9707,60075,1775,26646,-24871,83239,51171,32068
2019-02-25,12459,15944,-3485,69285,9897,59388,1776,26428,-24652,83520,52269,31251
2019-02-26,12205,15275,-3070,69974,9590,60384,1761,26827,-25066,83940,51692,32248
2019-02-27,10379,14563,-4184,71404,11443,59961,1754,27130,-25376,83537,53136,30401
2019-03-04,10844,11744,-900,69061,17474,51587,1745,27447,-25702,81650,56665,24985
2019-03-05,11753,13500,-1747,67529,14317,53212,1746,28063,-26317,81028,55880,25148
2019-03-06,11088,14672,-3584,70388,12171,58217,1771,28052,-26281,83247,54895,28352
2019-03-07,11788,16106,-4318,70349,11556,58793,1735,28569,-26834,83872,56231,27641
2019-03-08,12729,16561,-3832,70137,13937,56200,1723,29372,-27649,84589,59870,24719
2019-03-11,13174,15974,-2800,69849,14741,55108,1727,29287,-27560,84750,60002,24748
2019-03-12,14366,17283,-2917,69846,13275,56571,1757,28524,-26767,85969,59082,26887
2019-03-13,14157,15841,-1684,69288,11912,57376,1743,28516,-26773,85188,56269,28919
2019-03-14,13861,14025,-164,66823,15457,51366,1743,28515,-26772,82427,57997,24430
2019-03-15,15751,17883,-2132,74253,18400,55853,1750,28192,-26442,91754,64475,27279
2019-03-18,16341,15013,1328,79842,23768,56074,1744,27768,-26024,97927,66549,31378
2019-03-19,14040,13373,667,90983,33600,57383,1714,28255,-26541,106737,75228,31509
2019-03-20,8777,12270,-3493,74174,17472,56702,1721,28265,-26544,84672,58007,26665
2019-03-21,9847,13966,-4119,80320,16818,63502,1697,29141,-27444,91864,59925,31939
2019-03-22,10717,13215,-2498,76630,17409,59221,1697,29100,-27403,89044,59724,29320
2019-03-25,9821,15268,-5447,74525,17107,57418,1659,29941,-28282,86005,62316,23689
2019-03-26,10459,15516,-5057,76626,17827,58799,1667,29616,-27949,88752,62959,25793
2019-03-27,9782,13956,-4174,74209,17818,56391,1685,29641,-27956,85676,61415,24261
2019-03-28,10041,15083,-5042,77287,16386,60901,1671,29646,-27975,88999,61115,27884
2019-03-29,12254,14944,-2690,76542,18696,57846,1678,29080,-27402,90474,62720,27754
2019-04-01,11050,15192,-4142,76861,18095,58766,1628,28866,-27238,89539,62153,27386
2019-04-02,10924,15588,-4664,77289,17082,60207,1580,28652,-27072,89793,61322,28471
2019-04-03,10303,14704,-4401,76073,16340,59733,1561,28347,-26786,87937,59391,28546
2019-04-08,9677,15875,-6198,80048,17269,62779,1567,27872,-26305,91292,61016,30276
2019-04-09,10225,16161,-5936,84800,17674,67126,1525,27560,-26035,96550,61395,35155
2019-04-10,8557,14072,-5515,83163,19049,64114,1443,27551,-26108,93163,60672,32491
2019-04-11,7899,12354,-4455,81975,19085,62890,1420,27573,-26153,91294,59012,32282
2019-04-12,7907,13486,-5579,81766,18660,63106,1420,27573,-26153,91093,59719,31374
2019-04-15,10541,14974,-4433,87231,25775,61456,1427,27352,-25925,99199,68101,31098
2019-04-16,10750,13179,-2429,90176,29614,60562,1394,27339,-25945,102320,70132,32188
2019-04-17,7419,14638,-7219,78296,15549,62747,1356,26701,-25345,87071,56888,30183
2019-04-18,8329,15718,-7389,79739,16728,63011,1350,27112,-25762,89418,59558,29860
2019-04-19,8642,16321,-7679,81576,17683,63893,1347,27312,-25965,91565,61316,30249
2019-04-22,9094,15508,-6414,79160,18426,60734,1347,27306,-25959,89601,61240,28361
2019-04-23,9308,16383,-7075,79616,17359,62257,1335,27305,-25970,90259,61047,29212
2019-04-24,8954,13430,-4476,76102,19984,56118,1338,27306,-25968,86394,60720,25674
2019-04-25,9112,15766,-6654,80011,19158,60853,1338,26398,-25060,90461,61322,29139
2019-04-26,9206,15575,-6369,75250,21029,54221,1316,27007,-25691,85772,63611,22161
2019-04-29,9086,15920,-6834,76507,20059,56448,1321,27047,-25726,86914,63026,23888
2019-04-30,9825,14117,-4292,77328,19574,57754,1319,27051,-25732,88472,60742,27730
2019-05-02,9264,14076,-4812,76770,20063,56707,1339,26723,-25384,87373,60862,26511
2019-05-03,10055,13804,-3749,81322,20571,60751,1343,26172,-24829,92720,60547,32173
2019-05-06,9932,12781,-2849,74317,24309,50008,1307,27224,-25917,85556,64314,21242
2019-05-07,10095,15065,-4970,78380,21431,56949,1316,26681,-25365,89791,63177,26614
2019-05-08,7931,13895,-5964,79651,24634,55017,1311,26937,-25626,88893,65466,23427
2019-05-09,11000,15813,-4813,78181,29444,48737,1293,27887,-26594,90474,73144,17330
2019-05-10,11558,18774,-7216,84371,27363,57008,1281,27935,-26654,97210,74072,23138
2019-05-13,12132,20990,-8858,91439,42130,49309,1268,28632,-27364,104839,91752,13087
2019-05-14,7286,17652,-10366,94256,43286,50970,1233,28451,-27218,102775,89389,13386
2019-05-15,6095,10306,-4211,67514,20364,47150,1229,27886,-26657,74838,58556,16282
2019-05-16,8014,14667,-6653,68067,18895,49172,1260,28404,-27144,77341,61966,15375
2019-05-17,8772,17114,-8342,69602,21645,47957,1219,28748,-27529,79593,67507,12086
2019-05-20,7932,18410,-10478,71908,19165,52743,1233,28749,-27516,81073,66324,14749
2019-05-21,8281,18452,-10171,70746,19664,51082,1292,28641,-27349,80319,66757,13562
2019-05-22,7817,14629,-6812,64954,17457,47497,1391,28234,-26843,74162,60320,13842
2019-05-23,8758,14495,-5737,60275,19295,40980,1426,29365,-27939,70459,63155,7304
2019-05-24,8483,15870,-7387,60839,15472,45367,1431,29480,-28049,70753,60822,9931
2019-05-27,8918,13853,-4935,59877,15709,44168,1431,29940,-28509,70226,59502,10724
2019-05-28,9070,13861,-4791,58521,15777,42744,1468,29928,-28460,69059,59566,9493
2019-05-29,7783,13352,-5569,61761,16537,45224,1447,29649,-28202,70991,59538,11453
2019-05-30,8437,14394,-5957,61944,17596,44348,1445,28617,-27172,71826,60607,11219
2019-05-31,9835,13360,-3525,61451,17281,44170,1445,28118,-26673,72731,58759,13972
2019-06-03,10414,14006,-3592,58247,13838,44409,1476,30123,-28647,70137,57967,12170
2019-06-04,10177,13300,-3123,56510,14690,41820,1529,31711,-30182,68216,59701,8515
2019-06-05,9693,12530,-2837,59219,17460,41759,1566,33619,-32053,70478,63609,6869
2019-06-06,10778,12423,-1645,58063,17876,40187,1565,34791,-33226,70406,65090,5316
2019-06-10,12513,15417,-2904,63890,16629,47261,1604,34306,-32702,78007,66352,11655
2019-06-11,13528,15452,-1924,62755,15620,47135,1614,32744,-31130,77897,63816,14081
2019-06-12,12457,14662,-2205,61832,14134,47698,1691,31544,-29853,75980,60340,15640
2019-06-13,13174,13564,-390,60182,18723,41459,1671,30855,-29184,75027,63142,11885
2019-06-14,14794,15866,-1072,64977,23816,41161,1691,29753,-28062,81462,69435,12027
2019-06-17,14169,18080,-3911,79745,35731,44014,1956,29761,-27805,95870,83572,12298
2019-06-18,12394,16543,-4149,88225,45602,42623,1893,30160,-28267,102512,92305,10207
2019-06-19,5240,11644,-6404,72184,21069,51115,1952,30867,-28915,79376,63580,15796
2019-06-20,6206,12843,-6637,76979,23381,53598,1980,33077,-31097,85165,69301,15864
2019-06-21,6962,14389,-7427,80220,26525,53695,2748,34188,-31440,89930,75102,14828
2019-06-24,7313,13863,-6550,79860,30474,49386,2780,33923,-31143,89953,78260,11693
2019-06-25,7306,14993,-7687,78309,28926,49383,2867,34548,-31681,88482,78467,10015
2019-06-26,8053,14092,-6039,75435,31152,44283,2718,33184,-30466,86206,78428,7778
2019-06-27,9018,12381,-3363,79988,34376,45612,2716,32468,-29752,91722,79225,12497
2019-06-28,10461,14124,-3663,77704,30579,47125,2769,33857,-31088,90934,78560,12374
2019-07-01,10016,14218,-4202,80727,33927,46800,3017,31592,-28575,93760,79737,14023
2019-07-02,10593,15249,-4656,76715,32052,44663,3440,30699,-27259,90748,78000,12748
2019-07-03,9023,14198,-5175,71914,29472,42442,3579,27646,-24067,84516,71316,13200
2019-07-04,9084,13926,-4842,70971,28124,42847,3644,26229,-22585,83699,68279,15420
2019-07-05,9017,14284,-5267,69837,27754,42083,3796,26278,-22482,82650,68316,14334
2019-07-08,9490,14193,-4703,68481,27446,41035,3871,25787,-21916,81842,67426,14416
2019-07-09,10145,15461,-5316,68895,29670,39225,3872,25787,-21915,82912,70918,11994
2019-07-10,9226,14532,-5306,72111,29359,42752,3928,25324,-21396,85265,69215,16050
2019-07-11,10058,15252,-5194,74099,29858,44241,3879,25781,-21902,88036,70891,17145
2019-07-12,11185,14934,-3749,76445,34038,42407,3961,25781,-21820,91591,74753,16838
2019-07-15,12130,15031,-2901,73279,32076,41203,4034,25790,-21756,89443,72897,16546
2019-07-16,10886,13508,-2622,70778,34917,35861,4037,23992,-19955,85701,72417,13284
2019-07-17,5897,11690,-5793,54137,21456,32681,4044,24006,-19962,64078,57152,6926
2019-07-18,5907,12560,-6653,59237,20543,38694,3562,24206,-20644,68706,57309,11397
2019-07-19,5835,12449,-6614,60918,19801,41117,3658,26323,-22665,70411,58573,11838
2019-07-22,7442,12421,-4979,64924,19520,45404,3640,27217,-23577,76006,59158,16848
2019-07-23,7731,12602,-4871,61878,17444,44434,3623,27217,-23594,73232,57263,15969
2019-07-24,6369,11649,-5280,60605,16451,44154,3900,27217,-23317,70874,55317,15557
2019-07-25,7762,10546,-2784,59907,16783,43124,3697,27212,-23515,71366,54541,16825
2019-07-26,8522,11596,-3074,57984,17432,40552,3509,27217,-23708,70015,56245,13770
2019-07-29,8958,12089,-3131,59916,19405,40511,3500,27217,-23717,72374,58711,13663
2019-07-30,7241,12194,-4953,59016,22537,36479,3508,27224,-23716,69765,61955,7810
2019-07-31,6074,9760,-3686,59409,22002,37407,3542,27236,-23694,69025,58998,10027
2019-08-01,6731,9566,-2835,57735,25172,32563,3512,26984,-23472,67978,61722,6256
2019-08-02,7396,9442,-2046,60475,31296,29179,3482,27423,-23941,71353,68161,3192
2019-08-05,8649,12082,-3433,62645,33491,29154,3502,25579,-22077,74796,71152,3644
2019-08-06,9215,11268,-2053,59897,30913,28984,3497,25251,-21754,72609,67432,5177
2019-08-07,8916,10917,-2001,62697,29641,33056,3487,24796,-21309,75100,65354,9746
2019-08-08,9144,10772,-1628,62967,28604,34363,3617,24747,-21130,75728,64123,11605
2019-08-12,9351,11176,-1825,63157,29226,33931,3703,24747,-21044,76211,65149,11062
2019-08-13,8818,12938,-4120,63516,27454,36062,3699,24812,-21113,76033,65204,10829
2019-08-14,8365,12839,-4474,63983,26541,37442,3681,26191,-22510,76029,65571,10458
2019-08-15,8053,14544,-6491,69441,30149,39292,3718,27270,-23552,81212,71963,9249
2019-08-16,6156,11877,-5721,67784,29142,38642,3759,26517,-22758,77699,67536,10163
2019-08-19,6761,11986,-5225,68786,30144,38642,3793,26483,-22690,79340,68613,10727
2019-08-20,6618,14407,-7789,71840,30057,41783,3796,26233,-22437,82254,70697,11557
2019-08-21,5485,10659,-5174,62266,20044,42222,3793,26507,-22714,71544,57210,14334
2019-08-22,6092,10399,-4307,60716,22783,37933,3835,25348,-21513,70643,58530,12113
2019-08-23,6289,10759,-4470,62360,22206,40154,3998,25393,-21395,72647,58358,14289
2019-08-26,6037,12319,-6282,62664,25040,37624,3984,25403,-21419,72685,62762,9923
2019-08-27,6413,12590,-6177,62138,20751,41387,4005,25398,-21393,72556,58739,13817
2019-08-28,5617,11480,-5863,62503,21630,40873,3992,25080,-21088,72112,58190,13922
2019-08-29,5538,11932,-6394,65750,20742,45008,3989,25079,-21090,75277,57753,17524
2019-08-30,6799,13146,-6347,68471,20787,47684,4021,24197,-20176,79291,58130,21161
2019-09-02,7095,12757,-5662,69007,19272,49735,4035,24887,-20852,80137,56916,23221
2019-09-03,7870,13922,-6052,67871,21187,46684,4030,25094,-21064,79771,60203,19568
2019-09-04,8582,15617,-7035,72290,21203,51087,4030,24673,-20643,84902,61493,23409
2019-09-05,8908,14026,-5118,69932,19938,49994,3652,25043,-21391,82492,59007,23485
2019-09-06,9117,13651,-4534,71497,18747,52750,3652,24765,-21113,84266,57163,27103
2019-09-09,9324,13927,-4603,72814,18629,54185,3616,25463,-21847,85754,58019,27735
2019-09-10,9625,14118,-4493,70957,19050,51907,3611,26470,-22859,84193,59638,24555
2019-09-11,10074,12721,-2647,69912,18859,51053,3606,26510,-22904,83592,58090,25502
2019-09-12,10938,12255,-1317,82689,31806,50883,3600,28917,-25317,97227,72978,24249
2019-09-16,10738,12602,-1864,100413,40804,59609,3577,30287,-26710,114728,83693,31035
2019-09-17,14451,16525,-2074,99984,45415,54569,3639,30351,-26712,118074,92291,25783
2019-09-18,6559,12387,-5828,70374,18413,51961,3799,30469,-26670,80732,61269,19463
2019-09-19,7043,11972,-4929,69819,22136,47683,3801,30144,-26343,80663,64252,16411
2019-09-20,7144,11756,-4612,72434,21630,50804,3801,30139,-26338,83379,63525,19854
2019-09-23,7346,10914,-3568,71438,21599,49839,3789,30844,-27055,82573,63357,19216
2019-09-24,8761,12331,-3570,72989,22652,50337,3786,31653,-27867,85536,66636,18900
2019-09-25,8534,12670,-4136,72693,24372,48321,3365,32034,-28669,84592,69076,15516
2019-09-26,8899,12274,-3375,73175,23327,49848,3126,32029,-28903,85200,67630,17570
2019-09-27,9334,12947,-3613,74815,22244,52571,3125,31262,-28137,87274,66453,20821
2019-10-01,11070,15822,-4752,79330,22148,57182,3163,30613,-27450,93563,68583,24980
2019-10-02,10494,14984,-4490,77899,23730,54169,3151,29079,-25928,91544,67793,23751
2019-10-03,10227,15306,-5079,78627,24180,54447,3153,27723,-24570,92007,67209,24798
2019-10-04,11626,15531,-3905,78592,23466,55126,3152,28409,-25257,93370,67406,25964
2019-10-07,13155,15582,-2427,77296,23431,53865,3172,28395,-25223,93623,67408,26215
2019-10-08,12806,17682,-4876,84907,25142,59765,3134,28305,-25171,100847,71129,29718
2019-10-09,10416,13888,-3472,79820,27245,52575,3098,29546,-26448,93334,70679,22655
2019-10-14,10241,15202,-4961,89378,31397,57981,3133,29271,-26138,102752,75870,26882
2019-10-15,11328,15259,-3931,91949,34412,57537,3135,29688,-26553,106412,79359,27053
2019-10-16,9622,11913,-2291,77781,22702,55079,3129,29657,-26528,90532,64272,26260
2019-10-17,9760,11399,-1639,80118,22366,57752,3085,29728,-26643,92963,63493,29470
2019-10-18,10575,12700,-2125,77729,23526,54203,3091,29728,-26637,91395,65954,25441
2019-10-21,10649,11712,-1063,75968,24172,51796,3067,29031,-25964,89684,64915,24769
2019-10-22,11694,11439,255,76177,22717,53460,2683,29004,-26321,90554,63160,27394
2019-10-23,10958,11262,-304,76164,22693,53471,2668,29470,-26802,89790,63425,26365
2019-10-24,11156,10467,689,78426,20826,57600,2677,29248,-26571,92259,60541,31718
2019-10-25,10734,10029,705,77140,21839,55301,2680,29180,-26500,90554,61048,29506
2019-10-28,10582,10686,-104,77559,19654,57905,2631,28865,-26234,90772,59205,31567
2019-10-29,10453,11911,-1458,77651,19876,57775,2625,28865,-26240,90729,60652,30077
2019-10-30,10732,11811,-1079,78008,19515,58493,2625,28860,-26235,91365,60186,31179
2019-10-31,11161,11340,-179,78759,19809,58950,2648,28719,-26071,92568,59868,32700
2019-11-01,11722,11403,319,78899,19717,59182,2637,28644,-26007,93258,59764,33494
2019-11-04,12149,13339,-1190,83811,21895,61916,2631,27507,-24876,98591,62741,35850
2019-11-05,12838,13688,-850,81238,24034,57204,2633,25780,-23147,96709,63502,33207
2019-11-06,12191,12661,-470,79351,23657,55694,2535,24869,-22334,94077,61187,32890
2019-11-07,11524,12878,-1354,76762,23535,53227,2166,24192,-22026,90452,60605,29847
2019-11-08,12163,12720,-557,75211,23105,52106,1831,24131,-22300,89205,59956,29249
2019-11-11,11963,15159,-3196,77409,25146,52263,1809,24765,-22956,91181,65070,26111
2019-11-12,12992,13901,-909,76769,26608,50161,1808,23143,-21335,91569,63652,27917
2019-11-13,11962,12800,-838,75784,25856,49928,1807,23160,-21353,89553,61816,27737
2019-11-14,11311,12453,-1142,77743,29267,48476,1807,22266,-20459,90861,63986,26875
2019-11-15,11429,12040,-611,78015,32691,45324,1825,21844,-20019,91269,66575,24694
2019-11-18,13238,12651,587,79201,33403,45798,1632,21828,-20196,94071,67882,26189
2019-11-19,13974,12596,1378,79979,35345,44634,1646,21501,-19855,95599,69442,26157
2019-11-20,10430,8643,1787,60595,19627,40968,1648,21504,-19856,72673,49774,22899
2019-11-21,10529,10108,421,62946,20185,42761,1582,21231,-19649,75057,51524,23533
2019-11-22,10687,10786,-99,61995,20841,41154,1595,21226,-19631,74277,52853,21424
2019-11-25,10717,11344,-627,61675,20243,41432,1610,20522,-18912,74002,52109,21893
2019-11-26,10762,12516,-1754,65253,19559,45694,1551,20291,-18740,77566,52366,25200
2019-11-27,10587,10907,-320,66177,18980,47197,1555,20291,-18736,78319,50178,28141
2019-11-28,10628,10193,435,62947,21234,41713,1541,20491,-18950,75116,51918,23198
2019-11-29,10913,11697,-784,61938,26095,35843,1546,21136,-19590,74397,58928,15469
2019-12-02,10854,12499,-1645,64845,22957,41888,1548,21336,-19788,77247,56792,20455
2019-12-03,10480,12697,-2217,68071,21427,46644,1544,21332,-19788,80095,55456,24639
2019-12-04,9885,11973,-2088,66475,21523,44952,1543,21419,-19876,77903,54915,22988
2019-12-05,10359,12640,-2281,70779,22039,48740,1565,21076,-19511,82703,55755,26948
2019-12-06,10566,13408,-2842,70853,20799,50054,1565,21065,-19500,82984,55272,27712
2019-12-09,10884,13745,-2861,73475,21708,51767,1574,20748,-19174,85933,56201,29732
2019-12-10,11153,11249,-96,68175,24905,43270,1577,20962,-19385,80905,57116,23789
2019-12-11,11966,12086,-120,70860,21499,49361,1563,20743,-19180,84389,54328,30061
2019-12-12,11783,12477,-694,71563,20101,51462,1619,20772,-19153,84965,53350,31615
2019-12-13,12632,12116,516,79657,30754,48903,1661,21501,-19840,93950,64371,29579
2019-12-16,13652,11591,2061,88942,39274,49668,1679,23200,-21521,104273,74065,30208
2019-12-17,16962,12381,4581,84836,39792,45044,1690,24269,-22579,103488,76442,27046
2019-12-18,8789,7022,1767,62392,18484,43908,1706,24605,-22899,72887,50111,22776
2019-12-19,9273,7604,1669,62709,20222,42487,1723,25218,-23495,73705,53044,20661
2019-12-20,8621,8042,579,61926,20923,41003,1840,25219,-23379,72387,54184,18203
2019-12-23,8225,7614,611,62012,21344,40668,1833,25221,-23388,72070,54179,17891
2019-12-24,8778,8144,634,59344,22251,37093,1722,25221,-23499,69844,55616,14228
2019-12-25,9065,7103,1962,59478,22294,37184,1683,25217,-23534,70226,54614,15612
2019-12-26,9749,6955,2794,59494,24635,34859,1678,25719,-24041,70921,57309,13612
2019-12-27,9353,7571,1782,62944,24501,38443,1691,25699,-24008,73988,57771,16217
2019-12-30,9464,8301,1163,62439,24281,38158,1687,25886,-24199,73590,58468,15122
2019-12-31,9957,9485,472,62273,25363,36910,1657,26302,-24645,73887,61150,12737
2020-01-02,10502,8518,1984,60992,25535,35457,1670,24668,-22998,73164,58721,14443
2020-01-03,10829,7804,3025,60907,26284,34623,1637,24655,-23018,73373,58743,14630
2020-01-06,10421,9672,749,59175,26999,32176,1614,24863,-23249,71210,61534,9676
2020-01-07,10449,9905,544,56006,26743,29263,1598,24676,-23078,68053,61324,6729
2020-01-08,9119,10043,-924,60742,25196,35546,1591,24994,-23403,71452,60233,11219
2020-01-09,11162,11188,-26,63723,26297,37426,1609,24490,-22881,76494,61975,14519
2020-01-10,11319,10801,518,70250,30888,39362,1636,26492,-24856,83205,68181,15024
2020-01-13,10497,10083,414,77470,35077,42393,1639,27019,-25380,89606,72179,17427
2020-01-14,9642,10470,-828,73536,33657,39879,1654,26754,-25100,84832,70881,13951
2020-01-15,7801,7534,267,58949,22200,36749,1641,25610,-23969,68391,55344,13047
2020-01-16,8067,6710,1357,56368,24919,31449,1657,24818,-23161,66092,56447,9645
2020-01-17,8180,6943,1237,56046,23664,32382,1658,24818,-23160,65884,55425,10459
2020-01-20,8959,6797,2162,56731,24942,31789,1647,24289,-22642,67337,56028,11309
2020-01-30,10099,9658,441,54398,36159,18239,1698,26869,-25171,66195,72686,-6491
2020-01-31,9347,8879,468,59241,29462,29779,1686,25857,-24171,70274,64198,6076
2020-02-03,12031,10866,1165,59336,26988,32348,1842,25802,-23960,73209,63656,9553
2020-02-04,11464,8838,2626,58261,24351,33910,1876,23356,-21480,71601,56545,15056
2020-02-05,10325,9335,990,59210,24530,34680,1822,23610,-21788,71357,57475,13882
2020-02-06,11144,8355,2789,60185,23173,37012,1843,23073,-21230,73172,54601,18571
2020-02-07,10917,9645,1272,56893,20831,36062,1802,22954,-21152,69612,53430,16182
2020-02-10,11366,10063,1303,57666,21758,35908,1789,22260,-20471,70821,54081,16740
2020-02-11,11865,10761,1104,56386,21497,34889,1779,21619,-19840,70030,53877,16153
2020-02-12,13018,10653,2365,60944,21770,39174,1799,21180,-19381,75761,53603,22158
2020-02-13,12498,11667,831,62089,20491,41598,1829,21243,-19414,76416,53401,23015
2020-02-14,12708,11793,915,62689,24338,38351,1827,21239,-19412,77224,57370,19854
2020-02-17,12699,10883,1816,69501,32648,36853,1874,21691,-19817,84074,65222,18852
2020-02-18,15141,12373,2768,71690,40025,31665,1990,20979,-18989,88821,73377,15444
2020-02-19,11255,9481,1774,52660,21332,31328,1994,20553,-18559,65909,51366,14543
2020-02-20,11561,8729,2832,48034,22227,25807,2015,20561,-18546,61610,51517,10093
2020-02-21,11124,9836,1288,48927,22265,26662,2007,20874,-18867,62058,52975,9083
2020-02-24,10784,10133,651,51745,24989,26756,2179,21066,-18887,64708,56188,8520
2020-02-25,11108,9609,1499,53429,25975,27454,2131,20862,-18731,66668,56446,10222
2020-02-26,11095,9320,1775,51597,30136,21461,2155,20691,-18536,64847,60147,4700
2020-02-27,11198,11355,-157,51868,31287,20581,2203,21145,-18942,65269,63787,1482
2020-03-02,12235,12032,203,54019,35010,19009,2366,21161,-18795,68620,68203,417
2020-03-03,10949,12046,-1097,54614,31265,23349,2467,21419,-18952,68030,64730,3300
2020-03-04,11275,10895,380,57256,30259,26997,2486,24117,-21631,71017,65271,5746
2020-03-05,12201,10764,1437,61929,32165,29764,2430,25460,-23030,76560,68389,8171
2020-03-06,14136,12851,1285,55222,32937,22285,2394,26408,-24014,71752,72196,-444
2020-03-09,14090,16083,-1993,60098,28722,31376,2894,29181,-26287,77082,73986,3096
2020-03-10,15947,14158,1789,55902,34383,21519,2784,29414,-26630,74633,77955,-3322
2020-03-11,16521,16293,228,58143,32380,25763,2768,30434,-27666,77432,79107,-1675
2020-03-12,18010,21421,-3411,68161,36307,31854,2776,33757,-30981,88947,91485,-2538
2020-03-13,20822,25140,-4318,82320,46372,35948,2925,36302,-33377,106067,107814,-1747
2020-03-16,23401,27789,-4388,81012,43036,37976,2869,37845,-34976,107282,108670,-1388
2020-03-17,24055,30755,-6700,82351,40398,41953,3445,39578,-36133,109851,110731,-880
2020-03-18,22106,22845,-739,58829,15029,43800,3656,37711,-34055,84591,75585,9006
2020-03-19,22435,26216,-3781,67444,14809,52635,4053,42813,-38760,93932,83838,10094
2020-03-20,20448,25603,-5155,66648,15679,50969,4285,36521,-32236,91381,77803,13578
2020-03-23,21697,26541,-4844,70371,14995,55376,4180,41096,-36916,96248,82632,13616
2020-03-24,19960,24768,-4808,65243,14168,51075,4276,37885,-33609,89479,76821,12658
2020-03-25,19184,17146,2038,60967,14145,46822,4225,36151,-31926,84376,67442,16934
2020-03-26,18685,15096,3589,60090,14244,45846,4107,36122,-32015,82882,65462,17420
2020-03-27,19185,15897,3288,60301,13577,46724,4183,35552,-31369,83669,65026,18643
2020-03-30,19776,15673,4103,61261,14127,47134,4184,36458,-32274,85221,66258,18963
2020-03-31,19979,16644,3335,63320,15245,48075,4103,36395,-32292,87402,68284,19118
2020-04-01,19022,15962,3060,65435,14318,51117,3770,37345,-33575,88227,67625,20602
2020-04-06,19528,15628,3900,62584,16432,46152,3800,36293,-32493,85912,68353,17559
2020-04-07,19500,16171,3329,62715,16855,45860,3846,34325,-30479,86061,67351,18710
2020-04-08,20169,15667,4502,63340,21575,41765,3950,33833,-29883,87459,71075,16384
2020-04-09,23027,18626,4401,66436,22907,43529,3933,34518,-30585,93396,76051,17345
2020-04-10,24491,21211,3280,67521,21884,45637,3927,34693,-30766,95939,77788,18151
2020-04-13,25833,21812,4021,64321,17744,46577,3934,37502,-33568,94088,77058,17030
2020-04-14,25752,19653,6099,63881,21360,42521,3794,36832,-33038,93427,77845,15582
2020-04-15,19417,10405,9012,48097,12841,35256,3820,36083,-32263,71334,59329,12005
2020-04-16,19266,10706,8560,50359,14974,35385,3814,36533,-32719,73439,62213,11226
2020-04-17,20024,11060,8964,49553,16689,32864,3821,35162,-31341,73398,62911,10487
2020-04-20,20950,10490,10460,49340,19187,30153,3569,35415,-31846,73859,65092,8767
2020-04-21,21977,12255,9722,57351,18561,38790,3497,38161,-34664,82825,68977,13848
2020-04-22,19897,10887,9010,56378,21418,34960,3495,38259,-34764,79770,70564,9206
2020-04-23,20465,10504,9961,56781,20144,36637,3520,37542,-34022,80766,68190,12576
2020-04-24,19879,10854,9025,57572,20298,37274,3516,37141,-33625,80967,68293,12674
2020-04-27,19846,11035,8811,59287,23998,35289,3461,35225,-31764,82594,70258,12336
2020-04-28,19446,10840,8606,60000,23442,36558,3494,35330,-31836,82940,69612,13328
2020-04-29,19422,11589,7833,60706,22267,38439,3482,34385,-30903,83610,68241,15369
2020-04-30,19669,10896,8773,59196,22607,36589,3395,33419,-30024,82260,66922,15338
2020-05-04,19810,12460,7350,58597,21987,36610,3297,35985,-32688,81704,70432,11272
2020-05-05,20463,12894,7569,57029,20944,36085,3326,37230,-33904,80818,71068,9750
2020-05-06,20117,12529,7588,58880,18911,39969,3312,39026,-35714,82309,70466,11843
2020-05-07,20687,11850,8837,58944,21080,37864,3342,39263,-35921,82973,72193,10780
2020-05-08,20305,11752,8553,59538,22450,37088,3343,39335,-35992,83186,73537,9649
2020-05-11,20242,12258,7984,60376,23494,36882,3352,38694,-35342,83970,74446,9524
2020-05-12,20168,12136,8032,62025,23478,38547,3284,39744,-36460,85477,75358,10119
2020-05-13,19843,12186,7657,64559,22864,41695,3284,39762,-36478,87686,74812,12874
2020-05-14,19319,12274,7045,63806,25053,38753,3255,41940,-38685,86380,79267,7113
2020-05-15,19023,11951,7072,65077,23811,41266,3252,41410,-38158,87352,77172,10180
2020-05-18,18719,11077,7642,65514,29557,35957,3233,42029,-38796,87466,82663,4803
2020-05-19,18115,11616,6499,63349,25919,37430,3237,40196,-36959,84701,77731,6970
2020-05-20,17392,8506,8886,51771,15758,36013,3249,39491,-36242,72412,63755,8657
2020-05-21,18862,8661,10201,52661,18534,34127,3289,38144,-34855,74812,65339,9473
2020-05-22,19691,9582,10109,53263,20010,33253,3299,39743,-36444,76253,69335,6918
2020-05-25,18858,9452,9406,51254,18533,32721,3310,37251,-33941,73422,65236,8186
2020-05-26,19199,10003,9196,53509,19311,34198,3352,36216,-32864,76060,65530,10530
2020-05-27,19135,9970,9165,52624,18441,34183,3360,36416,-33056,75119,64827,10292
2020-05-28,18918,9985,8933,53556,18541,35015,3341,36790,-33449,75815,65316,10499
2020-05-29,19800,10482,9318,54853,18241,36612,3323,36782,-33459,77976,65505,12471
2020-06-01,19670,11556,8114,58294,19599,38695,3369,35848,-32479,81333,67003,14330
2020-06-02,19828,11327,8501,57432,18038,39394,3364,35629,-32265,80624,64994,15630
2020-06-03,20118,11921,8197,59054,18160,40894,3291,34937,-31646,82463,65018,17445
2020-06-04,19922,11966,7956,56523,17097,39426,3315,34569,-31254,79760,63632,16128
2020-06-05,20244,11847,8397,59383,19348,40035,3336,33286,-29950,82963,64481,18482
2020-06-08,19800,12443,7357,58002,20873,37129,3308,32652,-29344,81110,65968,15142
2020-06-09,20525,12736,7789,61433,22390,39043,3284,33661,-30377,85242,68787,16455
2020-06-10,20678,12047,8631,61176,23975,37201,3284,34127,-30843,85138,70149,14989
2020-06-11,19320,10996,8324,64318,23542,40776,3236,37453,-34217,86874,71991,14883
2020-06-12,19385,9940,9445,63832,28695,35137,3216,38927,-35711,86433,77562,8871
2020-06-15,19866,10916,8950,63753,26783,36970,3174,40667,-37493,86793,78366,8427
2020-06-16,19956,11969,7987,66214,30635,35579,3250,39559,-36309,89420,82163,7257
2020-06-17,14979,7385,7594,55668,24154,31514,3469,39514,-36045,74116,71053,3063
2020-06-18,15679,7733,7946,55977,23062,32915,3436,39484,-36048,75092,70279,4813
2020-06-19,16291,8519,7772,54928,22973,31955,3458,39484,-36026,74677,70976,3701
2020-06-22,17112,9073,8039,59695,27174,32521,3596,39594,-35998,80403,75841,4562
2020-06-23,17754,9775,7979,60736,27627,33109,3719,39559,-35840,82209,76961,5248
2020-06-24,15547,8319,7228,61980,28346,33634,3650,39239,-35589,81177,75904,5273
2020-06-29,15943,7245,8698,59638,27956,31682,3767,40615,-36848,79348,75816,3532
2020-06-30,16909,8004,8905,58662,27824,30838,3863,39702,-35839,79434,75530,3904
2020-07-01,16400,8536,7864,63447,29952,33495,4000,39718,-35718,83847,78206,5641
2020-07-02,17576,9219,8357,65020,28560,36460,3985,38827,-34842,86581,76606,9975
2020-07-03,16892,9639,7253,67409,25763,41646,4072,38406,-34334,88373,73808,14565
2020-07-06,16884,9581,7303,66252,30048,36204,4135,36972,-32837,87271,76601,10670
2020-07-07,16402,8618,7784,65787,29530,36257,4143,36971,-32828,86332,75119,11213
2020-07-08,16728,8323,8405,64631,30301,34330,4136,35268,-31132,85495,73892,11603
2020-07-09,17240,7245,9995,63971,29493,34478,4135,34494,-30359,85346,71232,14114
2020-07-10,16773,8559,8214,66724,27453,39271,4296,35691,-31395,87793,71703,16090
2020-07-13,18225,8064,10161,62052,28053,33999,4359,35031,-30672,84636,71148,13488
2020-07-14,19526,8707,10819,61707,30101,31606,4522,35241,-30719,85755,74049,11706
2020-07-15,15027,7364,7663,51459,23953,27506,4696,35278,-30582,71182,66595,4587
2020-07-16,16492,7410,9082,50745,24487,26258,4867,36515,-31648,72104,68412,3692
2020-07-17,16785,8192,8593,52594,23673,28921,5127,36500,-31373,74506,68365,6141
2020-07-20,17787,7979,9808,53429,24271,29158,4801,36500,-31699,76017,68750,7267
2020-07-21,18589,8773,9816,58044,29268,28776,4699,35519,-30820,81332,73560,7772
2020-07-22,15718,7562,8156,58438,30700,27738,4966,35950,-30984,79122,74212,4910
2020-07-23,18141,7231,10910,55788,31715,24073,4975,37218,-32243,78904,76164,2740
2020-07-24,18119,8594,9525,57673,29218,28455,4967,38586,-33619,80759,76398,4361
2020-07-27,18190,9003,9187,57718,25262,32456,4955,37596,-32641,80863,71861,9002
2020-07-28,18310,9828,8482,56475,27208,29267,4924,38375,-33451,79709,75411,4298
2020-07-29,17129,9127,8002,59034,29904,29130,4860,39555,-34695,81023,78586,2437
2020-07-30,17724,8765,8959,59809,27936,31873,4867,39512,-34645,82400,76213,6187
2020-07-31,18097,9244,8853,60051,30809,29242,4864,39145,-34281,83012,79198,3814
2020-08-03,20033,9124,10909,58563,33940,24623,4857,40474,-35617,83453,83538,-85
2020-08-04,20126,9505,10621,61047,30221,30826,4993,39540,-34547,86166,79266,6900
2020-08-05,17727,8238,9489,62719,31056,31663,4938,39145,-34207,85384,78439,6945
2020-08-06,18782,9125,9657,62223,30745,31478,4889,39086,-34197,85894,78956,6938
2020-08-07,19802,10053,9749,61378,29523,31855,4872,39435,-34563,86052,79011,7041
2020-08-10,19625,10073,9552,59574,30425,29149,4791,38856,-34065,83990,79354,4636
2020-08-11,19742,11056,8686,58185,30232,27953,4788,39432,-34644,82715,80720,1995
2020-08-12,17448,8193,9255,55669,27137,28532,4713,39830,-35117,77830,75160,2670
2020-08-13,17072,8615,8457,55616,27045,28571,4570,38849,-34279,77258,74509,2749
2020-08-14,18464,7975,10489,55260,26516,28744,4552,37816,-33264,78276,72307,5969
2020-08-17,20557,10857,9700,56664,26396,30268,4572,37001,-32429,81793,74254,7539
2020-08-18,19083,8505,10578,53796,26875,26921,4593,37276,-32683,77472,72656,4816
2020-08-19,17740,6628,11112,46718,23469,23249,4701,37735,-33034,69159,67832,1327
2020-08-20,20631,7103,13528,48970,28266,20704,4718,41446,-36728,74319,76815,-2496
2020-08-21,19486,7377,12109,50820,22648,28172,4785,40099,-35314,75091,70124,4967
2020-08-24,19342,7921,11421,50924,21210,29714,4662,39900,-35238,74928,69031,5897
2020-08-25,19223,8875,10348,53266,23296,29970,4743,39236,-34493,77232,71407,5825
2020-08-26,17581,7691,9890,53670,22192,31478,4690,39008,-34318,75941,68891,7050
2020-08-27,17688,7764,9924,53983,22305,31678,4680,38693,-34013,76351,68762,7589
2020-08-28,18978,7315,11663,52326,24467,27859,4662,40064,-35402,75966,71846,4120
2020-08-31,19116,8166,10950,53223,27915,25308,4946,40431,-35485,77285,76512,773
2020-09-01,17991,6845,11146,54399,28326,26073,4907,40039,-35132,77297,75210,2087
2020-09-02,17553,6377,11176,53237,26094,27143,4770,40035,-35265,75560,72506,3054
2020-09-03,16881,6695,10186,56125,27564,28561,4727,39694,-34967,77733,73953,3780
2020-09-04,17294,7676,9618,56513,27336,29177,4684,39773,-35089,78491,74785,3706
2020-09-07,16918,8150,8768,55528,25370,30158,4650,40056,-35406,77096,73576,3520
2020-09-08,17435,8445,8990,59296,27070,32226,4624,40069,-35445,81355,75584,5771
2020-09-09,18953,8578,10375,61562,32639,28923,4589,41815,-37226,85104,83032,2072
2020-09-10,19553,9857,9696,63562,31331,32231,4604,41856,-37252,87719,83044,4675
2020-09-11,20385,9026,11359,63950,34609,29341,4607,41883,-37276,88942,85518,3424
2020-09-14,23873,11992,11881,65536,35931,29605,4850,41300,-36450,94259,89223,5036
2020-09-15,20398,8248,12150,69725,40498,29227,5326,41170,-35844,95449,89916,5533
2020-09-16,18440,6788,11652,57473,24945,32528,6868,41568,-34700,82781,73301,9480
2020-09-17,20082,6075,14007,54254,30032,24222,7785,42358,-34573,82121,78465,3656
2020-09-18,20166,6198,13968,54746,31883,22863,7728,42305,-34577,82640,80386,2254
2020-09-21,21253,6456,14797,53411,40253,13158,7881,43894,-36013,82545,90603,-8058
2020-09-22,21860,6258,15602,53518,41497,12021,8101,45777,-37676,83479,93532,-10053
2020-09-23,20802,6967,13835,51371,37921,13450,8273,46440,-38167,80446,91328,-10882
2020-09-24,21981,7108,14873,51254,35810,15444,8577,48575,-39998,81812,91493,-9681
2020-09-25,21008,7402,13606,53984,29994,23990,8625,48601,-39976,83617,85997,-2380
2020-09-28,20918,7728,13190,54747,33098,21649,8978,46432,-37454,84643,87258,-2615
2020-09-29,21597,9339,12258,55766,32229,23537,8995,46059,-37064,86358,87627,-1269
2020-09-30,18780,7766,11014,58988,30029,28959,9014,45299,-36285,86782,83094,3688
2020-10-05,19896,7733,12163,56318,31509,24809,9015,45261,-36246,85229,84503,726
2020-10-06,20199,8494,11705,58937,33926,25011,9089,44124,-35035,88225,86544,1681
2020-10-07,19069,8261,10808,62260,32180,30080,9128,43447,-34319,90457,83888,6569
2020-10-08,19418,9171,10247,63150,33682,29468,9184,42744,-33560,91752,85597,6155
2020-10-12,20295,9972,10323,62486,33358,29128,9302,42524,-33222,92083,85854,6229
2020-10-13,21329,10325,11004,64315,33246,31069,9287,43126,-33839,94931,86697,8234
2020-10-14,20136,9848,10288,64223,33869,30354,9208,44342,-35134,93567,88059,5508
2020-10-15,22219,8922,13297,63833,33868,29965,9158,45437,-36279,95210,88227,6983
2020-10-16,23012,9728,13284,60673,31928,28745,9123,46350,-37227,92808,88006,4802
2020-10-19,23185,10253,12932,64511,35742,28769,9210,45619,-36409,96906,91614,5292
2020-10-20,25712,11302,14410,65248,38864,26384,9205,45695,-36490,100165,95861,4304
2020-10-21,22634,7129,15505,54094,26628,27466,9360,46456,-37096,86088,80213,5875
2020-10-22,23167,7668,15499,58819,27458,31361,9466,46473,-37007,91452,81599,9853
2020-10-23,23685,7493,16192,56221,27324,28897,9449,46494,-37045,89355,81311,8044
2020-10-26,22183,8170,14013,61234,29151,32083,9675,46810,-37135,93092,84131,8961
2020-10-27,23562,8293,15269,60675,31587,29088,8419,47835,-39416,92656,87715,4941
2020-10-28,22577,7870,14707,61532,31051,30481,8369,49115,-40746,92478,88036,4442
2020-10-29,22578,7486,15092,60179,34783,25396,8361,50074,-41713,91118,92343,-1225
2020-10-30,24753,8245,16508,62388,33332,29056,8286,51607,-43321,95427,93184,2243
2020-11-02,24510,7786,16724,60291,32707,27584,8297,51838,-43541,93098,92331,767
2020-11-03,24385,8814,15571,63754,32288,31466,8452,50073,-41621,96591,91175,5416
2020-11-04,24816,8033,16783,64920,33133,31787,8775,48792,-40017,98511,89958,8553
2020-11-05,25083,8567,16516,68474,33005,35469,9076,48759,-39683,102633,90331,12302
2020-11-06,24315,9939,14376,73312,32433,40879,9270,48280,-39010,106897,90652,16245
2020-11-09,23921,9283,14638,75451,38129,37322,9783,46687,-36904,109155,94099,15056
2020-11-10,24245,9235,15010,73552,36648,36904,9923,47007,-37084,107720,92890,14830
2020-11-11,25043,9143,15900,73383,38673,34710,10226,45164,-34938,108652,92980,15672
2020-11-12,22936,7903,15033,75045,37542,37503,10172,45136,-34964,108153,90581,17572
2020-11-13,22259,7222,15037,75129,39899,35230,10034,44110,-34076,107422,91231,16191
2020-11-16,22997,7680,15317,74111,44125,29986,10289,41447,-31158,107397,93252,14145
2020-11-17,23661,6335,17326,75866,49161,26705,10737,40458,-29721,110264,95954,14310
2020-11-18,20033,5866,14167,62799,36535,26264,10782,39310,-28528,93614,81711,11903
2020-11-19,20551,5388,15163,60752,37380,23372,10735,38660,-27925,92038,81428,10610
2020-11-20,20427,5306,15121,59026,37188,21838,10743,37458,-26715,90196,79952,10244
2020-11-23,21003,5858,15145,54806,37524,17282,10861,36307,-25446,86670,79689,6981
2020-11-24,21317,7061,14256,54987,37161,17826,10790,35875,-25085,87094,80097,6997
2020-11-25,20959,8393,12566,58859,39913,18946,10663,34711,-24048,90481,83017,7464
2020-11-26,21239,8766,12473,59772,44776,14996,10834,33090,-22256,91845,86632,5213
2020-11-27,22120,9346,12774,59821,43008,16813,10830,32904,-22074,92771,85258,7513
2020-11-30,24804,8794,16010,58984,47344,11640,10786,33284,-22498,94574,89422,5152
2020-12-01,24324,8778,15546,58506,50335,8171,10864,31799,-20935,93694,90912,2782
2020-12-02,23023,7501,15522,59244,49508,9736,10848,30916,-20068,93115,87925,5190
2020-12-03,23867,8044,15823,57190,46932,10258,10861,30728,-19867,91918,85704,6214
2020-12-04,25626,9747,15879,61232,51470,9762,10825,29931,-19106,97683,91148,6535
2020-12-07,27166,10115,17051,57110,51155,5955,10846,29653,-18807,95122,90923,4199
2020-12-08,27804,10963,16841,56348,51239,5109,10991,29002,-18011,95143,91204,3939
2020-12-09,26894,8857,18037,54615,55307,-692,11129,28577,-17448,92638,92741,-103
2020-12-10,28428,10350,18078,55021,56013,-992,11330,29262,-17932,94779,95625,-846
2020-12-11,29618,10551,19067,54332,55771,-1439,11161,29214,-18053,95111,95536,-425
2020-12-14,31050,10708,20342,51006,55628,-4622,11332,29434,-18102,93388,95770,-2382
2020-12-15,29977,9593,20384,56653,56994,-341,12010,30283,-18273,98640,96870,1770
2020-12-16,24142,6155,17987,43369,47014,-3645,12487,29185,-16698,79998,82354,-2356
2020-12-17,25029,5504,19525,42324,49210,-6886,12298,29217,-16919,79651,83931,-4280
2020-12-18,24715,5887,18828,44345,50312,-5967,12245,29220,-16975,81305,85419,-4114
2020-12-21,25031,5722,19309,45919,50492,-4573,12402,28709,-16307,83352,84923,-1571
2020-12-22,25349,6297,19052,43988,49710,-5722,12261,29516,-17255,81598,85523,-3925
2020-12-23,24590,6094,18496,41861,48660,-6799,12383,28906,-16523,78834,83660,-4826
2020-12-24,24354,6265,18089,43405,47904,-4499,12499,28674,-16175,80258,82843,-2585
2020-12-25,25360,5982,19378,42539,48287,-5748,12482,28315,-15833,80381,82584,-2203
2020-12-28,26445,6163,20282,42701,52067,-9366,12530,27774,-15244,81676,86004,-4328
2020-12-29,26754,5705,21049,43212,52802,-9590,12543,27772,-15229,82509,86279,-3770
2020-12-30,24659,5410,19249,47884,54421,-6537,12669,27003,-14334,85212,86834,-1622
2020-12-31,26060,5565,20495,47023,56345,-9322,12690,25887,-13197,85773,87797,-2024
2021-01-04,27483,5910,21573,47304,57524,-10220,12858,25023,-12165,87645,88457,-812
2021-01-05,28458,6224,22234,47213,58138,-10925,12852,25091,-12239,88523,89453,-930
2021-01-06,28872,7036,21836,47161,58291,-11130,12893,25013,-12120,88926,90340,-1414
2021-01-07,29952,6675,23277,48671,61467,-12796,12945,23913,-10968,91568,92055,-487
2021-01-08,29659,6595,23064,51101,66427,-15326,12971,23137,-10166,93731,96159,-2428
2021-01-11,31217,7287,23930,50064,68908,-18844,12994,23112,-10118,94275,99307,-5032
2021-01-12,31890,8541,23349,52701,71902,-19201,12920,23119,-10199,97511,103562,-6051
2021-01-13,31078,7378,23700,53259,74794,-21535,13051,22457,-9406,97388,104629,-7241
2021-01-14,33241,8096,25145,49059,77177,-28118,13067,22699,-9632,95367,107972,-12605
2021-01-15,32449,7733,24716,45754,70606,-24852,13029,22511,-9482,91232,100850,-9618
2021-01-18,33041,6716,26325,48758,76741,-27983,12966,22616,-9650,94765,106073,-11308
2021-01-19,32007,5739,26268,39270,69252,-29982,13225,21902,-8677,84502,96893,-12391
2021-01-20,25776,4645,21131,33210,49927,-16717,13104,22325,-9221,72090,76897,-4807
2021-01-21,26331,4736,21595,30347,50928,-20581,13036,21045,-8009,69714,76709,-6995
2021-01-22,27528,4502,23026,29227,56778,-27551,13286,21602,-8316,70041,82882,-12841
2021-01-25,28482,4817,23665,29970,59093,-29123,13142,21865,-8723,71594,85775,-14181
2021-01-26,28718,5900,22818,30505,58009,-27504,12876,22833,-9957,72099,86742,-14643
2021-01-27,27430,5862,21568,31457,59563,-28106,12761,22822,-10061,71648,88247,-16599
2021-01-28,27533,6511,21022,31669,59476,-27807,12346,23259,-10913,71548,89246,-17698
2021-01-29,28592,7686,20906,35390,52756,-17366,12070,24133,-12063,76052,84575,-8523
2021-02-01,28105,7022,21083,34878,54502,-19624,12262,23356,-11094,75245,84880,-9635
2021-02-02,28331,7458,20873,35017,53872,-18855,12566,21986,-9420,75914,83316,-7402
2021-02-03,27890,5568,22322,29485,51227,-21742,12552,21984,-9432,69927,78779,-8852
2021-02-04,28533,6519,22014,30951,51840,-20889,12539,22421,-9882,72023,80780,-8757
2021-02-05,27939,5740,22199,33261,55922,-22661,12490,21986,-9496,73690,83648,-9958
2021-02-17,24698,4244,20454,26950,43941,-16991,13015,20256,-7241,64663,68441,-3778
2021-02-18,25192,3956,21236,26203,49352,-23149,13011,19733,-6722,64406,73041,-8635
2021-02-19,25918,4415,21503,25014,46952,-21938,12860,19952,-7092,63792,71319,-7527
2021-02-22,26423,3862,22561,23744,49931,-26187,12999,19936,-6937,63166,73729,-10563
2021-02-23,26651,4493,22158,24750,52542,-27792,13013,19725,-6712,64414,76760,-12346
2021-02-24,25769,4697,21072,24216,53364,-29148,12845,20380,-7535,62830,78441,-15611
2021-02-25,25909,5080,20829,25137,53619,-28482,13261,19837,-6576,64307,78536,-14229
2021-02-26,27163,7038,20125,26163,55598,-29435,13281,20842,-7561,66607,83478,-16871
2021-03-02,27215,7314,19901,29050,53803,-24753,13238,21042,-7804,69503,82159,-12656
2021-03-03,25960,6747,19213,26876,51837,-24961,13368,20496,-7128,66204,79080,-12876
2021-03-04,26170,7232,18938,26287,50037,-23750,13386,21149,-7763,65843,78418,-12575
2021-03-05,26515,7565,18950,26186,51881,-25695,13296,21575,-8279,65997,81021,-15024
2021-03-08,26916,8409,18507,27958,48152,-20194,13247,21569,-8322,68121,78130,-10009
2021-03-09,27834,8826,19008,26092,50017,-23925,13405,21373,-7968,67331,80216,-12885
2021-03-10,26172,6794,19378,26178,47858,-21680,13400,21362,-7962,65750,76014,-10264
2021-03-11,25512,6054,19458,24513,51651,-27138,13739,20291,-6552,63764,77996,-14232
2021-03-12,26859,5796,21063,22916,51775,-28859,13748,20286,-6538,63523,77857,-14334
2021-03-15,28255,6989,21266,24368,54673,-30305,13750,20290,-6540,66373,81952,-15579
2021-03-16,27877,8088,19789,28249,55150,-26901,13950,20272,-6322,70076,83510,-13434
2021-03-17,26272,3127,23145,21981,49331,-27350,13872,20288,-6416,62125,72746,-10621
2021-03-18,26148,3684,22464,22522,49236,-26714,13896,20265,-6369,62566,73185,-10619
2021-03-19,27759,4597,23162,22187,49580,-27393,13406,20311,-6905,63352,74488,-11136
2021-03-22,27001,4236,22765,22377,47330,-24953,13467,19892,-6425,62845,71458,-8613
2021-03-23,28479,4606,23873,21278,47255,-25977,14052,19891,-5839,63809,71752,-7943
2021-03-24,28710,4864,23846,20568,48786,-28218,13898,20424,-6526,63176,74074,-10898
2021-03-25,28127,4662,23465,21208,46313,-25105,13957,20424,-6467,63292,71399,-8107
2021-03-26,27619,4177,23442,25493,48328,-22835,14273,19662,-5389,67385,72167,-4782
2021-03-29,27812,4569,23243,25129,45470,-20341,14355,19645,-5290,67296,69684,-2388
2021-03-30,27764,4797,22967,26057,45422,-19365,14314,19337,-5023,68135,69556,-1421
2021-03-31,28076,5013,23063,23734,45113,-21379,14159,19555,-5396,65969,69681,-3712
2021-04-01,26987,4539,22448,24704,44520,-19816,14099,19337,-5238,65790,68396,-2606
2021-04-06,26632,4651,21981,25837,44958,-19121,14265,18797,-4532,66734,68406,-1672
2021-04-07,27623,4387,23236,20909,43776,-22867,14169,18806,-4637,62701,66969,-4268
2021-04-08,28302,4731,23571,21067,44429,-23362,14286,18480,-4194,63655,67640,-3985
2021-04-09,28363,5242,23121,19040,44492,-25452,14344,18492,-4148,61747,68226,-6479
2021-04-12,28292,5323,22969,18594,44566,-25972,14325,18494,-4169,61211,68383,-7172
2021-04-13,29666,6006,23660,20222,45628,-25406,14163,18898,-4735,64051,70532,-6481
2021-04-14,28556,4723,23833,19079,44249,-25170,14232,18901,-4669,61867,67873,-6006
2021-04-15,28666,4673,23993,19026,43620,-24594,14287,18364,-4077,61979,66657,-4678
2021-04-16,29576,4891,24685,19680,48530,-28850,14534,18147,-3613,63790,71568,-7778
2021-04-19,28213,5766,22447,23072,47607,-24535,14706,17830,-3124,65991,71203,-5212
2021-04-20,29716,6055,23661,22058,50890,-28832,14724,17842,-3118,66498,74787,-8289
2021-04-21,25741,2565,23176,17137,43805,-26668,14316,18062,-3746,57194,64432,-7238
2021-04-22,26587,3786,22801,16068,44802,-28734,14289,18267,-3978,56944,66855,-9911
2021-04-23,25808,3245,22563,17390,46847,-29457,14362,18061,-3699,57560,68153,-10593
2021-04-26,26265,3327,22938,17447,47933,-30486,14594,17418,-2824,58306,68678,-10372
2021-04-27,27493,3705,23788,17716,49167,-31451,14610,17421,-2811,59819,70293,-10474
2021-04-28,26737,2746,23991,15786,49127,-33341,14612,17423,-2811,57135,69296,-12161
2021-04-29,27147,2758,24389,16667,48675,-32008,14623,17441,-2818,58437,68874,-10437
2021-05-03,28492,4046,24446,17359,53610,-36251,14836,18114,-3278,60687,75770,-15083
2021-05-04,28979,4585,24394,17741,57105,-39364,14824,18840,-4016,61544,80530,-18986
2021-05-05,27135,4118,23017,16607,55361,-38754,14636,19346,-4710,58378,78825,-20447
2021-05-06,26726,4421,22305,18536,52710,-34174,14767,19068,-4301,60029,76199,-16170
2021-05-07,26223,3583,22640,17462,53492,-36030,15104,18411,-3307,58789,75486,-16697
2021-05-10,26412,3063,23349,18507,56026,-37519,15148,18466,-3318,60067,77555,-17488
2021-05-11,28260,4777,23483,22733,55251,-32518,14348,20125,-5777,65341,80153,-14812
2021-05-12,27112,4725,22387,26374,51237,-24863,14303,22081,-7778,67789,78043,-10254
2021-05-13,27569,5741,21828,26491,48283,-21792,14191,21690,-7499,68251,75714,-7463
2021-05-14,26525,6839,19686,28580,44104,-15524,14360,21242,-6882,69465,72185,-2720
2021-05-17,27226,6277,20949,26529,41935,-15406,14281,22708,-8427,68036,70920,-2884
2021-05-18,26452,5641,20811,29854,49958,-20104,14967,20369,-5402,71273,75968,-4695
2021-05-19,24202,2165,22037,20476,40557,-20081,14969,20373,-5404,59647,63095,-3448
2021-05-20,25132,2801,22331,20968,39951,-18983,14661,20712,-6051,60761,63464,-2703
2021-05-21,25482,3001,22481,20309,41629,-21320,14890,19944,-5054,60681,64574,-3893
2021-05-24,25779,2806,22973,20432,44702,-24270,14964,19732,-4768,61175,67240,-6065
2021-05-25,24588,3008,21580,20242,43186,-22944,15227,19068,-3841,60057,65262,-5205
2021-05-26,24780,2842,21938,20711,43305,-22594,15375,19064,-3689,60866,65211,-4345
2021-05-27,24668,2741,21927,19382,42736,-23354,15432,19277,-3845,59482,64754,-5272
2021-05-28,24137,2790,21347,20427,44493,-24066,15674,18511,-2837,60238,65794,-5556
2021-05-31,24327,3422,20905,20339,45091,-24752,15754,18284,-2530,60420,66797,-6377
2021-06-01,26002,4766,21236,21907,47184,-25277,16472,17973,-1501,64381,69923,-5542
2021-06-02,25969,5550,20419,21800,46329,-24529,17196,17976,-780,64965,69855,-4890
2021-06-03,26432,5327,21105,22313,47293,-24980,17706,17976,-270,66451,70596,-4145
2021-06-04,27358,6105,21253,21797,49636,-27839,18352,18401,-49,67507,74142,-6635
2021-06-07,28370,6483,21887,21672,49036,-27364,18480,18445,35,68522,73964,-5442
2021-06-08,28541,7130,21411,21029,49234,-28205,18535,18448,87,68105,74812,-6707
2021-06-09,28958,4700,24258,21243,49911,-28668,18398,18878,-480,68599,73489,-4890
2021-06-10,30280,4802,25478,19742,49414,-29672,18651,18188,463,68673,72404,-3731
2021-06-11,29546,4357,25189,20388,49507,-29119,18833,18193,640,68767,72057,-3290
2021-06-15,27610,3330,24280,21584,52853,-31269,19164,17861,1303,68358,74044,-5686
2021-06-16,22940,3128,19812,18165,47183,-29018,19427,17862,1565,60532,68173,-7641
2021-06-17,24455,3079,21376,19049,52137,-33088,19465,17859,1606,62969,73075,-10106
2021-06-18,24422,3452,20970,17862,49474,-31612,19452,17874,1578,61736,70800,-9064
2021-06-21,25421,4341,21080,19876,51350,-31474,19187,18537,650,64484,74228,-9744
2021-06-22,25415,5973,19442,18175,49247,-31072,19114,18528,586,62704,73748,-11044
2021-06-23,25518,7005,18513,18706,51170,-32464,19435,17781,1654,63659,75956,-12297
2021-06-24,25093,7474,17619,19912,51406,-31494,19506,17767,1739,64511,76647,-12136
2021-06-25,24206,6913,17293,19251,48745,-29494,19492,17569,1923,62949,73227,-10278
2021-06-28,24002,7078,16924,20029,50063,-30034,19479,17353,2126,63510,74494,-10984
2021-06-29,24190,6192,17998,20989,50291,-29302,19444,17353,2091,64623,73836,-9213
2021-06-30,23953,6926,17027,21787,50858,-29071,19634,16912,2722,65374,74696,-9322
2021-07-01,23513,5962,17551,21337,51250,-29913,19517,17125,2392,64367,74337,-9970
2021-07-02,23942,6618,17324,21386,50251,-28865,19526,17123,2403,64854,73992,-9138
2021-07-05,23681,7537,16144,22294,50374,-28080,19911,16577,3334,65886,74488,-8602
2021-07-06,23619,7020,16599,21759,50772,-29013,19832,16577,3255,65210,74369,-9159
2021-07-07,23187,6494,16693,22642,50077,-27435,19597,16796,2801,65426,73367,-7941
2021-07-08,23619,6311,17308,22156,49653,-27497,19625,16792,2833,65400,72756,-7356
2021-07-09,23255,6563,16692,21564,50304,-28740,19362,16910,2452,64181,73777,-9596
2021-07-12,23224,7393,15831,20711,49967,-29256,19609,16470,3139,63544,73830,-10286
2021-07-13,22648,8744,13904,22679,50891,-28212,19609,16468,3141,64936,76103,-11167
2021-07-14,22123,6707,15416,22147,49294,-27147,18413,16468,1945,62683,72469,-9786
2021-07-15,22649,6599,16050,21305,49348,-28043,18489,16138,2351,62443,72085,-9642
2021-07-16,23731,6460,17271,22340,51917,-29577,18399,16356,2043,64470,74733,-10263
2021-07-19,24873,6096,18777,18425,52291,-33866,18415,16504,1911,61713,74891,-13178
2021-07-20,24868,5888,18980,18414,54852,-36438,18222,17156,1066,61504,77896,-16392
2021-07-21,21836,4191,17645,16498,51703,-35205,18134,17305,829,56468,73199,-16731
2021-07-22,21790,4648,17142,17346,52533,-35187,18252,17072,1180,57388,74253,-16865
2021-07-23,21963,4958,17005,17456,52819,-35363,18123,16632,1491,57542,74409,-16867
2021-07-26,23444,4926,18518,17606,52043,-34437,17561,16978,583,58611,73947,-15336
2021-07-27,22555,5824,16731,17185,51925,-34740,17499,16980,519,57239,74729,-17490
2021-07-28,21862,5152,16710,16149,47605,-31456,16865,18095,-1230,54876,70852,-15976
2021-07-29,21698,5630,16068,18698,47064,-28366,17228,17319,-91,57624,70013,-12389
2021-07-30,20897,5036,15861,18212,46353,-28141,17207,17539,-332,56316,68928,-12612
2021-08-02,20098,4876,15222,19220,49031,-29811,17556,16987,569,56874,70894,-14020
2021-08-03,20457,4558,15899,19320,47865,-28545,17485,16950,535,57262,69373,-12111
2021-08-04,20118,4676,15442,20768,48086,-27318,17663,16726,937,58549,69488,-10939
2021-08-05,19767,4651,15116,19280,49563,-30283,17657,16654,1003,56704,70868,-14164
2021-08-06,20188,4605,15583,18997,47410,-28413,17520,16971,549,56705,68986,-12281
2021-08-09,19931,5084,14847,19257,45605,-26348,17533,17387,146,56721,68076,-11355
2021-08-10,20487,5702,14785,19021,46943,-27922,17380,17745,-365,56888,70390,-13502
2021-08-11,19682,5289,14393,16693,48400,-31707,17358,17966,-608,53733,71655,-17922
2021-08-12,19432,5213,14219,17811,48300,-30489,17371,17966,-595,54614,71479,-16865
2021-08-13,20297,5895,14402,17318,49400,-32082,17314,18270,-956,54929,73565,-18636
2021-08-16,19226,5583,13643,18458,46527,-28069,17191,18449,-1258,54875,70559,-15684
2021-08-17,18508,5692,12816,18559,45680,-27121,17327,18789,-1462,54394,70161,-15767
2021-08-18,16357,3928,12429,14825,42218,-27393,17474,18108,-634,48656,64254,-15598
2021-08-19,16031,5066,10965,15824,39660,-23836,17034,19030,-1996,48889,63756,-14867
2021-08-20,16510,5679,10831,16173,36813,-20640,16987,19238,-2251,49670,61730,-12060
2021-08-23,17061,5960,11101,17580,39793,-22213,17443,18132,-689,52084,63885,-11801
2021-08-24,16851,6524,10327,18600,39772,-21172,17544,17982,-438,52995,64278,-11283
2021-08-25,16337,5936,10401,19667,40684,-21017,17739,17544,195,53743,64164,-10421
2021-08-26,16803,5468,11335,17175,37104,-19929,17614,17542,72,51592,60114,-8522
2021-08-27,15686,6394,9292,17936,35507,-17571,16783,17002,-219,50405,58903,-8498
2021-08-30,16143,6830,9313,16685,35983,-19298,16953,16373,580,49781,59186,-9405
2021-08-31,16050,7743,8307,21774,40938,-19164,17024,15857,1167,54848,64538,-9690
2021-09-01,14876,6450,8426,21897,42096,-20199,17037,15845,1192,53810,64391,-10581
2021-09-02,14118,6442,7676,21671,37476,-15805,16892,16069,823,52681,59987,-7306
2021-09-03,14485,7603,6882,20410,40226,-19816,16771,15733,1038,51666,63562,-11896
2021-09-06,14283,7961,6322,21392,37688,-16296,16744,15939,805,52419,61588,-9169
2021-09-07,14822,8504,6318,20306,35886,-15580,15964,15944,20,51092,60334,-9242
2021-09-08,13655,7043,6612,20623,34820,-14197,15677,16487,-810,49955,58350,-8395
2021-09-09,14360,7182,7178,22436,34091,-11655,14941,16487,-1546,51737,57760,-6023
2021-09-10,14890,7435,7455,22919,37221,-14302,15030,15989,-959,52839,60645,-7806
2021-09-13,17000,8654,8346,22015,37418,-15403,15006,16104,-1098,54021,62176,-8155
2021-09-14,15819,8487,7332,23342,38710,-15368,15112,16095,-983,54273,63292,-9019
2021-09-15,16219,4844,11375,16495,31581,-15086,14244,16307,-2063,46958,52732,-5774
2021-09-16,16879,4999,11880,15674,33671,-17997,14165,16528,-2363,46718,55198,-8480
2021-09-17,16742,5989,10753,17970,34583,-16613,14217,16506,-2289,48929,57078,-8149
2021-09-22,18394,5421,12973,16336,34164,-17828,12955,17206,-4251,47685,56791,-9106
2021-09-23,18650,5621,13029,18329,34797,-16468,13094,16906,-3812,50073,57324,-7251
2021-09-24,18225,5659,12566,19014,36477,-17463,13165,16528,-3363,50404,58664,-8260
2021-09-27,18873,6373,12500,20034,39360,-19326,13176,16518,-3342,52083,62251,-10168
2021-09-28,19190,6782,12408,18151,36597,-18446,12434,16640,-4206,49775,60019,-10244
2021-09-29,19975,6369,13606,18110,36280,-18170,11987,17513,-5526,50072,60162,-10090
2021-09-30,20433,6681,13752,20010,36741,-16731,12194,17186,-4992,52637,60608,-7971
2021-10-01,21131,7293,13838,24484,37521,-13037,12100,18183,-6083,57715,62997,-5282
2021-10-04,20901,7470,13431,25458,36615,-11157,12265,18200,-5935,58624,62285,-3661
2021-10-05,21961,7282,14679,21656,38785,-17129,12618,18127,-5509,56235,64194,-7959
2021-10-06,20787,5685,15102,23353,37095,-13742,12642,18125,-5483,56782,60905,-4123
2021-10-07,20532,7268,13264,21783,40063,-18280,12949,17293,-4344,55264,64624,-9360
2021-10-08,21460,7522,13938,19757,40901,-21144,12851,17514,-4663,54068,65937,-11869
2021-10-12,22296,9066,13230,21797,37431,-15634,12734,17965,-5231,56827,64462,-7635
2021-10-13,21171,8356,12815,20524,38960,-18436,12747,18099,-5352,54442,65415,-10973
2021-10-14,20684,8064,12620,23632,39759,-16127,12783,18088,-5305,57099,65911,-8812
2021-10-15,21145,7863,13282,23033,40683,-17650,13316,17122,-3806,57494,65668,-8174
2021-10-18,21114,7831,13283,24078,43080,-19002,13423,17088,-3665,58615,67999,-9384
2021-10-19,20330,8641,11689,22924,41130,-18206,13824,16754,-2930,57078,66525,-9447
2021-10-20,18454,3602,14852,17323,34786,-17463,14047,16753,-2706,49824,55141,-5317
2021-10-21,19478,3646,15832,19664,37827,-18163,12801,16738,-3937,51943,58211,-6268
2021-10-22,19443,3358,16085,19291,39293,-20002,12719,16736,-4017,51453,59387,-7934
2021-10-25,19523,3515,16008,19108,39136,-20028,12703,16738,-4035,51334,59389,-8055
2021-10-26,19860,4960,14900,20112,42177,-22065,12776,16455,-3679,52748,63592,-10844
2021-10-27,20457,3746,16711,19594,42260,-22666,12699,16452,-3753,52750,62458,-9708
2021-10-28,20600,3852,16748,19933,42347,-22414,12583,16455,-3872,53116,62654,-9538
2021-10-29,22083,4284,17799,19062,42904,-23842,12485,16619,-4134,53630,63807,-10177
2021-11-01,22289,4549,17740,20227,42311,-22084,12580,16396,-3816,55096,63256,-8160
2021-11-02,22463,5575,16888,21541,43984,-22443,12535,16507,-3972,56539,66066,-9527
2021-11-03,21401,4389,17012,20790,42324,-21534,12592,16497,-3905,54783,63210,-8427
2021-11-04,21452,4375,17077,20776,43873,-23097,12612,16176,-3564,54840,64424,-9584
2021-11-05,21944,4045,17899,22740,44136,-21396,12650,15701,-3051,57334,63882,-6548
2021-11-08,21427,4109,17318,24888,42343,-17455,12763,15481,-2718,59078,61933,-2855
2021-11-09,20617,4158,16459,25784,39366,-13582,12714,15162,-2448,59115,58686,429
2021-11-10,21292,3836,17456,23757,40270,-16513,12634,14882,-2248,57683,58988,-1305
2021-11-11,20986,4481,16505,23348,41338,-17990,12592,14595,-2003,56926,60414,-3488
2021-11-12,20371,4148,16223,25699,42670,-16971,12638,14588,-1950,58708,61406,-2698
2021-11-15,19721,4221,15500,29454,45033,-15579,12616,14269,-1653,61791,63523,-1732
2021-11-16,18962,5435,13527,29676,44739,-15063,12678,14267,-1589,61316,64441,-3125
2021-11-17,17274,3451,13823,22930,38480,-15550,12770,14117,-1347,52974,56048,-3074
2021-11-18,17291,3883,13408,24175,42115,-17940,12713,13956,-1243,54179,59954,-5775
2021-11-19,17598,3718,13880,22931,42698,-19767,12583,13957,-1374,53112,60373,-7261
2021-11-22,17656,4122,13534,26119,44775,-18656,12582,13957,-1375,56357,62854,-6497
2021-11-23,18593,4469,14124,25391,44098,-18707,12442,14287,-1845,56426,62854,-6428
2021-11-24,18151,4112,14039,26591,45556,-18965,12388,14287,-1899,57130,63955,-6825
2021-11-25,18487,3966,14521,26150,46472,-20322,12376,14287,-1911,57013,64725,-7712
2021-11-26,18179,4586,13593,25483,45526,-20043,12157,14940,-2783,55819,65052,-9233
2021-11-29,17321,4546,12775,27290,45770,-18480,12207,14945,-2738,56818,65261,-8443
2021-11-30,19546,4991,14555,25816,47610,-21794,12287,14972,-2685,57649,67573,-9924
2021-12-01,18517,4812,13705,27067,48641,-21574,12410,14480,-2070,57994,67933,-9939
2021-12-02,18076,5169,12907,25754,47612,-21858,12479,14320,-1841,56309,67101,-10792
2021-12-03,18793,5126,13667,25658,47825,-22167,12481,14315,-1834,56932,67266,-10334
2021-12-06,20154,6101,14053,26877,50907,-24030,12477,14317,-1840,59508,71325,-11817
2021-12-07,20974,5968,15006,25350,51568,-26218,13726,14213,-487,60050,71749,-11699
2021-12-08,18022,4102,13920,25001,50415,-25414,14295,14166,129,57318,68683,-11365
2021-12-09,17793,4144,13649,25804,50404,-24600,14368,14171,197,57965,68719,-10754
2021-12-10,18450,3966,14484,24508,50924,-26416,14425,14172,253,57383,69062,-11679
2021-12-13,19017,4800,14217,27013,52763,-25750,14398,14382,16,60428,71945,-11517
2021-12-14,20214,6095,14119,26018,52546,-26528,14556,14812,-256,60788,73453,-12665
2021-12-15,16895,1969,14926,20890,46678,-25788,14959,14817,142,52744,63464,-10720
2021-12-16,17043,1873,15170,21203,47733,-26530,15153,14378,775,53399,63984,-10585
2021-12-17,16673,2408,14265,22015,47429,-25414,15184,14379,805,53872,64216,-10344
2021-12-20,18173,2416,15757,21589,48231,-26642,14990,14663,327,54752,65310,-10558
2021-12-21,18020,2951,15069,22106,47519,-25413,15173,14333,840,55299,64803,-9504
2021-12-22,17966,2167,15799,21197,45391,-24194,15206,14323,883,54369,61881,-7512
2021-12-23,18213,2192,16021,22282,46148,-23866,15039,14107,932,55534,62447,-6913
2021-12-24,17674,2260,15414,23007,47663,-24656,15047,14107,940,55728,64030,-8302
2021-12-27,17598,2451,15147,25438,48898,-23460,15038,13892,1146,58074,65241,-7167
2021-12-28,17407,2919,14488,27786,50379,-22593,15120,13724,1396,60313,67022,-6709
2021-12-29,17622,2489,15133,29056,52147,-23091,15194,13568,1626,61872,68204,-6332
2021-12-30,17979,2345,15634,27306,52462,-25156,15287,13633,1654,60572,68440,-7868
2022-01-03,18361,2641,15720,26582,51758,-25176,15356,13514,1842,60299,67913,-7614
2022-01-04,19420,3025,16395,27113,51817,-24704,15524,13134,2390,62057,67976,-5919
2022-01-05,19120,2736,16384,27902,51989,-24087,16039,13136,2903,63061,67861,-4800
2022-01-06,17886,2973,14913,28444,51581,-23137,16069,13424,2645,62399,67978,-5579
2022-01-07,18625,3762,14863,25367,51976,-26609,15960,13718,2242,59952,69456,-9504
2022-01-10,19386,3732,15654,25419,50850,-25431,16080,13544,2536,60885,68126,-7241
2022-01-11,20127,3695,16432,23945,52262,-28317,16091,13590,2501,60163,69547,-9384
2022-01-12,19409,2479,16930,23031,51460,-28429,16250,13682,2568,58690,67621,-8931
2022-01-13,18412,3337,15075,24230,49927,-25697,16299,13670,2629,58941,66934,-7993
2022-01-14,18722,3063,15659,23473,48947,-25474,16304,13680,2624,58499,65690,-7191
2022-01-17,19996,5034,14962,24820,50454,-25634,16398,13616,2782,61214,69104,-7890
2022-01-18,20828,4608,16220,26327,50530,-24203,16409,14029,2380,63564,69167,-5603
2022-01-19,17330,2650,14680,21290,45781,-24491,16397,14674,1723,55017,63105,-8088
2022-01-20,18029,2413,15616,21835,46710,-24875,16497,14604,1893,56361,63727,-7366
2022-01-21,19036,3358,15678,21095,47110,-26015,16621,15286,1335,56752,65754,-9002
2022-01-24,19074,2925,16149,19591,46732,-27141,16795,15172,1623,55460,64829,-9369
2022-01-25,20838,3635,17203,17523,50251,-32728,16768,15760,1008,55129,69646,-14517
2022-01-26,20361,3784,16577,17849,49630,-31781,17240,15790,1450,55450,69204,-13754
2022-02-07,21511,3772,17739,18470,48730,-30260,16977,15334,1643,56958,67836,-10878
2022-02-08,21339,4114,17225,18868,48402,-29534,17122,15110,2012,57329,67626,-10297
2022-02-09,21816,4215,17601,20349,45801,-25452,17213,14880,2333,59378,64896,-5518
2022-02-10,21462,4555,16907,21723,42282,-20559,15808,14813,995,58993,61650,-2657
2022-02-11,21317,5555,15762,22969,41991,-19022,14010,14315,-305,58296,61861,-3565
2022-02-14,21858,5126,16732,20915,42060,-21145,13382,14682,-1300,56155,61868,-5713
2022-02-15,19424,5218,14206,23195,39586,-16391,13328,14836,-1508,55947,59640,-3693
2022-02-16,17473,3469,14004,19729,35153,-15424,12815,14316,-1501,50017,52938,-2921
2022-02-17,18005,3829,14176,21116,37563,-16447,12848,14373,-1525,51969,55765,-3796
2022-02-18,18298,3962,14336,22185,39394,-17209,12849,14418,-1569,53332,57774,-4442
2022-02-21,18627,3753,14874,20971,40455,-19484,12909,14432,-1523,52507,58640,-6133
2022-02-22,19180,3718,15462,19132,38935,-19803,12559,15048,-2489,50871,57701,-6830
2022-02-23,18820,4023,14797,19592,36711,-17119,12623,14764,-2141,51035,55498,-4463
2022-02-24,19997,4531,15466,20706,40675,-19969,12288,15560,-3272,52991,60766,-7775
2022-02-25,19835,5094,14741,17834,38200,-20366,11836,15359,-3523,49505,58653,-9148
2022-03-01,19798,6159,13639,21000,39087,-18087,11852,14731,-2879,52650,59977,-7327
2022-03-02,19938,5277,14661,19703,39938,-20235,11784,14835,-3051,51425,60050,-8625
2022-03-03,19707,5679,14028,18155,37620,-19465,11850,14731,-2881,49712,58030,-8318
2022-03-04,19450,5745,13705,20535,38052,-17517,11744,15082,-3338,51729,58879,-7150
2022-03-07,20401,5289,15112,18593,38062,-19469,11105,16169,-5064,50099,59520,-9421
2022-03-08,20287,5418,14869,19913,35769,-15856,9045,16540,-7495,49245,57727,-8482
2022-03-09,18943,5950,12993,21673,34393,-12720,9128,16138,-7010,49744,56481,-6737
2022-03-10,19251,7231,12020,22470,29531,-7061,9355,15287,-5932,51076,52049,-973
2022-03-11,19726,5587,14139,22289,32842,-10553,9277,15634,-6357,51292,54063,-2771
2022-03-14,19802,7052,12750,21658,32325,-10667,9207,15675,-6468,50667,55052,-4385
2022-03-15,20775,7476,13299,24853,38688,-13835,9105,16393,-7288,54733,62557,-7824
2022-03-16,19307,5332,13975,15691,28014,-12323,9135,16286,-7151,44133,49632,-5499
2022-03-17,19908,5684,14224,19262,31877,-12615,9898,15026,-5128,49068,52587,-3519
2022-03-18,20028,5336,14692,17190,34162,-16972,11472,15138,-3666,48690,54636,-5946
2022-03-21,20129,6224,13905,19251,33642,-14391,11584,15310,-3726,50964,55176,-4212
2022-03-22,19709,6173,13536,20407,33399,-12992,11532,15316,-3784,51648,54888,-3240
2022-03-23,20411,6013,14398,23125,35181,-12056,11699,15185,-3486,55235,56379,-1144
2022-03-24,19915,6432,13483,22061,33005,-10944,10180,15188,-5008,52156,54625,-2469
2022-03-25,20136,6074,14062,20533,32611,-12078,10172,15193,-5021,50841,53878,-3037
2022-03-28,20057,6746,13311,20211,28687,-8476,9813,15590,-5777,50081,51023,-942
2022-03-29,19926,6997,12929,23628,28985,-5357,9875,15482,-5607,53429,51464,1965
2022-03-30,19603,7071,12532,26585,31542,-4957,9960,15102,-5142,56148,53715,2433
2022-03-31,19522,6800,12722,22986,32202,-9216,9921,15266,-5345,52429,54268,-1839
2022-04-01,19588,7431,12157,24334,30566,-6232,9863,15489,-5626,53785,53486,299
2022-04-06,19510,7314,12196,24328,29893,-5565,9850,15511,-5661,53688,52718,970
2022-04-07,19647,7668,11979,25322,31881,-6559,9609,16236,-6627,54578,55785,-1207
2022-04-08,18754,7913,10841,27652,30333,-2681,9631,16019,-6388,56037,54265,1772
2022-04-11,19759,8111,11648,28599,29022,-423,9512,16521,-7009,57870,53654,4216
2022-04-12,20137,8158,11979,29694,31557,-1863,9485,16585,-7100,59316,56300,3016
2022-04-13,20226,7579,12647,30611,33869,-3258,10357,16282,-5925,61194,57730,3464
2022-04-14,20235,6749,13486,28448,33622,-5174,10534,16262,-5728,59217,56633,2584
2022-04-15,20088,7527,12561,26897,35318,-8421,10766,16887,-6121,57751,59732,-1981
2022-04-18,19597,7922,11675,27311,34363,-7052,10775,17173,-6398,57683,59458,-1775
2022-04-19,19033,7282,11751,30139,37493,-7354,10855,16948,-6093,60027,61723,-1696
2022-04-20,17946,3654,14292,21804,31777,-9973,10961,16703,-5742,50711,52134,-1423
2022-04-21,18039,4437,13602,22780,32779,-9999,11061,16591,-5530,51880,53807,-1927
2022-04-22,18421,4695,13726,22650,30647,-7997,11005,16881,-5876,52076,52223,-147
2022-04-25,18964,5053,13911,20744,29440,-8696,10986,17758,-6772,50694,52251,-1557
2022-04-26,19279,5053,14226,20729,30440,-9711,10740,18022,-7282,50748,53515,-2767
2022-04-27,19715,5132,14583,22046,34990,-12944,10917,18932,-8015,52678,59054,-6376
2022-04-28,19965,5832,14133,23534,35266,-11732,10985,18919,-7934,54484,60017,-5533
2022-04-29,19818,7095,12723,24763,30437,-5674,11116,18895,-7779,55697,56427,-730
2022-05-03,20660,6333,14327,21658,31534,-9876,11616,19118,-7502,53934,56985,-3051
2022-05-04,20701,6354,14347,23681,32547,-8866,11708,19057,-7349,56090,57958,-1868
2022-05-05,20909,6100,14809,24616,34590,-9974,11999,18601,-6602,57524,59291,-1767
2022-05-06,21427,7085,14342,27116,36891,-9775,11961,19313,-7352,60504,63289,-2785
2022-05-09,21934,7631,14303,28651,36816,-8165,11704,20349,-8645,62289,64796,-2507
2022-05-10,22999,7100,15899,26968,39854,-12886,11448,20947,-9499,61415,67901,-6486
2022-05-11,21970,6111,15859,28866,38024,-9158,11447,21250,-9803,62283,65385,-3102
2022-05-12,22213,7026,15187,32359,38998,-6639,11200,22259,-11059,65772,68283,-2511
2022-05-13,22361,7978,14383,34081,39600,-5519,11410,21732,-10322,67852,69310,-1458
2022-05-16,21929,9293,12636,34984,37524,-2540,11463,21493,-10030,68376,68310,66
2022-05-17,20448,8912,11536,36090,35999,91,11507,21201,-9694,68045,66112,1933
2022-05-18,18986,6390,12596,30391,28690,1701,11713,20776,-9063,61090,55856,5234
2022-05-19,18566,6608,11958,29756,29356,400,11648,21254,-9606,59970,57218,2752
2022-05-20,18043,7516,10527,33247,27654,5593,11636,20973,-9337,62926,56143,6783
2022-05-23,17897,7170,10727,32239,28191,4048,11527,20900,-9373,61663,56261,5402
2022-05-24,17809,7962,9847,33493,28469,5024,11430,21525,-10095,62732,57956,4776
2022-05-25,17884,7805,10079,38931,33532,5399,11225,21472,-10247,68040,62809,5231
2022-05-26,17861,7942,9919,39883,35355,4528,11194,21752,-10558,68938,65049,3889
2022-05-27,17666,8618,9048,43761,34549,9212,11229,21293,-10064,72656,64460,8196
2022-05-30,17670,7894,9776,44151,37159,6992,11471,19919,-8448,73292,64972,8320
2022-05-31,17036,9019,8017,49636,41645,7991,13756,19193,-5437,80428,69857,10571
2022-06-01,17316,7888,9428,52296,44862,7434,13846,19065,-5219,83458,71815,11643
2022-06-02,17204,7832,9372,54068,43811,10257,13845,19347,-5502,85117,70990,14127
2022-06-06,17614,7452,10162,51283,42755,8528,13839,19199,-5360,82736,69406,13330
2022-06-07,17914,7821,10093,48010,41393,6617,13661,19432,-5771,79585,68646,10939
2022-06-08,17932,8958,8974,50195,40608,9587,13846,19399,-5553,81973,68965,13008
2022-06-09,18469,7997,10472,48164,40260,7904,13793,19414,-5621,80426,67671,12755
2022-06-10,17897,7263,10634,49924,43014,6910,13753,19745,-5992,81574,70022,11552
2022-06-13,17699,7867,9832,53813,49023,4790,12795,21215,-8420,84307,78105,6202
2022-06-14,17963,7417,10546,56809,54736,2073,12948,21599,-8651,87720,83752,3968
2022-06-15,16562,5108,11454,30638,36936,-6298,13082,21769,-8687,60282,63813,-3531
2022-06-16,16434,6306,10128,32392,38870,-6478,15670,22102,-6432,64496,67278,-2782
2022-06-17,16933,5528,11405,33773,46737,-12964,17507,22937,-5430,68213,75202,-6989
2022-06-20,17601,6016,11585,36077,50760,-14683,19103,23559,-4456,72781,80335,-7554
2022-06-21,16278,6496,9782,35068,53962,-18894,21417,22538,-1121,72763,82996,-10233
2022-06-22,15077,4953,10124,35271,51863,-16592,21942,23475,-1533,72290,80291,-8001
2022-06-23,13955,4984,8971,34235,52303,-18068,22484,23949,-1465,70674,81236,-10562
2022-06-24,12261,6374,5887,32026,50502,-18476,22976,23621,-645,67263,80497,-13234
2022-06-27,12692,6461,6231,32715,51421,-18706,24162,22488,1674,69569,80370,-10801
2022-06-28,12803,7262,5541,31049,50631,-19582,25105,22884,2221,68957,80777,-11820
2022-06-29,12507,7478,5029,29976,49996,-20020,25286,23283,2003,67769,80757,-12988
2022-06-30,12586,7547,5039,32900,50996,-18096,25100,24571,529,70586,83114,-12528
2022-07-01,11621,7373,4248,35244,50537,-15293,24963,26366,-1403,71828,84276,-12448
2022-07-04,11417,8558,2859,35392,48732,-13340,24874,25704,-830,71683,82994,-11311
2022-07-05,11928,9078,2850,34018,48379,-14361,22172,24339,-2167,68118,81796,-13678
2022-07-06,11470,9227,2243,34478,43072,-8594,19003,24210,-5207,64951,76509,-11558
2022-07-07,11825,9027,2798,32959,39507,-6548,17058,22226,-5168,61842,70760,-8918
2022-07-08,11727,10891,836,33620,33777,-157,16024,20511,-4487,61371,65179,-3808
2022-07-11,11702,11239,463,32806,30072,2734,14466,19944,-5478,58974,61255,-2281
2022-07-12,12159,11929,230,36479,28945,7534,13682,21308,-7626,62320,62182,138
2022-07-13,12282,10160,2122,33858,30385,3473,14197,20587,-6390,60337,61132,-795
2022-07-14,11631,9112,2519,31902,32359,-457,14342,19810,-5468,57875,61281,-3406
2022-07-15,12222,9410,2812,29931,30499,-568,13025,18725,-5700,55178,58634,-3456
2022-07-18,14208,10743,3465,33424,32650,774,13229,18067,-4838,60861,61460,-599
2022-07-19,11757,10220,1537,33127,29575,3552,13038,18043,-5005,57922,57838,84
2022-07-20,9165,9164,1,25927,20700,5227,12883,17792,-4909,47975,47656,319
2022-07-21,9971,9020,951,27108,20349,6759,12901,17362,-4461,49980,46731,3249
2022-07-22,9773,8886,887,27379,18704,8675,12506,17282,-4776,49658,44872,4786
2022-07-25,9457,9573,-116,28573,18054,10519,12753,16452,-3699,50783,44079,6704
2022-07-26,9116,10012,-896,27692,18338,9354,12655,16708,-4053,49463,45058,4405
2022-07-27,9220,9821,-601,27439,18691,8748,12707,16594,-3887,49366,45106,4260
2022-07-28,9037,9200,-163,28732,18625,10107,12839,16487,-3648,50608,44312,6296
2022-07-29,9043,9208,-165,29895,20927,8968,12880,16175,-3295,51818,46310,5508
2022-08-01,9085,9011,74,31576,22079,9497,11872,16176,-4304,52533,47266,5267
2022-08-02,8365,9686,-1321,33616,21899,11717,11343,16235,-4892,53324,47820,5504
2022-08-03,8282,9209,-927,32444,20674,11770,11173,16200,-5027,51899,46083,5816
2022-08-04,9641,10309,-668,35882,23681,12201,11010,16203,-5193,56533,50193,6340
2022-08-05,10145,10325,-180,38090,26228,11862,10546,15347,-4801,58781,51900,6881
2022-08-08,10362,9497,865,32465,25787,6678,10525,15351,-4826,53352,50635,2717
2022-08-09,10439,10608,-169,35886,26027,9859,10423,15342,-4919,56748,51977,4771
2022-08-10,10078,9873,205,33286,27592,5694,10354,15629,-5275,53718,53094,624
2022-08-11,10888,10173,715,35954,24388,11566,10352,15081,-4729,57194,49642,7552
2022-08-12,11255,10458,797,34794,25363,9431,10190,14810,-4620,56239,50631,5608
2022-08-15,11504,10777,727,40956,31347,9609,8652,14544,-5892,61112,56668,4444
2022-08-16,10473,10940,-467,39606,29734,9872,9260,14530,-5270,59339,55204,4135
2022-08-17,8345,9484,-1139,31406,21184,10222,9294,14527,-5233,49045,45195,3850
2022-08-18,8496,9548,-1052,30912,22265,8647,9204,14632,-5428,48612,46445,2167
2022-08-19,8541,10146,-1605,30886,20798,10088,9202,14629,-5427,48629,45573,3056
2022-08-22,8573,11046,-2473,29468,22026,7442,8813,14908,-6095,46854,47980,-1126
2022-08-23,9131,10943,-1812,27171,22789,4382,8819,15250,-6431,45121,48982,-3861
2022-08-24,8230,10938,-2708,27214,20245,6969,8676,15553,-6877,44120,46736,-2616
2022-08-25,8490,10749,-2259,27675,22520,5155,8458,15334,-6876,44623,48603,-3980
2022-08-26,8537,11360,-2823,26120,19616,6504,8193,15173,-6980,42850,46149,-3299
2022-08-29,8983,9834,-851,25594,17439,8155,8118,16295,-8177,42695,43568,-873
2022-08-30,9361,11288,-1927,28382,16822,11560,7985,16128,-8143,45728,44238,1490
2022-08-31,9106,12079,-2973,38765,25524,13241,7973,15798,-7825,55844,53401,2443
2022-09-01,10362,9935,427,35931,29872,6059,8148,16590,-8442,54441,56397,-1956
2022-09-02,10832,9620,1212,33405,29747,3658,8194,16947,-8753,52431,56314,-3883
2022-09-05,10454,10792,-338,32769,25381,7388,8256,16946,-8690,51479,53119,-1640
2022-09-06,10511,10895,-384,32827,26464,6363,8242,17079,-8837,51580,54438,-2858
2022-09-07,10630,9878,752,29406,27929,1477,8347,17739,-9392,48383,55546,-7163
2022-09-08,11202,11071,131,28748,23583,5165,8290,17151,-8861,48240,51805,-3565
2022-09-12,10453,11916,-1463,29802,21514,8288,8349,16379,-8030,48604,49809,-1205
2022-09-13,10024,12374,-2350,31653,20676,10977,8273,16165,-7892,49950,49215,735
2022-09-14,9550,10210,-660,30391,21406,8985,8409,16859,-8450,48350,48475,-125
2022-09-15,10270,10546,-276,33036,20807,12229,8451,16756,-8305,51757,48109,3648
2022-09-16,11145,10763,382,33404,22048,11356,8279,17087,-8808,52828,49898,2930
2022-09-19,11206,10935,271,37347,28642,8705,8267,17206,-8939,56820,56783,37
2022-09-20,10695,11241,-546,38359,25236,13123,8302,17064,-8762,57356,53541,3815
2022-09-21,10351,6128,4223,28809,21226,7583,8353,16870,-8517,47513,44224,3289
2022-09-22,12304,6618,5686,28046,21863,6183,8592,17455,-8863,48942,45936,3006
2022-09-23,12267,6926,5341,27550,22889,4661,8663,17583,-8920,48480,47398,1082
2022-09-26,12443,6776,5667,26475,26338,137,8801,18249,-9448,47719,51363,-3644
2022-09-27,12866,6810,6056,25304,25905,-601,8932,18266,-9334,47102,50981,-3879
2022-09-28,13227,7775,5452,26407,25031,1376,9162,19085,-9923,48796,51891,-3095
2022-09-29,13710,8625,5085,24679,25040,-361,9208,18931,-9723,47597,52596,-4999
2022-09-30,13652,8386,5266,24895,26723,-1828,9417,18684,-9267,47964,53793,-5829
2022-10-03,14063,9148,4915,24598,26173,-1575,9548,19114,-9566,48209,54435,-6226
2022-10-04,14682,9166,5516,26749,29451,-2702,9772,18106,-8334,51203,56723,-5520
2022-10-05,13923,7722,6201,32264,24115,8149,10060,17432,-7372,56247,49269,6978
2022-10-06,14324,7193,7131,28970,26249,2721,9803,17265,-7462,53097,50707,2390
2022-10-07,12936,7467,5469,27855,26071,1784,10105,17255,-7150,50896,50793,103
2022-10-11,13570,7990,5580,30036,26049,3987,10172,19208,-9036,53778,53247,531
2022-10-12,12919,7946,4973,27473,25186,2287,10043,19310,-9267,50435,52442,-2007
2022-10-13,12482,8780,3702,32098,22812,9286,10037,19659,-9622,54617,51251,3366
2022-10-14,13170,8531,4639,30340,23946,6394,10363,18656,-8293,53873,51133,2740
2022-10-17,14527,9419,5108,32001,29756,2245,11270,18705,-7435,57798,57880,-82
2022-10-18,14673,11045,3628,34297,28671,5626,8461,17931,-9470,57431,57647,-216
2022-10-19,12310,6925,5385,26340,21580,4760,8663,18123,-9460,47313,46628,685
2022-10-20,12169,7749,4420,27314,19649,7665,8630,18517,-9887,48113,45915,2198
2022-10-21,12387,8086,4301,30254,18489,11765,8324,18792,-10468,50965,45367,5598
2022-10-24,10891,8581,2310,29813,21366,8447,8421,18296,-9875,49125,48243,882
2022-10-25,9466,8238,1228,31980,23054,8926,8258,18901,-10643,49704,50193,-489
2022-10-26,7945,8307,-362,36394,21218,15176,8289,18219,-9930,52628,47744,4884
2022-10-27,8243,7423,820,35457,25166,10291,8409,17612,-9203,52109,50201,1908
2022-10-28,8770,7523,1247,32886,26233,6653,8374,18109,-9735,50030,51865,-1835
2022-10-31,9146,7641,1505,33858,24989,8869,8473,17642,-9169,51477,50272,1205
2022-11-01,8839,7432,1407,34117,27940,6177,8442,17352,-8910,51398,52724,-1326
2022-11-02,8752,7800,952,34234,26900,7334,8535,16868,-8333,51521,51568,-47
2022-11-03,9182,7674,1508,31746,25712,6034,8610,17095,-8485,49538,50481,-943
2022-11-04,9009,7760,1249,33097,27509,5588,8664,16839,-8175,50770,52108,-1338
2022-11-07,9712,7340,2372,33282,28807,4475,9000,16334,-7334,51994,52481,-487
2022-11-08,9191,8368,823,34261,29679,4582,9180,16023,-6843,52632,54070,-1438
2022-11-09,8657,7712,945,38455,29449,9006,9289,15360,-6071,56401,52521,3880
2022-11-10,8666,6058,2608,31572,31850,-278,10230,16061,-5831,50468,53969,-3501
2022-11-11,7813,7815,-2,42293,33382,8911,11216,15197,-3981,61322,56394,4928
2022-11-14,8317,6995,1322,44111,39306,4805,12528,16311,-3783,64956,62612,2344
2022-11-15,11896,6574,5322,48987,46981,2006,13295,17446,-4151,74178,71001,3177
2022-11-16,7437,5555,1882,35517,26378,9139,13004,18611,-5607,55958,50544,5414
2022-11-17,7667,6105,1562,34776,26898,7878,13131,18805,-5674,55574,51808,3766
2022-11-18,7496,6770,726,37504,24913,12591,12952,18556,-5604,57952,50239,7713
2022-11-21,7493,7079,414,37293,25868,11425,13364,18803,-5439,58150,51750,6400
2022-11-22,7337,6911,426,37285,26545,10740,13773,18637,-4864,58395,52093,6302
2022-11-23,7862,6285,1577,37995,26465,11530,13820,18360,-4540,59677,51110,8567
2022-11-24,8575,6495,2080,38327,30936,7391,14648,17820,-3172,61550,55251,6299
2022-11-25,9394,7642,1752,37027,32277,4750,15225,17938,-2713,61646,57857,3789
2022-11-28,9363,6822,2541,38619,29407,9212,14489,18662,-4173,62471,54891,7580
2022-11-29,8688,7292,1396,39548,28358,11190,14420,18392,-3972,62656,54042,8614
2022-11-30,8597,7538,1059,44745,31936,12809,14683,18379,-3696,68025,57853,10172
2022-12-01,10901,7452,3449,38559,35661,2898,15955,18488,-2533,65415,61601,3814
2022-12-02,11502,7349,4153,40205,39150,1055,16231,19357,-3126,67938,65856,2082
2022-12-05,11728,7424,4304,41918,38312,3606,16502,20389,-3887,70148,66125,4023
2022-12-06,11553,7710,3843,39946,37824,2122,16500,21005,-4505,67999,66539,1460
2022-12-07,9786,7528,2258,41954,34820,7134,16566,21751,-5185,68306,64099,4207
2022-12-08,10129,7420,2709,40849,34519,6330,16450,22165,-5715,67428,64104,3324
2022-12-09,9436,7921,1515,38989,29985,9004,16655,21781,-5126,65080,59687,5393
2022-12-12,9612,7640,1972,40177,30719,9458,16765,22011,-5246,66554,60370,6184
2022-12-13,10665,7647,3018,37356,31950,5406,16884,22246,-5362,64905,61843,3062
2022-12-14,11067,8658,2409,38569,33769,4800,17775,22238,-4463,67411,64665,2746
2022-12-15,11271,7864,3407,38709,33137,5572,18146,21881,-3735,68126,62882,5244
2022-12-16,12655,7985,4670,38473,31716,6757,17591,23044,-5453,68719,62745,5974
2022-12-19,12549,7734,4815,40149,30111,10038,17258,23194,-5936,69956,61039,8917
2022-12-20,12960,8023,4937,42109,31379,10730,16981,24179,-7198,72050,63581,8469
2022-12-21,8646,4726,3920,35803,22172,13631,16634,24163,-7529,61083,51061,10022
2022-12-22,9641,4915,4726,37016,21722,15294,16647,23894,-7247,63304,50531,12773
2022-12-23,10990,5523,5467,34602,21175,13427,15769,23979,-8210,61361,50677,10684
2022-12-26,11402,5884,5518,35436,20864,14572,15670,24054,-8384,62508,50802,11706
2022-12-27,11519,6129,5390,35251,20552,14699,15999,23942,-7943,62769,50623,12146
2022-12-28,12056,5791,6265,34366,20208,14158,15704,24724,-9020,62126,50723,11403
2022-12-29,12021,5610,6411,33528,19346,14182,14844,24880,-10036,60393,49836,10557
2022-12-30,11596,5816,5780,35848,16627,19221,14389,24603,-10214,61833,47046,14787
2023-01-03,11665,5507,6158,33550,17606,15944,12524,23346,-10822,57739,46459,11280
2023-01-04,12014,5623,6391,30529,16441,14088,11178,21415,-10237,53721,43479,10242
2023-01-05,12952,5493,7459,32446,15952,16494,10442,20659,-10217,55840,42104,13736
2023-01-06,12650,6159,6491,33476,19122,14354,10408,19837,-9429,56534,45118,11416
2023-01-09,12755,5378,7377,34449,21934,12515,10500,18372,-7872,57704,45684,12020
2023-01-10,13288,5569,7719,30759,21522,9237,10885,18156,-7271,54932,45247,9685
2023-01-11,13378,5292,8086,27864,22864,5000,10862,18208,-7346,52104,46364,5740
2023-01-12,14205,6081,8124,27066,21361,5705,10875,18072,-7197,52146,45514,6632
2023-01-13,12910,6373,6537,33712,22023,11689,10608,17929,-7321,57230,46325,10905
2023-01-16,14765,7852,6913,35414,25998,9416,10765,17769,-7004,60944,51619,9325
2023-01-17,14748,7881,6867,36144,26797,9347,9958,17629,-7671,60850,52307,8543
2023-01-30,10822,5797,5025,32100,24001,8099,10112,15995,-5883,53034,45793,7241
2023-01-31,11465,6334,5131,30176,27587,2589,9915,16401,-6486,51556,50322,1234
2023-02-01,12028,6349,5679,29376,25142,4234,9740,16291,-6551,51144,47782,3362
2023-02-02,12701,6669,6032,32174,23765,8409,10176,16036,-5860,55051,46470,8581
2023-02-03,12478,7139,5339,31862,22535,9327,10046,16036,-5990,54386,45710,8676
2023-02-06,13112,7572,5540,31697,23782,7915,9999,16419,-6420,54808,47773,7035
2023-02-07,13039,7068,5971,30821,23740,7081,10009,16484,-6475,53869,47292,6577
2023-02-08,13010,7310,5700,35524,23758,11766,9852,16156,-6304,58386,47224,11162
2023-02-09,12949,6542,6407,33689,22939,10750,9547,16218,-6671,56185,45699,10486
2023-02-10,11917,5885,6032,36697,25015,11682,9430,16339,-6909,58044,47239,10805
2023-02-13,13095,6354,6741,38432,26168,12264,9247,16654,-7407,60774,49176,11598
2023-02-14,13091,8438,4653,32401,20022,12379,9356,16617,-7261,54848,45077,9771
2023-02-15,12566,6014,6552,25796,17485,8311,8903,16939,-8036,47265,40438,6827
2023-02-16,12447,7062,5385,31217,15281,15936,8774,16513,-7739,52438,38856,13582
2023-02-17,12280,6940,5340,30866,13376,17490,7890,16506,-8616,51036,36822,14214
2023-02-20,13042,7304,5738,31568,13745,17823,7795,16345,-8550,52405,37394,15011
2023-02-21,13621,7056,6565,30623,13685,16938,7818,16344,-8526,52062,37085,14977
2023-02-22,13885,8294,5591,32001,12665,19336,7755,16324,-8569,53641,37283,16358
2023-02-23,15000,9385,5615,33048,14295,18753,7759,16001,-8242,55807,39681,16126
2023-02-24,14979,8784,6195,30256,14650,15606,7532,16169,-8637,52767,39603,13164
2023-03-01,15868,7129,8739,29309,14477,14832,7555,16194,-8639,52732,37800,14932
2023-03-02,15933,7634,8299,30619,14533,16086,7518,16247,-8729,54070,38414,15656
2023-03-03,15988,8712,7276,31021,16588,14433,7512,16080,-8568,54521,41380,13141
2023-03-06,16286,8680,7606,29428,16977,12451,7563,15726,-8163,53277,41383,11894
2023-03-07,16412,9886,6526,31724,16374,15350,7257,15512,-8255,55393,41772,13621
2023-03-08,16097,7526,8571,27260,16701,10559,7233,15628,-8395,50590,39855,10735
2023-03-09,16471,7739,8732,28786,18567,10219,7228,15630,-8402,52485,41936,10549
2023-03-10,18383,9078,9305,27581,21380,6201,7283,16642,-9359,53247,47100,6147
2023-03-13,15404,7210,8194,29995,19225,10770,7376,16132,-8756,52775,42567,10208
2023-03-14,18050,8082,9968,25700,18104,7596,7499,16868,-9369,51249,43054,8195
2023-03-15,14118,6296,7822,23614,16678,6936,9114,16785,-7671,46846,39759,7087
2023-03-16,14448,6667,7781,22232,16849,5383,9293,16984,-7691,45973,40500,5473
2023-03-17,14088,6334,7754,26170,15498,10672,9402,16582,-7180,49660,38414,11246
2023-03-20,15254,6890,8364,23289,14666,8623,8871,16583,-7712,47414,38139,9275
2023-03-21,14561,6130,8431,23999,14040,9959,8891,16581,-7690,47451,36751,10700
2023-03-22,14198,6174,8024,31607,13869,17738,9440,16124,-6684,55245,36167,19078
2023-03-23,14208,5990,8218,33763,16279,17484,10118,16199,-6081,58089,38468,19621
2023-03-24,14260,6427,7833,30504,17776,12728,11138,15989,-4851,55902,40192,15710
2023-03-27,14410,5817,8593,24879,20522,4357,11568,16050,-4482,50857,42389,8468
2023-03-28,14282,6193,8089,24526,19789,4737,11837,16417,-4580,50645,42399,8246
2023-03-29,13861,5864,7997,26754,19115,7639,11789,16419,-4630,52404,41398,11006
2023-03-30,13778,5523,8255,27736,18106,9630,10896,16142,-5246,52410,39771,12639
2023-03-31,14190,5626,8564,26560,20191,6369,10712,16230,-5518,51462,42047,9415
2023-04-06,13715,5912,7803,29682,19470,10212,10402,16445,-6043,53799,41827,11972
2023-04-07,13795,5801,7994,29501,19590,9911,10407,16336,-5929,53703,41727,11976
2023-04-10,14118,5579,8539,30955,20011,10944,10459,16334,-5875,55532,41924,13608
2023-04-11,13543,6725,6818,31775,20059,11716,9688,15872,-6184,55006,42656,12350
2023-04-12,14295,5681,8614,30096,19670,10426,9248,15880,-6632,53639,41231,12408
2023-04-13,14540,5635,8905,30553,20051,10502,8967,16181,-7214,54060,41867,12193
2023-04-14,13553,6478,7075,37144,22961,14183,8997,15858,-6861,59694,45297,14397
2023-04-17,15372,5789,9583,35961,24724,11237,8457,15864,-7407,59790,46377,13413
2023-04-18,14820,6557,8263,34973,25483,9490,8426,16016,-7590,58219,48056,10163
2023-04-19,11775,5813,5962,29081,20373,8708,8652,16214,-7562,49508,42400,7108
2023-04-20,11469,6475,4994,30643,17943,12700,8638,16329,-7691,50750,40747,10003
2023-04-21,12070,6481,5589,32933,19099,13834,8676,16667,-7991,53679,42247,11432
2023-04-24,12377,7305,5072,34800,19123,15677,8725,16672,-7947,55902,43100,12802
2023-04-25,12717,6801,5916,31925,25354,6571,9073,17172,-8099,53715,49327,4388
2023-04-26,12491,6981,5510,32411,26846,5565,9072,17213,-8141,53974,51040,2934
2023-04-27,12233,6718,5515,32605,23352,9253,9227,17290,-8063,54065,47360,6705
2023-04-28,12261,7032,5229,34486,21733,12753,9239,16852,-7613,55986,45617,10369
2023-05-02,13239,8447,4792,35080,20979,14101,9205,16742,-7537,57524,46168,11356
2023-05-03,12636,7621,5015,34363,20673,13690,9212,16932,-7720,56211,45226,10985
2023-05-04,12397,7485,4912,35665,17252,18413,9246,16868,-7622,57308,41605,15703
2023-05-05,12398,7785,4613,35037,17281,17756,9389,16594,-7205,56824,41660,15164
2023-05-08,12259,7576,4683,33166,17358,15808,9411,16421,-7010,54836,41355,13481
2023-05-09,12131,7774,4357,33775,16841,16934,9671,16421,-6750,55577,41036,14541
2023-05-10,13418,6767,6651,26574,20264,6310,9700,16588,-6888,49692,43619,6073
2023-05-11,12710,7840,4870,28158,21971,6187,9681,16650,-6969,50549,46461,4088
2023-05-12,12711,7786,4925,29196,22511,6685,9696,16651,-6955,51603,46948,4655
2023-05-15,13561,11686,1875,39060,27176,11884,9753,16660,-6907,62374,55522,6852
2023-05-16,11213,13167,-1954,42853,17625,25228,9371,16201,-6830,63437,46993,16444
2023-05-17,3519,13795,-10276,48484,16195,32289,9370,15915,-6545,61373,45905,15468
2023-05-18,3860,14612,-10752,50176,17958,32218,9229,15743,-6514,63265,48313,14952
2023-05-19,3613,15442,-11829,50066,18737,31329,9042,15612,-6570,62721,49791,12930
2023-05-22,3455,16000,-12545,50366,19551,30815,9338,15612,-6274,63159,51163,11996
2023-05-23,3370,17141,-13771,52551,22279,30272,9582,15612,-6030,65503,55032,10471
2023-05-24,3255,16422,-13167,53476,24599,28877,9655,15695,-6040,66386,56716,9670
2023-05-25,3562,17593,-14031,54672,24504,30168,9438,15476,-6038,67672,57573,10099
2023-05-26,3754,17669,-13915,56225,22616,33609,9425,15022,-5597,69404,55307,14097
2023-05-29,3739,15226,-11487,54744,26555,28189,9414,14560,-5146,67897,56341,11556
2023-05-30,3616,16175,-12559,56263,27185,29078,9404,14526,-5122,69283,57886,11397
2023-05-31,3558,14990,-11432,56250,30581,25669,9536,14503,-4967,69344,60074,9270
2023-06-01,3893,14675,-10782,55829,31308,24521,9674,14509,-4835,69396,60492,8904
2023-06-02,4117,14437,-10320,57680,33320,24360,9867,14030,-4163,71664,61787,9877
2023-06-05,3818,13952,-10134,54879,32693,22186,9655,13920,-4265,68352,60565,7787
2023-06-06,4107,14926,-10819,55164,32012,23152,9367,13918,-4551,68638,60856,7782
2023-06-07,4188,13579,-9391,57712,33712,24000,9489,13406,-3917,71389,60697,10692
2023-06-08,3908,13208,-9300,55798,33338,22460,9330,13732,-4402,69036,60278,8758
2023-06-09,4230,13738,-9508,54488,33711,20777,9161,13520,-4359,67879,60969,6910
2023-06-12,4543,13586,-9043,54094,33446,20648,9367,13358,-3991,68004,60390,7614
2023-06-13,5837,14531,-8694,56368,36833,19535,9361,12818,-3457,71566,64182,7384
2023-06-14,5646,14059,-8413,52215,36962,15253,9796,12623,-2827,67657,63644,4013
2023-06-15,6190,15009,-8819,53269,34989,18280,9714,12605,-2891,69173,62603,6570
2023-06-16,6640,15306,-8666,54527,38763,15764,9891,12548,-2657,71058,66617,4441
2023-06-19,6548,15192,-8644,57231,40250,16981,10864,12566,-1702,74643,68008,6635
2023-06-20,7055,16559,-9504,59108,44036,15072,11004,12749,-1745,77167,73344,3823
2023-06-21,2563,13923,-11360,45277,30871,14406,10875,12641,-1766,58715,57435,1280
2023-06-26,2868,14959,-12091,46238,33543,12695,11324,12858,-1534,60430,61360,-930
2023-06-27,3274,15459,-12185,43712,33533,10179,11379,12956,-1577,58365,61948,-3583
2023-06-28,3292,15065,-11773,42805,34903,7902,12055,12769,-714,58152,62737,-4585
2023-06-29,4045,14636,-10591,39622,37430,2192,13341,12775,566,57008,64841,-7833
2023-06-30,4161,14295,-10134,38218,35585,2633,13290,12772,518,55669,62652,-6983
2023-07-03,5159,14526,-9367,40290,36823,3467,14639,12191,2448,60088,63540,-3452
2023-07-04,5357,14699,-9342,40757,35645,5112,15276,12086,3190,61390,62430,-1040
2023-07-05,5189,14591,-9402,37880,37491,389,15347,12196,3151,58416,64278,-5862
2023-07-06,5503,14341,-8838,34953,36691,-1738,15534,12695,2839,55990,63727,-7737
2023-07-07,5514,12724,-7210,34854,35098,-244,15653,12822,2831,56021,60644,-4623
2023-07-10,5359,12937,-7578,34632,32413,2219,15976,12910,3066,55967,58260,-2293
2023-07-11,4982,12881,-7899,37285,33081,4204,16181,12481,3700,58448,58443,5
2023-07-12,5936,12735,-6799,34858,34705,153,16631,12374,4257,57425,59814,-2389
2023-07-13,5230,12987,-7757,36509,36061,448,17065,12106,4959,58804,61154,-2350
2023-07-14,5161,13385,-8224,39554,38469,1085,17134,11782,5352,61849,63636,-1787
2023-07-17,6479,13523,-7044,40262,37833,2429,13117,11783,1334,59858,63139,-3281
2023-07-18,6505,13960,-7455,34743,31908,2835,12969,11853,1116,54217,57721,-3504
2023-07-19,2508,10878,-8370,31962,28832,3130,12989,11967,1022,47459,51677,-4218
2023-07-20,2823,11511,-8688,35567,30095,5472,12684,12062,622,51074,53668,-2594
2023-07-21,3672,10885,-7213,34314,33779,535,12724,12215,509,50710,56879,-6169
2023-07-24,3255,10745,-7490,36001,31721,4280,12692,12213,479,51948,54679,-2731
2023-07-25,4187,11058,-6871,38101,33168,4933,12756,11677,1079,55044,55903,-859
2023-07-26,4185,10497,-6312,35531,33912,1619,12454,11786,668,52170,56195,-4025
2023-07-27,5251,10415,-5164,34543,32349,2194,12480,11599,881,52274,54363,-2089
2023-07-28,5234,9821,-4587,34577,33542,1035,12150,11598,552,51961,54961,-3000
2023-07-31,5406,10597,-5191,32055,35841,-3786,11724,11704,20,49185,58142,-8957
2023-08-01,5091,10419,-5328,32670,32344,326,11488,11605,-117,49249,54368,-5119
2023-08-02,5782,11368,-5586,29816,35143,-5327,11646,12005,-359,47244,58516,-11272
2023-08-04,5868,10810,-4942,32140,33524,-1384,11866,12104,-238,49874,56438,-6564
2023-08-07,4722,10310,-5588,33501,31511,1990,11971,11721,250,50194,53542,-3348
2023-08-08,5591,10125,-4534,30522,30889,-367,12222,11725,497,48335,52739,-4404
2023-08-09,4259,9582,-5323,30897,29000,1897,12304,11738,566,47460,50320,-2860
2023-08-10,5473,8938,-3465,25413,29287,-3874,12832,12070,762,43718,50295,-6577
2023-08-11,4838,9711,-4873,26627,27742,-1115,12891,12169,722,44356,49622,-5266
2023-08-14,8245,10114,-1869,22520,33728,-11208,13375,12341,1034,44140,56183,-12043
2023-08-15,4916,9958,-5042,24599,28181,-3582,11978,12237,-259,41493,50376,-8883
2023-08-16,4133,8447,-4314,20187,22557,-2370,12296,12246,50,36616,43250,-6634
2023-08-17,4859,8507,-3648,24315,23369,946,12521,12234,287,41695,44110,-2415
2023-08-18,4898,8655,-3757,23770,24544,-774,12490,12362,128,41158,45561,-4403
2023-08-21,4692,9164,-4472,21534,27621,-6087,12574,12363,211,38800,49148,-10348
2023-08-22,4907,9212,-4305,21044,26120,-5076,12549,12354,195,38500,47686,-9186
2023-08-23,4641,9746,-5105,22951,25957,-3006,12564,12024,540,40156,47727,-7571
2023-08-24,4767,9211,-4444,21831,23469,-1638,12877,11599,1278,39475,44279,-4804
2023-08-25,5935,9257,-3322,16965,28801,-11836,13682,12238,1444,36582,50296,-13714
2023-08-29,4277,7946,-3669,20580,25436,-4856,13875,11919,1956,38732,45301,-6569
2023-08-30,4586,7641,-3055,19316,26010,-6694,13120,11491,1629,37022,45142,-8120
2023-08-31,5782,7535,-1753,17908,26359,-8451,12604,11651,953,36294,45545,-9251
2023-09-01,4271,7249,-2978,20616,26722,-6106,12609,11649,960,37496,45620,-8124
2023-09-04,5111,7695,-2584,22171,25661,-3490,12653,11435,1218,39935,44791,-4856
2023-09-05,6274,7567,-1293,19662,25892,-6230,12568,11430,1138,38504,44889,-6385
2023-09-06,5879,7620,-1741,20040,25172,-5132,12458,11436,1022,38377,44228,-5851
2023-09-07,6050,7907,-1857,21270,24380,-3110,12498,11709,789,39818,43996,-4178
2023-09-08,5823,8249,-2426,22299,26186,-3887,12891,11718,1173,41013,46153,-5140
2023-09-11,5769,8014,-2245,21306,27907,-6601,13386,11986,1400,40461,47907,-7446
2023-09-12,4220,7953,-3733,24702,25825,-1123,13356,11718,1638,42278,45496,-3218
2023-09-13,4650,7804,-3154,24905,25572,-667,13789,11706,2083,43344,45082,-1738
2023-09-14,4189,8163,-3974,31689,29753,1936,13859,11300,2559,49737,49216,521
2023-09-15,5775,7926,-2151,29206,30675,-1469,13140,11191,1949,48121,49792,-1671
2023-09-18,8393,8903,-510,26792,33603,-6811,13804,11460,2344,48989,53966,-4977
2023-09-19,8770,8895,-125,25366,33765,-8399,13581,11572,2009,47717,54232,-6515
2023-09-20,3048,4514,-1466,22161,28326,-6165,13857,11623,2234,39066,44463,-5397
2023-09-21,4592,5434,-842,22686,35889,-13203,14288,11645,2643,41566,52968,-11402
2023-09-22,4940,5748,-808,21558,32171,-10613,14478,11644,2834,40976,49563,-8587
2023-09-25,3934,6009,-2075,22773,27810,-5037,14560,11365,3195,41267,45184,-3917
2023-09-26,4925,5339,-414,21111,27227,-6116,14413,11639,2774,40449,44205,-3756
2023-09-27,5193,5497,-304,19878,28127,-8249,14430,11647,2783,39501,45271,-5770
2023-09-28,5517,5345,172,18970,29054,-10084,14421,11409,3012,38908,45808,-6900
2023-10-02,5323,6281,-958,21184,28196,-7012,14626,11071,3555,41133,45548,-4415
2023-10-03,6452,5685,767,19886,29723,-9837,14571,11236,3335,40909,46644,-5735
2023-10-04,5810,6124,-314,22047,30518,-8471,14461,11572,2889,42318,48214,-5896
2023-10-05,5789,6822,-1033,25429,28023,-2594,14531,11362,3169,45749,46207,-458
2023-10-06,5970,6885,-915,24742,28800,-4058,14470,11131,3339,45182,46816,-1634
2023-10-11,5599,5968,-369,25556,29588,-4032,14645,10856,3789,45800,46412,-612
2023-10-12,6061,6727,-666,31391,32268,-877,14449,10635,3814,51901,49630,2271
2023-10-13,6723,6075,648,32482,32950,-468,14462,10744,3718,53667,49769,3898
2023-10-16,8056,7533,523,31454,32874,-1420,14137,10919,3218,53647,51326,2321
2023-10-17,6050,7025,-975,30089,31315,-1226,14384,11032,3352,50523,49372,1151
2023-10-18,3490,5104,-1614,23137,31303,-8166,12699,11322,1377,39326,47729,-8403
2023-10-19,3431,5810,-2379,23404,28710,-5306,12929,11323,1606,39764,45843,-6079
2023-10-20,4818,7301,-2483,22875,27454,-4579,13176,11329,1847,40869,46084,-5215
2023-10-23,5554,7885,-2331,23304,33783,-10479,13368,11479,1889,42226,53147,-10921
2023-10-24,5741,8142,-2401,22825,34722,-11897,13765,11371,2394,42331,54235,-11904
2023-10-25,5769,8283,-2514,22014,30191,-8177,13844,11250,2594,41627,49724,-8097
2023-10-26,6249,8204,-1955,23165,35549,-12384,13760,11576,2184,43174,55329,-12155
2023-10-27,5116,6840,-1724,21160,30302,-9142,13814,11471,2343,40090,48613,-8523
2023-10-30,5782,7086,-1304,20899,33382,-12483,13845,11459,2386,40526,51927,-11401
2023-10-31,6121,6758,-637,22035,37332,-15297,13853,11745,2108,42009,55835,-13826
2023-11-01,5697,6725,-1028,22643,36039,-13396,14326,11434,2892,42666,54198,-11532
2023-11-02,6640,8886,-2246,27055,30959,-3904,14555,10934,3621,48250,50779,-2529
2023-11-03,6831,9516,-2685,28107,27445,662,14624,10658,3966,49562,47619,1943
2023-11-06,6737,10426,-3689,32334,26662,5672,15628,10632,4996,54699,47720,6979
2023-11-07,6633,10597,-3964,35981,28039,7942,15981,10622,5359,58595,49258,9337
2023-11-08,6473,8820,-2347,36402,30934,5468,16160,10619,5541,59035,50373,8662
2023-11-09,6351,8619,-2268,39350,34265,5085,15688,10269,5419,61389,53153,8236
2023-11-10,7174,8751,-1577,41170,32449,8721,15241,10427,4814,63585,51627,11958
2023-11-13,5660,6749,-1089,38773,35641,3132,15104,10154,4950,59537,52544,6993
2023-11-14,4827,9359,-4532,42849,37611,5238,14604,10045,4559,62280,57015,5265
2023-11-15,2100,7907,-5807,37533,31943,5590,13707,9813,3894,53340,49663,3677
2023-11-16,2878,8527,-5649,38964,33495,5469,14406,9819,4587,56248,51841,4407
2023-11-17,3461,8561,-5100,41507,37610,3897,14979,9829,5150,59947,56000,3947
2023-11-20,3791,8357,-4566,43223,41346,1877,15614,9929,5685,62628,59632,2996
2023-11-21,4257,9111,-4854,46815,44365,2450,16559,9873,6686,67631,63349,4282
2023-11-22,5497,8086,-2589,42965,49313,-6348,17052,10032,7020,65514,67431,-1917
2023-11-23,5310,7904,-2594,44857,47296,-2439,17609,10030,7579,67776,65230,2546
2023-11-24,6047,7504,-1457,43674,47914,-4240,17725,10024,7701,67446,65442,2004
2023-11-27,4388,7366,-2978,44389,45745,-1356,17515,10339,7176,66292,63450,2842
2023-11-28,5187,8093,-2906,45868,46017,-149,17606,10070,7536,68661,64180,4481
2023-11-29,5772,7582,-1810,42886,47364,-4478,18100,10370,7730,66758,65316,1442
2023-11-30,5532,8101,-2569,43608,47216,-3608,19141,10340,8801,68281,65657,2624
2023-12-01,4956,7781,-2825,47034,47866,-832,19168,10338,8830,71158,65985,5173
2023-12-04,6008,7682,-1674,43522,47875,-4353,18627,10134,8493,68157,65691,2466
2023-12-05,6577,8175,-1598,42689,48595,-5906,18696,10147,8549,67962,66917,1045
2023-12-06,6344,7915,-1571,41941,48290,-6349,17804,10140,7664,66089,66345,-256
2023-12-07,6552,7421,-869,42262,49582,-7320,17723,10300,7423,66537,67303,-766
2023-12-08,6165,8473,-2308,43228,48796,-5568,18394,10490,7904,67787,67759,28
2023-12-11,6787,8014,-1227,42934,50815,-7881,18857,10238,8619,68578,69067,-489
2023-12-12,7717,8251,-534,42295,51791,-9496,18473,10232,8241,68485,70274,-1789
2023-12-13,7577,8711,-1134,41451,51610,-10159,18410,9882,8528,67438,70203,-2765
2023-12-14,10161,10745,-584,44737,54092,-9355,18413,9611,8802,73311,74448,-1137
2023-12-15,8134,9791,-1657,48603,56856,-8253,17221,9605,7616,73958,76252,-2294
2023-12-18,8471,9315,-844,47532,59632,-12100,17971,9606,8365,73974,78553,-4579
2023-12-19,9989,8030,1959,46099,63322,-17223,17658,9822,7836,73746,81174,-7428
2023-12-20,3478,4964,-1486,43429,54894,-11465,18005,10011,7994,64912,69869,-4957
2023-12-21,4606,5588,-982,42386,59949,-17563,18550,10229,8321,65542,75766,-10224
2023-12-22,4887,5791,-904,40704,56454,-15750,18763,10229,8534,64354,72474,-8120
2023-12-25,4864,5764,-900,41657,55945,-14288,18883,10113,8770,65404,71822,-6418
2023-12-26,4135,6330,-2195,44855,56750,-11895,18853,10012,8841,67843,73092,-5249
2023-12-27,4833,5799,-966,49284,61519,-12235,20133,10196,9937,74250,77514,-3264
2023-12-28,6129,6654,-525,49043,62661,-13618,21264,10996,10268,76436,80311,-3875
2023-12-29,7628,6642,986,48247,64959,-16712,21445,11255,10190,77320,82856,-5536
2024-01-02,8514,7073,1441,48357,65786,-17429,21605,11576,10029,78476,84435,-5959
2024-01-03,8386,7791,595,45453,69488,-24035,20764,11953,8811,74603,89232,-14629
2024-01-04,6904,7863,-959,44327,64797,-20470,20484,11721,8763,71715,84381,-12666
2024-01-05,8027,7841,186,44663,64345,-19682,19898,11397,8501,72588,83583,-10995
2024-01-08,7895,7476,419,47101,65892,-18791,20016,11296,8720,75012,84664,-9652
2024-01-09,7906,7382,524,45273,69533,-24260,20487,11292,9195,73666,88207,-14541
2024-01-10,7788,7873,-85,44597,69152,-24555,19390,10961,8429,71775,87986,-16211
2024-01-11,8346,7668,678,46322,71631,-25309,20183,11102,9081,74851,90401,-15550
2024-01-12,8726,7441,1285,45689,72093,-26404,19763,11259,8504,74178,90793,-16615
2024-01-15,8619,7924,695,48717,70485,-21768,18285,10825,7460,75621,89234,-13613
2024-01-16,6233,7696,-1463,48205,65453,-17248,14649,10721,3928,69087,83870,-14783
2024-01-17,4654,6395,-1741,37896,52428,-14532,13684,10854,2830,56234,69677,-13443
2024-01-18,5170,7320,-2150,35651,49301,-13650,13600,10450,3150,54421,67071,-12650
2024-01-19,5798,6762,-964,41546,44159,-2613,13515,9824,3691,60859,60745,114
2024-01-22,7277,6456,821,37860,44714,-6854,13744,9663,4081,58881,60833,-1952
2024-01-23,5599,6762,-1163,40947,42394,-1447,13655,9760,3895,60201,58916,1285
2024-01-24,4760,6775,-2015,39877,40360,-483,12987,9760,3227,57624,56895,729
2024-01-25,4939,6740,-1801,43935,40547,3388,12782,9602,3180,61656,56889,4767
2024-01-26,4702,7445,-2743,44162,39731,4431,12703,9602,3101,61567,56778,4789
2024-01-29,5511,7520,-2009,45172,41797,3375,12222,9191,3031,62905,58508,4397
2024-01-30,5261,7105,-1844,42133,41259,874,12328,9173,3155,59722,57537,2185
2024-01-31,4579,7177,-2598,40253,41779,-1526,12212,9343,2869,57044,58299,-1255
2024-02-01,4801,7298,-2497,40052,43573,-3521,12331,9339,2992,57184,60210,-3026
2024-02-02,5098,7114,-2016,38991,45127,-6136,12233,9176,3057,56322,61417,-5095
2024-02-05,5569,7144,-1575,38219,43713,-5494,12462,9169,3293,56250,60026,-3776
2024-02-15,6509,9293,-2784,44064,46717,-2653,12656,9110,3546,63229,65120,-1891
2024-02-16,6155,8341,-2186,42342,49045,-6703,12500,8510,3990,60997,65896,-4899
2024-02-19,6292,9389,-3097,47254,50725,-3471,12652,8510,4142,66198,68624,-2426
2024-02-20,4995,9205,-4210,51463,48721,2742,12616,8403,4213,69074,66329,2745
2024-02-21,1774,7797,-6023,39203,36782,2421,12662,8437,4225,53639,53016,623
2024-02-22,2756,9102,-6346,38764,35679,3085,12712,8432,4280,54232,53213,1019
2024-02-23,2824,8660,-5836,38778,34632,4146,13019,8245,4774,54621,51537,3084
2024-02-26,2820,9166,-6346,41051,34900,6151,12462,8187,4275,56333,52253,4080
2024-02-27,2924,9379,-6455,39266,35467,3799,13653,8310,5343,55843,53156,2687
2024-02-29,3159,9528,-6369,38077,34455,3622,13936,8204,5732,55172,52187,2985
2024-03-01,2870,9312,-6442,34097,35590,-1493,15550,8219,7331,52517,53121,-604
2024-03-04,3603,10205,-6602,37873,33886,3987,14951,7941,7010,56427,52032,4395
2024-03-05,4044,10093,-6049,36859,33528,3331,14518,7832,6686,55421,51453,3968
2024-03-06,4590,9646,-5056,36614,33281,3333,13962,7773,6189,55166,50700,4466
2024-03-07,5406,10763,-5357,35643,32588,3055,13647,7723,5924,54696,51074,3622
2024-03-08,6102,10316,-4214,33868,35434,-1566,12653,7811,4842,52623,53561,-938
2024-03-11,6541,10821,-4280,31415,37972,-6557,12440,7878,4562,50396,56671,-6275
2024-03-12,7399,10998,-3599,33196,41305,-8109,12261,7717,4544,52856,60020,-7164
2024-03-13,8131,10648,-2517,31577,40709,-9132,12275,7720,4555,51983,59077,-7094
2024-03-14,8500,11105,-2605,34695,43293,-8598,12126,7723,4403,55321,62121,-6800
2024-03-15,11314,12239,-925,35722,47420,-11698,11703,7884,3819,58739,67543,-8804
2024-03-18,9350,11283,-1933,36973,47377,-10404,11707,7918,3789,58030,66578,-8548
2024-03-19,8946,11019,-2073,36846,47822,-10976,12573,7774,4799,58365,66615,-8250
2024-03-20,975,7225,-6250,31381,36169,-4788,12670,7807,4863,45026,51201,-6175
2024-03-21,1773,8062,-6289,35218,31086,4132,12702,7705,4997,49693,46853,2840
2024-03-22,2358,7891,-5533,27557,32999,-5442,12852,7611,5241,42767,48501,-5734
2024-03-25,1979,8257,-6278,27927,33113,-5186,12784,7608,5176,42690,48978,-6288
2024-03-26,1977,8278,-6301,28565,35041,-6476,12406,7814,4592,42948,51133,-8185
2024-03-27,2082,9530,-7448,30377,33717,-3340,12550,7708,4842,45009,50955,-5946
2024-03-28,2494,8421,-5927,31614,37343,-5729,12578,7580,4998,46686,53344,-6658
2024-03-29,2574,9791,-7217,33086,33840,-754,13882,7563,6319,49542,51194,-1652
2024-04-01,2613,8543,-5930,31147,35470,-4323,14499,7589,6910,48259,51602,-3343
2024-04-02,3236,11858,-8622,36527,33215,3312,15403,7449,7954,55166,52522,2644
2024-04-03,2283,9055,-6772,29520,36986,-7466,15474,7744,7730,47277,53785,-6508
2024-04-08,2613,10089,-7476,30242,36096,-5854,15555,7553,8002,48410,53738,-5328
2024-04-09,3013,12271,-9258,37704,32540,5164,15608,7247,8361,56325,52058,4267
2024-04-10,2777,9991,-7214,35077,36787,-1710,15554,7248,8306,53408,54026,-618
2024-04-11,3211,9199,-5988,31607,44571,-12964,15920,7369,8551,50738,61139,-10401
2024-04-12,4275,9368,-5093,31789,43798,-12009,16074,7341,8733,52138,60507,-8369
2024-04-15,4252,8685,-4433,30125,47928,-17803,16344,7517,8827,50721,64130,-13409
2024-04-16,5707,9017,-3310,32980,51366,-18386,17167,7961,9206,55854,68344,-12490
2024-04-17,4119,6769,-2650,24880,42832,-17952,16880,7812,9068,45879,57413,-11534
2024-04-18,4825,7153,-2328,24891,39591,-14700,16823,7709,9114,46539,54453,-7914
2024-04-19,5228,6666,-1438,21289,41066,-19777,18038,8239,9799,44555,55971,-11416
2024-04-22,4297,7152,-2855,19216,35616,-16400,18246,8082,10164,41759,50850,-9091
2024-04-23,3486,8555,-5069,22071,34576,-12505,18626,7917,10709,44183,51048,-6865
2024-04-24,4259,7851,-3592,23526,36859,-13333,18865,7489,11376,46650,52199,-5549
2024-04-25,4189,7465,-3276,20704,37864,-17160,18952,7606,11346,43845,52935,-9090
2024-04-26,4127,7878,-3751,23378,37266,-13888,19549,7481,12068,47054,52625,-5571
2024-04-29,4764,8195,-3431,25304,40345,-15041,19757,7140,12617,49825,55680,-5855
2024-04-30,4528,8296,-3768,24376,38111,-13735,19742,7052,12690,48646,53459,-4813
2024-05-02,5155,8375,-3220,21007,38548,-17541,20155,7340,12815,46317,54263,-7946
2024-05-03,5671,8021,-2350,20366,39823,-19457,20371,7486,12885,46408,55330,-8922
2024-05-06,6185,8116,-1931,23474,42232,-18758,20414,7303,13111,50073,57651,-7578
2024-05-07,5676,8166,-2490,22214,41439,-19225,20529,7159,13370,48419,56764,-8345
2024-05-08,5193,9189,-3996,23782,39385,-15603,20669,7165,13504,49644,55739,-6095
2024-05-09,5428,8963,-3535,22185,39401,-17216,20580,7286,13294,48193,55650,-7457
2024-05-10,5080,9271,-4191,24387,39256,-14869,20569,7317,13252,50036,55844,-5808
2024-05-13,4949,8511,-3562,26439,40956,-14517,20614,7127,13487,52002,56594,-4592
2024-05-14,4966,9834,-4868,27521,37565,-10044,19868,7214,12654,52355,54613,-2258
2024-05-15,1681,9544,-7863,25226,28707,-3481,19751,7210,12541,46658,45461,1197
2024-05-16,2357,9387,-7030,25563,34051,-8488,18644,7154,11490,46564,50592,-4028
2024-05-17,2162,9044,-6882,25401,35049,-9648,17914,7309,10605,45477,51402,-5925
2024-05-20,2625,9142,-6517,27123,36377,-9254,17485,7309,10176,47233,52828,-5595
2024-05-21,2477,9890,-7413,28549,36784,-8235,17579,7312,10267,48605,53986,-5381
2024-05-22,3062,9999,-6937,33971,39634,-5663,18034,7143,10891,55067,56776,-1709
2024-05-23,2828,9109,-6281,31634,40359,-8725,17970,6998,10972,52432,56466,-4034
2024-05-24,2754,9068,-6314,32700,41102,-8402,17977,7068,10909,53431,57238,-3807
2024-05-27,3260,9380,-6120,33291,42588,-9297,18147,7026,11121,54698,58994,-4296
2024-05-28,3368,9800,-6432,33583,43743,-10160,18659,6813,11846,55610,60356,-4746
2024-05-29,3464,8395,-4931,31788,47253,-15465,18430,6966,11464,53682,62614,-8932
2024-05-30,3843,8632,-4789,32711,47123,-14412,18424,7344,11080,54978,63099,-8121
2024-05-31,4470,8470,-4000,36210,50269,-14059,18557,7426,11131,59237,66165,-6928
2024-06-03,4855,9728,-4873,36324,53023,-16699,19562,7176,12386,60741,69927,-9186
2024-06-04,4230,9210,-4980,31942,51031,-19089,19556,7384,12172,55728,67625,-11897
2024-06-05,2858,9688,-6830,33794,50240,-16446,19567,7328,12239,56219,67256,-11037
2024-06-06,2972,10962,-7990,35182,45710,-10528,19053,7067,11986,57207,63739,-6532
2024-06-07,3008,9683,-6675,34704,45310,-10606,18520,7071,11449,56232,62064,-5832
2024-06-11,2903,8503,-5600,29587,45437,-15850,18525,7000,11525,51015,60940,-9925
2024-06-12,3319,10108,-6789,33007,44146,-11139,18847,6985,11862,55173,61239,-6066
2024-06-13,4367,10457,-6090,32985,46303,-13318,19048,6768,12280,56400,63528,-7128
2024-06-14,4327,11206,-6879,34494,47349,-12855,19117,6668,12449,57938,65223,-7285
2024-06-17,3302,10195,-6893,34943,48135,-13192,19094,6661,12433,57339,64991,-7652
2024-06-18,3289,10766,-7477,37294,50232,-12938,19505,6574,12931,60088,67572,-7484
2024-06-19,2006,9870,-7864,31922,43518,-11596,19636,6298,13338,53564,59686,-6122
2024-06-20,2393,9913,-7520,33023,49551,-16528,20104,6174,13930,55520,65638,-10118
2024-06-21,2277,9288,-7011,31601,51749,-20148,19453,6230,13223,53331,67267,-13936
2024-06-24,2559,8727,-6168,29547,50694,-21147,19573,6591,12982,51679,66012,-14333
2024-06-25,3852,8309,-4457,29114,52227,-23113,19950,6585,13365,52916,67121,-14205
2024-06-26,3205,8818,-5613,28735,54387,-25652,20597,6497,14100,52537,69702,-17165
2024-06-27,3393,8648,-5255,28227,52629,-24402,20693,6501,14192,52313,67778,-15465
2024-06-28,3835,9225,-5390,29422,55931,-26509,21735,6409,15326,54992,71565,-16573
2024-07-01,3660,9475,-5815,30864,56808,-25944,22494,6409,16085,57018,72692,-15674
2024-07-02,3855,9959,-6104,30164,55139,-24975,22652,6531,16121,56671,71629,-14958
2024-07-03,3905,11014,-7109,29317,54777,-25460,24097,6332,17765,57319,72123,-14804
2024-07-04,3797,11542,-7745,29853,55479,-25626,24702,6013,18689,58352,73034,-14682
2024-07-05,4195,10925,-6730,27560,56058,-28498,25173,6014,19159,56928,72997,-16069
2024-07-08,4936,11742,-6806,28109,57541,-29432,25670,5807,19863,58715,75090,-16375
2024-07-09,6255,11749,-5494,24335,59120,-34785,27226,5796,21430,57816,76665,-18849
2024-07-10,5306,12195,-6889,24821,58449,-33628,27760,5793,21967,57887,76437,-18550
2024-07-11,4590,11645,-7055,23678,58927,-35249,28304,5623,22681,56572,76195,-19623
2024-07-12,6937,11921,-4984,24467,64796,-40329,28809,5919,22890,60213,82636,-22423
2024-07-15,5911,11736,-5825,24346,60564,-36218,26713,5918,20795,56970,78218,-21248
2024-07-16,6002,12031,-6029,24334,61468,-37134,27054,5838,21216,57390,79337,-21947
2024-07-17,5769,7643,-1874,18890,53732,-34842,26862,5959,20903,51521,67334,-15813
2024-07-18,7618,9045,-1427,18237,61270,-43033,27606,6088,21518,53461,76403,-22942
2024-07-19,8015,9168,-1153,18832,56069,-37237,27901,6321,21580,54748,71558,-16810
2024-07-22,10425,11175,-750,17956,58195,-40239,28235,6538,21697,56616,75908,-19292
2024-07-23,8027,10369,-2342,20659,53484,-32825,28590,6120,22470,57276,69973,-12697
2024-07-26,8964,10405,-1441,18517,55928,-37411,29366,6514,22852,56847,72847,-16000
2024-07-29,8386,10433,-2047,18143,54440,-36297,29165,6371,22794,55694,71244,-15550
2024-07-30,8737,10788,-2051,18307,57340,-39033,29249,6313,22936,56293,74441,-18148
2024-07-31,7614,10313,-2699,19315,56444,-37129,29258,6309,22949,56187,73066,-16879
